0,0,8.458
2,0,8.471
4,0,8.462
6,0,8.464
8,0,8.468
10,0,8.464
12,0,8.466
14,0,8.243
16,0,8.145
18,0,7.958
20,0,8.158
22,0,7.929
24,0,7.926
26,0,8.122
28,0,8.226
30,0,8.403
32,0,8.475
34,0,8.469
36,0,8.430
38,0,8.416
40,0,8.255
42,0,8.064
44,0,7.800
46,0,7.332
48,0,6.157
50,0,4.937
52,0,2.334
54,0,1.669
56,0,1.181
58,0,7.772
60,0,4.517
62,0,7.945
64,0,2.064
66,0,3.001
68,0,3.847
70,0,3.848
72,0,4.030
74,0,4.021
76,0,3.591
78,0,3.151
80,0,2.126
82,0,2.039
84,0,1.945
86,0,1.579
88,0,1.849
90,0,2.399
92,0,3.077
94,0,3.203
96,0,3.506
98,0,3.973
100,0,4.089
102,0,4.104
104,0,4.080
106,0,3.810
108,0,3.078
110,0,3.285
112,0,3.068
114,0,2.013
116,0,1.930
118,0,1.663
120,0,1.545
122,0,1.551
124,0,1.572
126,0,1.916
128,0,2.072
130,0,3.042
132,0,3.278
134,0,3.434
136,0,3.347
138,0,3.452
140,0,3.840
142,0,3.505
144,0,3.833
146,0,4.015
148,0,4.023
150,0,3.767
150,2,3.763
148,2,3.855
146,2,4.015
144,2,3.960
142,2,3.919
140,2,3.909
138,2,3.110
136,2,2.603
134,2,2.321
132,2,2.019
130,2,1.646
128,2,1.591
126,2,1.679
124,2,2.412
122,2,2.847
120,2,3.210
118,2,3.785
116,2,3.925
114,2,4.096
112,2,4.108
110,2,4.025
108,2,3.564
106,2,3.214
104,2,3.031
102,2,2.218
100,2,1.775
98,2,1.597
96,2,1.652
94,2,2.257
92,2,2.470
90,2,3.034
88,2,3.391
86,2,3.810
84,2,4.112
82,2,4.027
80,2,3.876
78,2,3.605
76,2,2.935
74,2,2.303
72,2,1.781
70,2,1.627
68,2,1.611
66,2,2.443
64,2,3.400
62,2,3.824
60,2,3.798
58,2,3.967
56,2,3.675
54,2,2.839
52,2,2.629
50,2,2.127
48,2,9.919
46,2,6.540
44,2,1.130
42,2,1.237
40,2,8.745
38,2,9.471
36,2,3.107
34,2,5.414
32,2,7.579
30,2,8.295
28,2,8.423
26,2,8.474
24,2,8.406
22,2,8.274
20,2,8.110
18,2,7.994
16,2,8.033
14,2,8.274
12,2,8.423
10,2,8.475
8,2,8.452
6,2,8.354
4,2,8.179
2,2,8.077
0,2,8.077
0,4,8.083
2,4,8.234
4,4,8.419
6,4,8.471
8,4,8.463
10,4,8.419
12,4,8.271
14,4,7.949
16,4,7.972
18,4,7.997
20,4,8.365
22,4,8.384
24,4,8.481
26,4,8.473
28,4,8.438
30,4,8.192
32,4,8.151
34,4,7.972
36,4,8.061
38,4,8.286
40,4,8.307
42,4,8.286
44,4,8.007
46,4,7.118
48,4,5.151
50,4,2.885
52,4,6.615
54,4,7.968
56,4,1.000
58,4,1.906
60,4,2.559
62,4,2.049
64,4,1.903
66,4,1.499
68,4,1.448
70,4,2.294
72,4,3.333
74,4,3.777
76,4,4.029
78,4,4.075
80,4,3.953
82,4,3.677
84,4,3.088
86,4,2.321
88,4,1.730
90,4,1.573
92,4,2.050
94,4,2.542
96,4,2.773
98,4,3.091
100,4,3.509
102,4,3.708
104,4,4.075
106,4,4.000
108,4,3.704
110,4,3.704
112,4,3.202
114,4,2.723
116,4,2.320
118,4,2.286
120,4,1.869
122,4,1.566
124,4,1.740
126,4,2.106
128,4,1.925
130,4,2.226
132,4,3.030
134,4,3.777
136,4,3.599
138,4,3.563
140,4,4.015
142,4,4.087
144,4,3.909
146,4,3.880
148,4,3.904
150,4,3.521
150,6,3.701
148,6,3.949
146,6,4.039
144,6,3.993
142,6,3.686
140,6,3.733
138,6,3.536
136,6,3.147
134,6,2.019
132,6,2.194
130,6,1.934
128,6,1.709
126,6,1.611
124,6,2.296
122,6,2.594
120,6,2.817
118,6,3.326
116,6,3.622
114,6,3.966
112,6,4.101
110,6,4.050
108,6,3.847
106,6,3.435
104,6,3.400
102,6,2.044
100,6,1.728
98,6,1.687
96,6,1.579
94,6,1.645
92,6,2.577
90,6,3.202
88,6,3.459
86,6,3.833
84,6,4.006
82,6,4.126
80,6,3.990
78,6,3.671
76,6,3.154
74,6,2.248
72,6,2.528
70,6,2.252
68,6,1.629
66,6,1.688
64,6,2.578
62,6,3.181
60,6,3.581
58,6,4.023
56,6,3.851
54,6,3.115
52,6,2.079
50,6,1.221
48,6,7.548
46,6,3.575
44,6,1.003
42,6,1.165
40,6,1.173
38,6,1.765
36,6,3.488
34,6,5.945
32,6,7.668
30,6,8.214
28,6,8.380
26,6,8.470
24,6,8.464
22,6,8.310
20,6,8.116
18,6,7.986
16,6,7.976
14,6,8.134
12,6,8.384
10,6,8.450
8,6,8.466
6,6,8.371
4,6,8.285
2,6,8.159
0,6,8.096
0,8,8.133
2,8,8.240
4,8,8.396
6,8,8.461
8,8,8.450
10,8,8.338
12,8,8.175
14,8,8.046
16,8,7.923
18,8,8.018
20,8,8.237
22,8,8.407
24,8,8.455
26,8,8.467
28,8,8.406
30,8,8.143
32,8,8.027
34,8,7.997
36,8,8.066
38,8,8.256
40,8,8.330
42,8,8.362
44,8,8.121
46,8,7.256
48,8,5.404
50,8,2.991
52,8,5.723
54,8,2.714
56,8,9.992
58,8,1.810
60,8,2.374
62,8,2.274
64,8,1.378
66,8,1.318
68,8,1.804
70,8,2.633
72,8,3.009
74,8,3.964
76,8,4.076
78,8,3.897
80,8,3.886
82,8,3.308
84,8,2.039
86,8,1.996
88,8,1.717
90,8,1.635
92,8,2.075
94,8,2.648
96,8,3.089
98,8,3.206
100,8,3.816
102,8,4.092
104,8,4.100
106,8,3.851
108,8,3.843
110,8,3.563
112,8,2.696
114,8,1.948
116,8,1.817
118,8,1.657
120,8,1.608
122,8,1.576
124,8,1.907
126,8,2.391
128,8,3.134
130,8,3.394
132,8,3.472
134,8,3.768
136,8,3.721
138,8,4.048
140,8,4.071
142,8,4.087
144,8,3.835
146,8,3.443
148,8,3.586
150,8,3.423
150,10,3.309
148,10,3.556
146,10,3.703
144,10,4.067
142,10,4.046
140,10,4.023
138,10,3.579
136,10,3.184
134,10,2.922
132,10,3.062
130,10,2.319
128,10,1.905
126,10,1.579
124,10,1.559
122,10,1.995
120,10,2.743
118,10,2.592
116,10,2.996
114,10,3.464
112,10,3.983
110,10,4.044
108,10,4.087
106,10,3.932
104,10,3.613
102,10,2.957
100,10,2.433
98,10,2.097
96,10,2.180
94,10,1.580
92,10,1.951
90,10,1.905
88,10,2.482
86,10,3.481
84,10,3.928
82,10,4.018
80,10,4.095
78,10,4.117
76,10,3.753
74,10,3.142
72,10,2.551
70,10,1.872
68,10,1.572
66,10,1.704
64,10,2.034
62,10,3.018
60,10,3.155
58,10,3.763
56,10,3.929
54,10,3.753
52,10,3.227
50,10,1.754
48,10,6.292
46,10,3.766
44,10,4.977
42,10,1.151
40,10,1.690
38,10,2.610
36,10,4.243
34,10,6.364
32,10,7.524
30,10,7.962
28,10,8.382
26,10,8.464
24,10,8.473
22,10,8.439
20,10,8.268
18,10,8.204
16,10,7.993
14,10,8.048
12,10,8.215
10,10,8.375
8,10,8.438
6,10,8.420
4,10,8.371
2,10,8.205
0,10,8.127
0,12,8.126
2,12,8.298
4,12,8.386
6,12,8.420
8,12,8.376
10,12,8.301
12,12,8.061
14,12,7.895
16,12,7.989
18,12,8.278
20,12,8.414
22,12,8.454
24,12,8.457
26,12,8.444
28,12,8.299
30,12,8.066
32,12,7.965
34,12,8.016
36,12,8.236
38,12,8.353
40,12,8.417
42,12,8.384
44,12,8.142
46,12,7.396
48,12,5.412
50,12,2.654
52,12,7.621
54,12,5.369
56,12,1.012
58,12,1.536
60,12,1.472
62,12,1.163
64,12,1.052
66,12,1.688
68,12,2.667
70,12,3.396
72,12,3.896
74,12,4.054
76,12,3.935
78,12,3.468
80,12,3.081
82,12,2.486
84,12,1.650
86,12,1.583
88,12,1.582
90,12,2.077
92,12,3.237
94,12,3.417
96,12,3.649
98,12,3.880
100,12,4.050
102,12,3.752
104,12,3.538
106,12,3.069
108,12,3.166
110,12,2.042
112,12,1.755
114,12,1.618
116,12,1.526
118,12,1.672
120,12,2.203
122,12,2.220
124,12,3.010
126,12,3.409
128,12,3.643
130,12,3.815
132,12,3.998
134,12,4.074
136,12,4.020
138,12,3.869
140,12,3.883
142,12,3.630
144,12,3.362
146,12,2.595
148,12,2.721
150,12,2.244
150,14,2.479
148,14,2.892
146,14,3.014
144,14,3.518
142,14,3.883
140,14,4.006
138,14,4.040
136,14,4.015
134,14,3.874
132,14,3.581
130,14,3.188
128,14,2.559
126,14,2.370
124,14,2.309
122,14,1.799
120,14,1.635
118,14,1.713
116,14,2.203
114,14,2.815
112,14,2.957
110,14,3.455
108,14,3.887
106,14,4.093
104,14,4.113
102,14,3.987
100,14,3.804
98,14,3.350
96,14,2.678
94,14,2.127
92,14,1.717
90,14,1.583
88,14,1.680
86,14,2.152
84,14,3.354
82,14,3.695
80,14,3.762
78,14,3.946
76,14,4.026
74,14,3.830
72,14,3.441
70,14,2.925
68,14,2.447
66,14,2.040
64,14,1.567
62,14,1.834
60,14,2.725
58,14,2.765
56,14,3.787
54,14,3.856
52,14,3.607
50,14,2.551
48,14,1.405
46,14,2.327
44,14,3.546
42,14,9.775
40,14,2.206
38,14,3.426
36,14,5.058
34,14,6.633
32,14,7.512
30,14,7.948
28,14,8.238
26,14,8.335
24,14,8.383
22,14,8.388
20,14,8.309
18,14,8.149
16,14,7.892
14,14,7.769
12,14,7.849
10,14,7.877
8,14,8.121
6,14,8.269
4,14,8.191
2,14,8.135
0,14,7.986
0,16,7.630
2,16,7.950
4,16,8.088
6,16,8.102
8,16,7.934
10,16,7.639
12,16,7.560
14,16,7.698
16,16,8.016
18,16,8.133
20,16,8.261
22,16,8.307
24,16,8.204
26,16,8.057
28,16,7.944
30,16,7.878
32,16,7.904
34,16,8.135
36,16,8.320
38,16,8.379
40,16,8.396
42,16,8.326
44,16,8.062
46,16,7.150
48,16,5.198
50,16,3.020
52,16,1.516
54,16,1.153
56,16,1.194
58,16,7.625
60,16,3.494
62,16,7.213
64,16,1.156
66,16,1.914
68,16,3.285
70,16,3.957
72,16,3.874
74,16,3.341
76,16,3.399
78,16,2.676
80,16,2.066
82,16,1.525
84,16,1.773
86,16,2.272
88,16,2.945
90,16,3.275
92,16,3.800
94,16,4.013
96,16,4.082
98,16,3.923
100,16,3.829
102,16,3.161
104,16,2.551
106,16,2.202
108,16,2.110
110,16,1.616
112,16,1.696
114,16,2.446
116,16,2.304
118,16,2.160
120,16,2.766
122,16,3.140
124,16,3.875
126,16,4.059
128,16,4.062
130,16,4.020
132,16,3.944
134,16,3.895
136,16,3.728
138,16,3.066
140,16,3.068
142,16,2.770
144,16,2.088
146,16,1.645
148,16,1.567
150,16,1.576
150,18,1.654
148,18,1.632
146,18,2.114
144,18,2.806
142,18,3.028
140,18,3.358
138,18,3.902
136,18,4.067
134,18,3.995
132,18,3.963
130,18,4.006
128,18,3.887
126,18,3.283
124,18,3.062
122,18,2.344
120,18,1.892
118,18,1.667
116,18,1.560
114,18,1.653
112,18,1.871
110,18,2.090
108,18,2.959
106,18,3.778
104,18,3.760
102,18,3.990
100,18,4.117
98,18,4.052
96,18,3.821
94,18,3.246
92,18,2.466
90,18,1.834
88,18,1.739
86,18,1.628
84,18,1.918
82,18,2.383
80,18,2.769
78,18,3.241
76,18,3.808
74,18,4.103
72,18,4.050
70,18,3.654
68,18,3.339
66,18,2.607
64,18,1.891
62,18,1.584
60,18,1.505
58,18,1.903
56,18,2.677
54,18,3.549
52,18,3.534
50,18,3.069
48,18,2.013
46,18,4.045
44,18,5.675
42,18,5.970
40,18,2.241
38,18,4.096
36,18,5.755
34,18,6.989
32,18,7.369
30,18,7.356
28,18,7.333
26,18,7.453
24,18,7.683
22,18,7.766
20,18,7.702
18,18,7.458
16,18,6.897
14,18,6.547
12,18,6.361
10,18,6.466
8,18,6.981
6,18,7.195
4,18,7.257
2,18,7.079
0,18,6.686
0,20,5.698
2,20,6.372
4,20,6.519
6,20,6.490
8,20,5.930
10,20,5.382
12,20,5.587
14,20,6.063
16,20,6.533
18,20,6.958
20,20,7.287
22,20,7.289
24,20,7.089
26,20,6.798
28,20,6.614
30,20,6.842
32,20,7.345
34,20,7.714
36,20,7.914
38,20,8.007
40,20,7.986
42,20,7.909
44,20,7.465
46,20,6.726
48,20,5.504
50,20,3.522
52,20,2.402
54,20,1.670
56,20,1.005
58,20,3.501
60,20,2.374
62,20,9.813
64,20,2.280
66,20,3.489
68,20,3.850
70,20,3.792
72,20,3.293
74,20,3.024
76,20,2.913
78,20,3.112
80,20,1.816
82,20,2.380
84,20,2.748
86,20,3.279
88,20,3.960
90,20,3.989
92,20,3.992
94,20,3.976
96,20,3.813
98,20,3.458
100,20,3.110
102,20,2.009
104,20,1.837
106,20,1.597
108,20,1.601
110,20,1.869
112,20,2.443
114,20,3.209
116,20,2.775
118,20,3.240
120,20,3.968
122,20,4.076
124,20,3.944
126,20,4.021
128,20,3.703
130,20,3.354
132,20,3.760
134,20,3.008
136,20,2.041
138,20,2.098
140,20,1.654
142,20,1.638
144,20,1.632
146,20,1.797
148,20,1.899
150,20,1.971
150,22,1.775
148,22,1.801
146,22,1.978
144,22,2.294
142,22,1.718
140,22,2.039
138,22,3.117
136,22,3.724
134,22,3.610
132,22,3.598
130,22,3.715
128,22,4.059
126,22,3.958
124,22,3.800
122,22,3.394
120,22,3.298
118,22,2.461
116,22,2.069
114,22,1.767
112,22,1.607
110,22,1.598
108,22,1.796
106,22,2.095
104,22,3.124
102,22,3.588
100,22,3.708
98,22,3.977
96,22,4.052
94,22,4.055
92,22,3.845
90,22,3.640
88,22,3.336
86,22,2.080
84,22,1.565
82,22,1.771
80,22,1.744
78,22,2.124
76,22,3.215
74,22,3.787
72,22,3.938
70,22,4.052
68,22,3.717
66,22,3.688
64,22,3.260
62,22,2.247
60,22,1.612
58,22,1.719
56,22,1.771
54,22,1.730
52,22,2.679
50,22,2.834
48,22,2.161
46,22,1.128
44,22,8.905
42,22,4.422
40,22,2.030
38,22,3.895
36,22,5.485
34,22,6.222
32,22,6.025
30,22,5.445
28,22,4.397
26,22,4.349
24,22,4.880
22,22,5.579
20,22,5.525
18,22,5.107
16,22,4.994
14,22,4.019
12,22,2.929
10,22,2.730
8,22,3.177
6,22,4.493
4,22,5.063
2,22,4.658
0,22,3.790
0,24,4.021
2,24,4.558
4,24,4.641
6,24,3.270
8,24,1.877
10,24,1.793
12,24,2.166
14,24,3.053
16,24,4.329
18,24,4.951
20,24,5.160
22,24,4.627
24,24,3.471
26,24,3.110
28,24,3.051
30,24,3.667
32,24,3.945
34,24,4.722
36,24,5.801
38,24,6.120
40,24,6.120
42,24,5.538
44,24,5.108
46,24,5.390
48,24,4.994
50,24,4.055
52,24,2.936
54,24,1.796
56,24,6.332
58,24,6.013
60,24,3.021
62,24,1.536
64,24,2.959
66,24,3.362
68,24,3.029
70,24,2.856
72,24,2.307
74,24,1.655
76,24,1.671
78,24,1.897
80,24,2.390
82,24,2.648
84,24,3.391
86,24,4.047
88,24,4.080
90,24,3.973
92,24,3.697
94,24,3.472
96,24,3.602
98,24,3.117
100,24,3.771
102,24,2.419
104,24,1.847
106,24,2.211
108,24,3.634
110,24,3.122
112,24,3.824
114,24,3.602
116,24,3.852
118,24,3.896
120,24,3.731
122,24,2.742
124,24,2.863
126,24,2.993
128,24,3.547
130,24,3.448
132,24,2.672
134,24,1.721
136,24,2.018
138,24,1.882
140,24,1.637
142,24,1.530
144,24,1.968
146,24,2.258
148,24,2.499
150,24,3.249
150,26,2.973
148,26,3.051
146,26,2.421
144,26,2.128
142,26,1.566
140,26,1.574
138,26,1.755
136,26,2.221
134,26,2.306
132,26,2.964
130,26,3.638
128,26,3.477
126,26,3.872
124,26,4.060
122,26,4.042
120,26,3.971
118,26,3.411
116,26,3.281
114,26,2.842
112,26,1.959
110,26,2.238
108,26,2.079
106,26,1.722
104,26,2.405
102,26,2.526
100,26,3.016
98,26,3.585
96,26,3.793
94,26,4.063
92,26,4.084
90,26,3.967
88,26,3.576
86,26,3.305
84,26,2.189
82,26,1.828
80,26,1.941
78,26,1.835
76,26,2.101
74,26,2.829
72,26,3.253
70,26,3.775
68,26,3.927
66,26,4.097
64,26,3.945
62,26,3.291
60,26,2.552
58,26,1.836
56,26,1.395
54,26,1.358
52,26,1.725
50,26,2.358
48,26,1.974
46,26,1.028
44,26,2.339
42,26,1.885
40,26,1.505
38,26,3.230
36,26,4.331
34,26,4.657
32,26,3.755
30,26,2.372
28,26,1.407
26,26,1.385
24,26,2.349
22,26,2.927
20,26,3.910
18,26,4.124
16,26,3.909
14,26,3.011
12,26,1.393
10,26,1.004
8,26,1.483
6,26,2.990
4,26,3.493
2,26,3.818
0,26,3.600
0,28,3.221
2,28,3.254
4,28,2.948
6,28,1.261
8,28,9.724
10,28,1.012
12,28,2.544
14,28,3.408
16,28,3.752
18,28,3.691
20,28,3.276
22,28,2.330
24,28,1.875
26,28,1.047
28,28,1.127
30,28,2.421
32,28,3.522
34,28,4.098
36,28,4.259
38,28,4.197
40,28,3.550
42,28,2.439
44,28,1.772
46,28,2.159
48,28,2.772
50,28,3.171
52,28,2.691
54,28,1.575
56,28,6.149
58,28,9.314
60,28,1.008
62,28,2.087
64,28,2.900
66,28,3.391
68,28,2.747
70,28,1.819
72,28,1.596
74,28,1.632
76,28,1.797
78,28,2.997
80,28,3.323
82,28,3.605
84,28,4.084
86,28,3.924
88,28,3.875
90,28,3.813
92,28,3.452
94,28,2.541
96,28,1.881
98,28,1.676
100,28,1.601
102,28,1.835
104,28,2.287
106,28,2.891
108,28,3.468
110,28,3.708
112,28,3.965
114,28,4.084
116,28,3.997
118,28,3.738
120,28,3.428
122,28,2.890
124,28,2.752
126,28,2.087
128,28,2.363
130,28,1.670
132,28,1.594
134,28,1.594
136,28,1.677
138,28,2.163
140,28,2.706
142,28,2.668
144,28,3.427
146,28,3.398
148,28,3.679
150,28,4.048
150,30,4.038
148,30,3.857
146,30,3.169
144,30,3.046
142,30,2.170
140,30,1.981
138,30,2.148
136,30,1.639
134,30,1.805
132,30,1.883
130,30,2.037
128,30,3.021
126,30,3.447
124,30,3.441
122,30,3.895
120,30,4.055
118,30,4.022
116,30,4.022
114,30,3.716
112,30,3.397
110,30,2.862
108,30,2.326
106,30,1.939
104,30,1.626
102,30,1.542
100,30,1.900
98,30,2.667
96,30,3.041
94,30,3.360
92,30,3.972
90,30,4.055
88,30,4.103
86,30,3.791
84,30,3.475
82,30,3.020
80,30,2.767
78,30,1.922
76,30,1.641
74,30,1.641
72,30,2.183
70,30,2.643
68,30,3.362
66,30,3.915
64,30,3.955
62,30,3.926
60,30,3.604
58,30,2.919
56,30,2.484
54,30,1.167
52,30,9.468
50,30,1.228
48,30,1.461
46,30,1.055
44,30,4.266
42,30,1.004
40,30,6.335
38,30,1.812
36,30,3.224
34,30,3.562
32,30,3.468
30,30,2.193
28,30,1.372
26,30,7.206
24,30,9.328
22,30,1.591
20,30,2.417
18,30,3.154
16,30,3.146
14,30,2.756
12,30,2.040
10,30,5.436
8,30,5.244
6,30,7.473
4,30,1.327
2,30,2.066
0,30,2.384
0,32,2.194
2,32,1.396
4,32,3.454
6,32,2.411
8,32,2.739
10,32,1.204
12,32,2.278
14,32,2.485
16,32,2.411
18,32,1.698
20,32,1.072
22,32,7.560
24,32,4.936
26,32,8.710
28,32,1.484
30,32,2.660
32,32,3.329
34,32,3.226
36,32,2.746
38,32,1.867
40,32,1.091
42,32,6.933
44,32,1.059
46,32,1.848
48,32,2.719
50,32,2.958
52,32,2.363
54,32,1.289
56,32,2.807
58,32,2.687
60,32,1.136
62,32,2.112
64,32,2.481
66,32,2.007
68,32,1.470
70,32,1.393
72,32,1.524
74,32,1.921
76,32,2.726
78,32,3.817
80,32,4.010
82,32,4.068
84,32,4.086
86,32,3.576
88,32,2.676
90,32,2.397
92,32,1.713
94,32,1.692
96,32,1.583
98,32,2.459
100,32,2.637
102,32,2.863
104,32,3.025
106,32,3.444
108,32,4.058
110,32,4.092
112,32,3.949
114,32,3.770
116,32,3.625
118,32,3.165
120,32,2.524
122,32,2.095
124,32,1.692
126,32,1.579
128,32,1.573
130,32,1.597
132,32,1.877
134,32,2.603
136,32,3.152
138,32,3.411
140,32,3.728
142,32,3.667
144,32,3.943
146,32,4.050
148,32,4.078
150,32,4.035
150,34,4.082
148,34,4.015
146,34,3.995
144,34,3.913
142,34,3.751
140,34,2.994
138,34,2.834
136,34,2.275
134,34,1.625
132,34,1.630
130,34,1.695
128,34,1.746
126,34,2.277
124,34,2.823
122,34,3.315
120,34,3.563
118,34,3.847
116,34,4.016
114,34,4.059
112,34,3.861
110,34,3.559
108,34,3.412
106,34,2.978
104,34,2.497
102,34,1.844
100,34,1.816
98,34,1.578
96,34,1.727
94,34,2.167
92,34,2.803
90,34,3.488
88,34,3.938
86,34,4.068
84,34,4.093
82,34,4.013
80,34,3.864
78,34,2.975
76,34,1.920
74,34,1.617
72,34,1.545
70,34,1.755
68,34,2.163
66,34,2.802
64,34,3.510
62,34,3.844
60,34,3.909
58,34,3.886
56,34,3.289
54,34,1.804
52,34,8.945
50,34,3.489
48,34,4.656
46,34,7.694
44,34,5.105
42,34,1.614
40,34,1.047
38,34,8.001
36,34,1.423
34,34,2.176
32,34,3.011
30,34,2.757
28,34,2.137
26,34,1.769
24,34,4.475
22,34,2.809
20,34,3.923
18,34,1.115
16,34,2.288
14,34,2.617
12,34,2.669
10,34,2.525
8,34,1.264
6,34,6.515
4,34,5.746
2,34,1.093
0,34,1.827
0,36,2.235
2,36,1.246
4,36,1.371
6,36,2.249
8,36,2.579
10,36,3.210
12,36,3.271
14,36,2.421
16,36,1.775
18,36,9.793
20,36,4.238
22,36,7.694
24,36,1.295
26,36,1.714
28,36,2.751
30,36,2.771
32,36,2.386
34,36,2.377
36,36,6.977
38,36,3.397
40,36,3.654
42,36,8.550
44,36,1.630
46,36,2.687
48,36,2.942
50,36,2.534
52,36,1.566
54,36,8.334
56,36,2.215
58,36,4.359
60,36,1.215
62,36,1.782
64,36,1.487
66,36,1.154
68,36,1.247
70,36,1.892
72,36,2.522
74,36,3.509
76,36,3.795
78,36,4.040
80,36,3.882
82,36,3.820
84,36,3.245
86,36,2.272
88,36,1.572
90,36,1.687
92,36,1.611
94,36,2.358
96,36,2.897
98,36,3.207
100,36,3.446
102,36,3.671
104,36,4.068
106,36,3.961
108,36,3.859
110,36,3.560
112,36,3.162
114,36,2.762
116,36,2.275
118,36,1.871
120,36,1.548
122,36,1.569
124,36,1.987
126,36,2.634
128,36,2.958
130,36,3.228
132,36,3.551
134,36,3.751
136,36,3.972
138,36,4.041
140,36,4.058
142,36,4.078
144,36,4.045
146,36,3.679
148,36,3.541
150,36,3.330
150,38,3.446
148,38,3.333
146,38,3.870
144,38,4.008
142,38,4.043
140,38,4.052
138,38,3.879
136,38,3.585
134,38,3.280
132,38,2.670
130,38,2.358
128,38,1.901
126,38,1.579
124,38,1.661
122,38,1.733
120,38,2.361
118,38,2.902
116,38,2.925
114,38,3.636
112,38,3.982
110,38,4.067
108,38,4.091
106,38,3.938
104,38,3.745
102,38,2.854
100,38,2.521
98,38,2.291
96,38,1.840
94,38,1.602
92,38,1.777
90,38,1.873
88,38,2.688
86,38,3.521
84,38,3.887
82,38,3.884
80,38,4.042
78,38,4.029
76,38,3.559
74,38,2.848
72,38,2.830
70,38,2.207
68,38,1.601
66,38,1.740
64,38,1.912
62,38,2.365
60,38,3.463
58,38,3.868
56,38,3.591
54,38,3.096
52,38,1.641
50,38,4.107
48,38,9.629
46,38,4.402
44,38,8.086
42,38,9.550
40,38,1.244
38,38,1.181
36,38,1.441
34,38,2.091
32,38,3.147
30,38,4.029
28,38,4.363
26,38,3.908
24,38,3.873
22,38,3.530
20,38,2.104
18,38,2.296
16,38,2.493
14,38,3.983
12,38,5.120
10,38,5.511
8,38,5.454
6,38,4.711
4,38,4.223
2,38,3.818
0,38,3.667
0,40,5.135
2,40,5.190
4,40,5.740
6,40,6.225
8,40,6.357
10,40,6.215
12,40,5.572
14,40,4.950
16,40,4.234
18,40,4.315
20,40,4.168
22,40,4.551
24,40,4.661
26,40,4.817
28,40,4.646
30,40,4.107
32,40,2.796
34,40,2.015
36,40,1.913
38,40,2.398
40,40,2.994
42,40,3.425
44,40,4.062
46,40,4.094
48,40,3.640
50,40,2.611
52,40,1.069
54,40,1.825
56,40,1.865
58,40,5.871
60,40,9.154
62,40,6.725
64,40,4.887
66,40,7.726
68,40,1.662
70,40,2.709
72,40,3.635
74,40,3.919
76,40,3.949
78,40,3.412
80,40,3.148
82,40,2.784
84,40,1.914
86,40,1.550
88,40,1.939
90,40,2.010
92,40,2.674
94,40,3.468
96,40,3.891
98,40,4.021
100,40,4.052
102,40,3.996
104,40,3.790
106,40,3.463
108,40,2.944
110,40,2.711
112,40,1.867
114,40,1.543
116,40,1.653
118,40,1.675
120,40,1.858
122,40,2.222
124,40,3.080
126,40,3.754
128,40,3.872
130,40,3.987
132,40,4.034
134,40,4.039
136,40,4.019
138,40,4.033
140,40,3.888
142,40,3.480
144,40,2.666
146,40,2.551
148,40,2.339
150,40,2.056
150,42,2.187
148,42,2.539
146,42,3.023
144,42,3.295
142,42,3.622
140,42,3.943
138,42,4.061
136,42,4.015
134,42,3.965
132,42,3.590
130,42,3.353
128,42,2.708
126,42,2.324
124,42,2.174
122,42,1.611
120,42,1.675
118,42,2.028
116,42,1.990
114,42,2.637
112,42,3.235
110,42,3.709
108,42,3.945
106,42,4.010
104,42,4.073
102,42,3.993
100,42,3.736
98,42,3.541
96,42,3.365
94,42,2.264
92,42,1.750
90,42,1.595
88,42,1.962
86,42,1.950
84,42,2.552
82,42,3.203
80,42,3.558
78,42,3.861
76,42,4.011
74,42,3.839
72,42,3.346
70,42,3.089
68,42,2.476
66,42,1.648
64,42,1.500
62,42,2.251
60,42,2.409
58,42,2.637
56,42,3.522
54,42,3.178
52,42,2.085
50,42,1.126
48,42,2.839
46,42,2.333
44,42,1.196
42,42,2.392
40,42,3.785
38,42,4.656
36,42,4.991
34,42,5.003
32,42,5.324
30,42,5.635
28,42,6.664
26,42,7.073
24,42,7.124
22,42,7.106
20,42,6.958
18,42,6.586
16,42,6.439
14,42,6.664
12,42,7.089
10,42,7.695
8,42,7.945
6,42,7.982
4,42,7.810
2,42,7.425
0,42,7.294
0,44,7.821
2,44,8.088
4,44,8.133
6,44,8.173
8,44,8.005
10,44,7.872
12,44,7.548
14,44,7.419
16,44,7.535
18,44,7.740
20,44,7.802
22,44,7.817
24,44,7.651
26,44,7.351
28,44,7.076
30,44,6.249
32,44,6.050
34,44,6.208
36,44,6.571
38,44,6.732
40,44,6.655
42,44,6.844
44,44,6.509
46,44,6.179
48,44,5.253
50,44,3.845
52,44,2.710
54,44,1.719
56,44,1.343
58,44,1.038
60,44,5.965
62,44,3.256
64,44,3.328
66,44,1.410
68,44,2.829
70,44,3.636
72,44,3.860
74,44,3.604
76,44,3.461
78,44,3.533
80,44,2.597
82,44,1.797
84,44,1.955
86,44,2.280
88,44,3.145
90,44,3.426
92,44,3.530
94,44,3.948
96,44,4.003
98,44,3.871
100,44,3.672
102,44,3.116
104,44,2.733
106,44,2.152
108,44,1.638
110,44,1.645
112,44,1.646
114,44,1.617
116,44,2.295
118,44,2.836
120,44,3.117
122,44,3.418
124,44,3.705
126,44,4.018
128,44,4.024
130,44,3.951
132,44,4.011
134,44,3.809
136,44,3.211
138,44,2.962
140,44,2.659
142,44,2.762
144,44,1.884
146,44,1.599
148,44,1.585
150,44,1.845
150,46,1.625
148,46,1.614
146,46,2.122
144,46,2.071
142,46,2.751
140,46,3.266
138,46,3.352
136,46,3.735
134,46,4.032
132,46,4.033
130,46,4.023
128,46,3.118
126,46,3.570
124,46,3.626
122,46,2.810
120,46,2.014
118,46,1.581
116,46,1.530
114,46,1.540
112,46,1.908
110,46,2.183
108,46,2.512
106,46,3.100
104,46,3.899
102,46,3.901
100,46,4.074
98,46,3.954
96,46,3.801
94,46,3.486
92,46,2.826
90,46,1.918
88,46,1.816
86,46,1.547
84,46,1.865
82,46,2.176
80,46,3.159
78,46,3.035
76,46,3.743
74,46,3.986
72,46,4.058
70,46,3.721
68,46,3.609
66,46,2.686
64,46,2.369
62,46,1.426
60,46,1.692
58,46,1.802
56,46,2.650
54,46,2.732
52,46,2.337
50,46,1.302
48,46,2.033
46,46,2.734
44,46,1.610
42,46,3.619
40,46,5.773
38,46,7.261
36,46,7.799
34,46,7.841
32,46,7.579
30,46,7.508
28,46,7.604
26,46,7.942
24,46,8.227
22,46,8.308
20,46,8.326
18,46,8.325
16,46,8.282
14,46,8.115
12,46,7.892
10,46,8.002
8,46,8.108
6,46,8.352
4,46,8.408
2,46,8.393
0,46,8.252
0,48,8.418
2,48,8.444
4,48,8.439
6,48,8.265
8,48,8.060
10,48,7.918
12,48,8.000
14,48,8.216
16,48,8.368
18,48,8.422
20,48,8.408
22,48,8.319
24,48,8.051
26,48,7.845
28,48,7.799
30,48,7.830
32,48,7.991
34,48,8.255
36,48,8.284
38,48,8.276
40,48,8.207
42,48,8.003
44,48,7.796
46,48,7.478
48,48,7.359
50,48,7.037
52,48,6.128
54,48,4.477
56,48,3.052
58,48,1.482
60,48,3.985
62,48,8.211
64,48,6.152
66,48,2.253
68,48,3.228
70,48,3.597
72,48,3.335
74,48,3.248
76,48,2.320
78,48,1.595
80,48,1.735
82,48,2.419
84,48,2.840
86,48,3.408
88,48,3.916
90,48,3.972
92,48,4.041
94,48,3.984
96,48,3.706
98,48,3.460
100,48,2.396
102,48,2.449
104,48,2.327
106,48,1.633
108,48,1.597
110,48,2.311
112,48,3.391
114,48,3.154
116,48,3.815
118,48,3.855
120,48,3.971
122,48,3.975
124,48,4.006
126,48,3.221
128,48,2.963
130,48,2.936
132,48,3.345
134,48,3.113
136,48,2.614
138,48,1.787
140,48,1.586
142,48,1.553
144,48,1.815
146,48,2.048
148,48,2.612
150,48,2.896
150,50,2.623
148,50,1.891
146,50,1.656
144,50,1.619
142,50,1.609
140,50,1.567
138,50,2.057
136,50,2.910
134,50,3.242
132,50,3.726
130,50,3.981
128,50,4.038
126,50,4.059
124,50,4.022
122,50,3.629
120,50,3.555
118,50,3.253
116,50,2.239
114,50,1.915
112,50,1.796
110,50,1.622
108,50,1.820
106,50,2.405
104,50,2.578
102,50,2.908
100,50,3.551
98,50,3.780
96,50,3.955
94,50,4.003
92,50,3.615
90,50,3.330
88,50,3.269
86,50,2.291
84,50,1.716
82,50,1.592
80,50,1.586
78,50,1.984
76,50,2.239
74,50,3.271
72,50,3.785
70,50,4.050
68,50,3.972
66,50,3.747
64,50,3.295
62,50,2.483
60,50,1.802
58,50,1.181
56,50,1.413
54,50,1.785
52,50,1.760
50,50,1.372
48,50,3.594
46,50,2.534
44,50,1.500
42,50,4.337
40,50,6.680
38,50,7.821
36,50,8.242
34,50,8.303
32,50,8.313
30,50,8.117
28,50,7.896
26,50,7.907
24,50,8.080
22,50,8.208
20,50,8.365
18,50,8.459
16,50,8.434
14,50,8.305
12,50,8.191
10,50,8.077
8,50,7.972
6,50,8.162
4,50,8.363
2,50,8.455
0,50,8.459
0,52,8.451
2,52,8.425
4,52,8.252
6,52,8.004
8,52,7.956
10,52,8.219
12,52,8.305
14,52,8.431
16,52,8.474
18,52,8.404
20,52,8.292
22,52,8.061
24,52,7.954
26,52,7.898
28,52,8.102
30,52,8.316
32,52,8.411
34,52,8.436
36,52,8.435
38,52,8.231
40,52,8.039
42,52,7.807
44,52,7.753
46,52,7.890
48,52,8.016
50,52,7.943
52,52,7.328
54,52,5.992
56,52,3.825
58,52,1.704
60,52,2.597
62,52,1.588
64,52,1.352
66,52,2.443
68,52,2.858
70,52,2.465
72,52,2.551
74,52,2.187
76,52,1.489
78,52,1.848
80,52,2.618
82,52,3.250
84,52,3.785
86,52,4.006
88,52,4.044
90,52,4.035
92,52,3.802
94,52,2.985
96,52,2.358
98,52,2.451
100,52,1.805
102,52,1.563
104,52,2.052
106,52,2.209
108,52,2.372
110,52,3.437
112,52,3.820
114,52,3.989
116,52,4.051
118,52,4.060
120,52,3.692
122,52,3.588
124,52,3.475
126,52,3.052
128,52,2.367
130,52,2.164
132,52,1.695
134,52,1.621
136,52,1.626
138,52,1.724
140,52,1.702
142,52,1.804
144,52,2.320
146,52,3.112
148,52,3.544
150,52,3.413
150,54,3.519
148,54,3.273
146,54,2.650
144,54,2.108
142,54,1.890
140,54,1.615
138,54,1.500
136,54,1.577
134,54,1.872
132,54,2.291
130,54,2.809
128,54,3.574
126,54,3.866
124,54,4.017
122,54,4.061
120,54,4.028
118,54,3.753
116,54,3.522
114,54,2.787
112,54,2.504
110,54,2.350
108,54,1.896
106,54,1.522
104,54,2.132
102,54,2.570
100,54,2.095
98,54,2.868
96,54,3.476
94,54,3.956
92,54,4.067
90,54,3.920
88,54,4.032
86,54,3.697
84,54,2.815
82,54,1.911
80,54,1.657
78,54,1.532
76,54,1.581
74,54,1.648
72,54,2.196
70,54,3.037
68,54,3.817
66,54,4.010
64,54,3.804
62,54,3.537
60,54,1.855
58,54,1.103
56,54,8.425
54,54,8.079
52,54,7.654
50,54,9.292
48,54,1.307
46,54,1.022
44,54,1.729
42,54,4.087
40,54,6.472
38,54,7.644
36,54,8.176
34,54,8.367
32,54,8.408
30,54,8.279
28,54,8.128
26,54,7.983
24,54,7.877
22,54,7.930
20,54,8.164
18,54,8.347
16,54,8.463
14,54,8.453
12,54,8.415
10,54,8.154
8,54,7.906
6,54,7.966
4,54,8.074
2,54,8.288
0,54,8.379
0,56,8.251
2,56,7.917
4,56,7.725
6,56,7.769
8,56,8.073
10,56,8.204
12,56,8.341
14,56,8.433
16,56,8.401
18,56,8.373
20,56,7.980
22,56,7.977
24,56,8.249
26,56,8.393
28,56,8.438
30,56,8.445
32,56,8.441
34,56,8.291
36,56,7.934
38,56,7.936
40,56,7.812
42,56,7.908
44,56,8.135
46,56,8.292
48,56,8.298
50,56,8.122
52,56,7.505
54,56,5.839
56,56,3.826
58,56,1.697
60,56,9.442
62,56,2.850
64,56,1.316
66,56,1.956
68,56,1.754
70,56,1.218
72,56,1.386
74,56,1.928
76,56,2.572
78,56,3.185
80,56,3.353
82,56,3.670
84,56,4.007
86,56,3.901
88,56,3.598
90,56,2.765
92,56,2.559
94,56,1.763
96,56,1.588
98,56,1.736
100,56,2.008
102,56,2.110
104,56,2.877
106,56,3.810
108,56,4.032
110,56,3.989
112,56,3.871
114,56,3.906
116,56,3.710
118,56,3.818
120,56,2.848
122,56,1.733
124,56,1.781
126,56,2.934
128,56,2.083
130,56,1.838
132,56,2.002
134,56,1.705
136,56,2.412
138,56,2.491
140,56,3.304
142,56,3.821
144,56,3.718
146,56,3.936
148,56,3.972
150,56,4.040
150,58,3.880
148,58,3.993
146,58,4.028
144,58,3.683
142,58,3.120
140,58,3.297
138,58,2.682
136,58,1.614
134,58,1.560
132,58,1.611
130,58,1.642
128,58,2.059
126,58,2.517
124,58,2.753
122,58,3.511
120,58,3.798
118,58,4.000
116,58,4.027
114,58,3.913
112,58,3.697
110,58,3.634
108,58,3.590
106,58,2.983
104,58,2.455
102,58,1.925
100,58,1.536
98,58,1.931
96,58,2.677
94,58,2.674
92,58,2.912
90,58,3.616
88,58,3.878
86,58,4.057
84,58,3.938
82,58,3.812
80,58,3.157
78,58,2.584
76,58,1.781
74,58,1.499
72,58,1.649
70,58,2.329
68,58,2.783
66,58,3.271
64,58,3.849
62,58,3.806
60,58,3.365
58,58,2.525
56,58,1.270
54,58,3.811
52,58,2.699
50,58,5.572
48,58,1.121
46,58,1.655
44,58,2.615
42,58,3.523
40,58,5.023
38,58,6.644
36,58,7.573
34,58,7.999
32,58,8.326
30,58,8.384
28,58,8.357
26,58,8.246
24,58,8.052
22,58,7.847
20,58,7.781
18,58,7.958
16,58,8.166
14,58,8.303
12,58,8.333
10,58,8.212
8,58,8.048
6,58,7.707
4,58,7.435
2,58,7.544
0,58,7.926
0,60,7.697
2,60,7.356
4,60,7.335
6,60,7.707
8,60,8.059
10,60,8.165
12,60,8.192
14,60,8.146
16,60,8.003
18,60,7.873
20,60,7.611
22,60,7.845
24,60,8.053
26,60,8.255
28,60,8.354
30,60,8.225
32,60,8.316
34,60,8.060
36,60,7.820
38,60,7.799
40,60,7.781
42,60,8.168
44,60,8.015
46,60,8.201
48,60,8.100
50,60,7.680
52,60,6.654
54,60,4.767
56,60,2.244
58,60,9.028
60,60,6.104
62,60,7.964
64,60,1.233
66,60,1.377
68,60,9.817
70,60,1.076
72,60,1.895
74,60,2.972
76,60,3.919
78,60,3.932
80,60,3.946
82,60,3.973
84,60,3.547
86,60,3.102
88,60,2.216
90,60,2.658
92,60,2.118
94,60,1.776
96,60,1.890
98,60,2.789
100,60,3.052
102,60,3.492
104,60,3.550
106,60,3.986
108,60,3.996
110,60,4.012
112,60,3.962
114,60,3.456
116,60,3.097
118,60,2.097
120,60,1.600
122,60,1.562
124,60,1.565
126,60,1.856
128,60,1.965
130,60,3.092
132,60,3.479
134,60,3.179
136,60,3.363
138,60,3.423
140,60,3.982
142,60,4.007
144,60,3.979
146,60,3.918
148,60,3.801
150,60,3.976
150,62,3.907
148,62,4.013
146,62,3.911
144,62,3.757
142,62,3.805
140,62,3.789
138,62,3.315
136,62,3.181
134,62,2.271
132,62,1.797
130,62,1.623
128,62,1.579
126,62,1.647
124,62,2.063
122,62,2.528
120,62,2.394
118,62,2.449
116,62,3.671
114,62,3.909
112,62,4.022
110,62,4.035
108,62,3.696
106,62,3.012
104,62,2.756
102,62,1.927
100,62,1.883
98,62,1.528
96,62,1.594
94,62,1.752
92,62,2.176
90,62,2.866
88,62,3.674
86,62,3.942
84,62,3.981
82,62,4.039
80,62,3.918
78,62,3.292
76,62,2.850
74,62,1.924
72,62,1.526
70,62,1.594
68,62,1.592
66,62,2.572
64,62,2.752
62,62,3.745
60,62,3.678
58,62,3.236
56,62,2.315
54,62,1.056
52,62,1.241
50,62,7.191
48,62,5.819
46,62,1.429
44,62,2.080
42,62,2.942
40,62,3.829
38,62,4.921
36,62,6.107
34,62,7.315
32,62,7.682
30,62,7.917
28,62,8.036
26,62,8.120
24,62,7.828
22,62,7.638
20,62,7.480
18,62,7.204
16,62,7.346
14,62,7.715
12,62,7.982
10,62,7.982
8,62,7.890
6,62,7.601
4,62,7.296
2,62,6.813
0,62,7.330
0,64,6.891
2,64,7.058
4,64,7.265
6,64,7.639
8,64,7.781
10,64,7.721
12,64,7.619
14,64,7.185
16,64,6.878
18,64,7.065
20,64,7.575
22,64,7.832
24,64,7.995
26,64,8.064
28,64,8.049
30,64,7.898
32,64,7.486
34,64,7.334
36,64,7.278
38,64,7.705
40,64,7.956
42,64,7.995
44,64,8.031
46,64,7.847
48,64,7.481
50,64,6.435
52,64,4.063
54,64,2.179
56,64,9.075
58,64,4.274
60,64,7.184
62,64,9.127
64,64,7.577
66,64,4.469
68,64,5.071
70,64,1.391
72,64,2.168
74,64,3.253
76,64,3.849
78,64,3.938
80,64,3.765
82,64,3.468
84,64,2.456
86,64,1.935
88,64,1.637
90,64,1.897
92,64,2.111
94,64,2.546
96,64,2.996
98,64,3.550
100,64,3.922
102,64,4.061
104,64,4.026
106,64,3.596
108,64,3.528
110,64,3.422
112,64,3.086
114,64,1.861
116,64,1.632
118,64,1.602
120,64,1.628
122,64,1.785
124,64,2.691
126,64,2.680
128,64,2.997
130,64,3.522
132,64,3.828
134,64,3.925
136,64,3.963
138,64,4.029
140,64,4.009
142,64,3.870
144,64,3.661
146,64,3.172
148,64,3.136
150,64,2.599
150,66,2.711
148,66,3.012
146,66,3.116
144,66,3.866
142,66,3.995
140,66,3.986
138,66,3.730
136,66,3.536
134,66,3.748
132,66,2.218
130,66,1.923
128,66,2.613
126,66,1.682
124,66,1.571
122,66,1.898
120,66,1.795
118,66,2.026
116,66,2.719
114,66,3.138
112,66,3.359
110,66,3.839
108,66,3.893
106,66,3.854
104,66,3.861
102,66,3.129
100,66,3.006
98,66,3.074
96,66,2.501
94,66,1.770
92,66,1.868
90,66,2.473
88,66,2.452
86,66,3.106
84,66,3.335
82,66,3.882
80,66,3.967
78,66,4.049
76,66,3.508
74,66,2.835
72,66,2.705
70,66,2.817
68,66,1.611
66,66,1.967
64,66,1.976
62,66,2.190
60,66,2.487
58,66,2.795
56,66,2.611
54,66,1.751
52,66,5.031
50,66,1.519
48,66,2.644
46,66,8.905
44,66,1.933
42,66,2.880
40,66,4.120
38,66,4.975
36,66,5.971
34,66,5.900
32,66,6.231
30,66,7.023
28,66,7.000
26,66,7.444
24,66,7.651
22,66,7.687
20,66,7.296
18,66,6.818
16,66,6.577
14,66,7.134
12,66,6.789
10,66,7.432
8,66,7.553
6,66,7.537
4,66,7.216
2,66,7.062
0,66,6.752
0,68,6.734
2,68,7.303
4,68,7.637
6,68,7.668
8,68,7.562
10,68,7.385
12,68,6.720
14,68,6.241
16,68,6.658
18,68,6.905
20,68,7.025
22,68,7.405
24,68,7.521
26,68,7.355
28,68,7.129
30,68,6.999
32,68,6.855
34,68,6.506
36,68,6.961
38,68,7.175
40,68,7.425
42,68,7.334
44,68,7.073
46,68,6.822
48,68,5.792
50,68,4.500
52,68,3.389
54,68,2.077
56,68,1.326
58,68,1.444
60,68,8.924
62,68,4.522
64,68,1.859
66,68,1.634
68,68,9.139
70,68,1.998
72,68,3.237
74,68,3.684
76,68,3.805
78,68,3.271
80,68,2.673
82,68,2.056
84,68,1.594
86,68,1.549
88,68,1.604
90,68,2.331
92,68,3.471
94,68,3.728
96,68,3.976
98,68,4.012
100,68,4.017
102,68,3.870
104,68,3.213
106,68,2.675
108,68,2.661
110,68,2.010
112,68,1.594
114,68,1.636
116,68,1.594
118,68,2.474
120,68,3.215
122,68,2.244
124,68,3.421
126,68,3.936
128,68,3.944
130,68,3.974
132,68,3.952
134,68,3.797
136,68,3.790
138,68,3.539
140,68,2.897
142,68,2.983
144,68,2.537
146,68,2.099
148,68,1.621
150,68,1.683
150,70,1.583
148,70,1.730
146,70,1.992
144,70,2.599
142,70,3.254
140,70,3.574
138,70,3.709
136,70,3.937
134,70,4.011
132,70,3.849
130,70,3.539
128,70,3.660
126,70,2.831
124,70,2.464
122,70,1.955
120,70,2.022
118,70,1.609
116,70,1.556
114,70,1.730
112,70,2.337
110,70,3.175
108,70,3.488
106,70,3.645
104,70,4.058
102,70,4.015
100,70,3.899
98,70,3.669
96,70,3.059
94,70,2.902
92,70,2.087
90,70,1.644
88,70,1.530
86,70,1.730
84,70,1.918
82,70,2.283
80,70,2.828
78,70,3.896
76,70,4.015
74,70,4.015
72,70,3.956
70,70,3.131
68,70,2.235
66,70,2.014
64,70,1.415
62,70,1.448
60,70,1.772
58,70,2.393
56,70,2.389
54,70,1.731
52,70,8.815
50,70,2.334
48,70,1.522
46,70,8.534
44,70,1.924
42,70,3.818
40,70,5.310
38,70,6.126
36,70,6.094
34,70,5.966
32,70,5.639
30,70,5.877
28,70,6.488
26,70,7.103
24,70,7.382
22,70,7.529
20,70,7.555
18,70,7.222
16,70,6.563
14,70,6.118
12,70,6.271
10,70,6.663
8,70,7.147
6,70,7.445
4,70,7.464
2,70,7.192
0,70,6.695
0,72,6.926
2,72,7.355
4,72,7.482
6,72,7.221
8,72,7.037
10,72,6.425
12,72,6.173
14,72,6.329
16,72,6.557
18,72,7.244
20,72,7.337
22,72,7.364
24,72,7.307
26,72,6.794
28,72,6.441
30,72,6.371
32,72,6.623
34,72,6.948
36,72,7.261
38,72,7.334
40,72,7.217
42,72,6.939
44,72,6.367
46,72,5.677
48,72,5.232
50,72,4.992
52,72,4.898
54,72,4.336
56,72,3.181
58,72,2.067
60,72,1.190
62,72,5.069
64,72,1.298
66,72,6.997
68,72,1.853
70,72,2.599
72,72,3.309
74,72,3.288
76,72,2.697
78,72,1.945
80,72,1.573
82,72,1.505
84,72,1.950
86,72,2.717
88,72,3.208
90,72,3.389
92,72,3.677
94,72,3.996
96,72,3.951
98,72,3.529
100,72,3.191
102,72,2.703
104,72,2.217
106,72,1.659
108,72,1.580
110,72,1.582
112,72,1.781
114,72,2.232
116,72,2.743
118,72,3.207
120,72,3.736
122,72,3.912
124,72,3.914
126,72,3.971
128,72,3.877
130,72,3.521
132,72,3.764
134,72,3.371
136,72,2.805
138,72,2.597
140,72,2.160
142,72,1.591
144,72,1.506
146,72,1.595
148,72,1.609
150,72,1.973
150,74,1.960
148,74,1.665
146,74,1.621
144,74,1.610
142,74,2.126
140,74,2.862
138,74,3.222
136,74,3.307
134,74,3.800
132,74,4.027
130,74,3.947
128,74,4.042
126,74,3.884
124,74,3.353
122,74,3.043
120,74,2.905
118,74,2.581
116,74,1.981
114,74,1.534
112,74,1.544
110,74,1.696
108,74,2.484
106,74,3.072
104,74,3.717
102,74,3.753
100,74,3.973
98,74,3.995
96,74,3.808
94,74,3.587
92,74,2.828
90,74,2.776
88,74,2.523
86,74,1.569
84,74,1.516
82,74,1.691
80,74,2.086
78,74,2.820
76,74,3.618
74,74,3.620
72,74,3.972
70,74,3.848
68,74,3.609
66,74,3.219
64,74,2.259
62,74,1.305
60,74,1.549
58,74,1.706
56,74,1.673
54,74,1.561
52,74,1.266
50,74,6.842
48,74,1.586
46,74,6.419
44,74,2.363
42,74,4.025
40,74,5.527
38,74,6.203
36,74,6.153
34,74,5.835
32,74,5.319
30,74,5.161
28,74,5.205
26,74,5.672
24,74,6.340
22,74,6.846
20,74,7.004
18,74,6.835
16,74,6.570
14,74,5.781
12,74,5.200
10,74,5.242
8,74,5.884
6,74,6.494
4,74,6.772
2,74,6.831
0,74,6.403
0,76,6.325
2,76,6.375
4,76,6.188
6,76,5.548
8,76,4.928
10,76,4.880
12,76,5.547
14,76,6.231
16,76,6.516
18,76,6.692
20,76,6.552
22,76,6.198
24,76,5.760
26,76,5.208
28,76,5.165
30,76,5.709
32,76,6.033
34,76,6.913
36,76,6.853
38,76,6.847
40,76,6.507
42,76,5.812
44,76,5.360
46,76,4.977
48,76,4.929
50,76,5.522
52,76,5.671
54,76,4.755
56,76,4.047
58,76,2.526
60,76,9.893
62,76,1.499
64,76,1.490
66,76,6.851
68,76,1.694
70,76,2.515
72,76,2.547
74,76,2.517
76,76,2.060
78,76,1.613
80,76,1.613
82,76,2.482
84,76,2.711
86,76,3.059
88,76,3.648
90,76,4.013
92,76,3.933
94,76,3.750
96,76,3.392
98,76,2.505
100,76,2.506
102,76,2.066
104,76,1.548
106,76,1.573
108,76,2.043
110,76,2.682
112,76,2.967
114,76,3.224
116,76,3.619
118,76,3.810
120,76,4.025
122,76,3.980
124,76,3.776
126,76,3.673
128,76,3.435
130,76,2.319
132,76,2.094
134,76,2.279
136,76,1.821
138,76,1.519
140,76,1.865
142,76,1.951
144,76,1.839
146,76,2.485
148,76,2.992
150,76,3.247
150,78,2.693
148,78,2.310
146,78,1.673
144,78,1.630
142,78,1.540
140,78,1.683
138,78,1.918
136,78,2.351
134,78,3.199
132,78,3.505
130,78,3.771
128,78,3.891
126,78,4.042
124,78,3.877
122,78,3.682
120,78,3.566
118,78,3.201
116,78,3.198
114,78,2.807
112,78,1.661
110,78,1.558
108,78,1.614
106,78,1.865
104,78,2.758
102,78,2.959
100,78,3.411
98,78,3.774
96,78,3.990
94,78,4.034
92,78,3.818
90,78,3.516
88,78,3.148
86,78,2.663
84,78,1.825
82,78,1.529
80,78,1.617
78,78,2.036
76,78,2.434
74,78,3.103
72,78,3.585
70,78,3.864
68,78,3.867
66,78,3.533
64,78,3.109
62,78,2.131
60,78,1.064
58,78,5.108
56,78,7.951
54,78,1.256
52,78,1.235
50,78,1.074
48,78,6.829
46,78,5.596
44,78,1.096
42,78,2.723
40,78,4.053
38,78,4.703
36,78,5.178
34,78,5.111
32,78,4.762
30,78,3.708
28,78,3.038
26,78,2.601
24,78,2.840
22,78,3.929
20,78,4.657
18,78,5.142
16,78,5.269
14,78,4.732
12,78,3.761
10,78,2.763
8,78,2.953
6,78,3.962
4,78,4.326
2,78,4.470
0,78,4.949
0,80,4.317
2,80,3.567
4,80,3.035
6,80,2.416
8,80,2.657
10,80,3.886
12,80,4.562
14,80,4.615
16,80,5.015
18,80,4.664
20,80,4.052
22,80,2.895
24,80,2.468
26,80,2.540
28,80,3.351
30,80,4.746
32,80,5.219
34,80,5.248
36,80,5.154
38,80,3.921
40,80,3.460
42,80,2.976
44,80,2.989
46,80,4.413
48,80,4.841
50,80,4.852
52,80,4.831
54,80,4.312
56,80,3.200
58,80,1.250
60,80,3.156
62,80,9.235
64,80,3.364
66,80,1.187
68,80,1.767
70,80,2.212
72,80,2.025
74,80,1.407
76,80,1.285
78,80,2.582
80,80,2.786
82,80,3.488
84,80,3.971
86,80,3.912
88,80,3.935
90,80,3.516
92,80,3.398
94,80,2.874
96,80,2.711
98,80,2.005
100,80,1.718
102,80,1.834
104,80,2.305
106,80,2.492
108,80,3.048
110,80,3.143
112,80,3.888
114,80,3.959
116,80,3.987
118,80,3.749
120,80,3.659
122,80,3.425
124,80,3.266
126,80,2.718
128,80,2.149
130,80,1.579
132,80,1.543
134,80,1.560
136,80,1.912
138,80,1.889
140,80,2.523
142,80,3.055
144,80,3.409
146,80,3.327
148,80,3.533
150,80,3.730
150,82,3.725
148,82,3.455
146,82,2.971
144,82,3.248
142,82,2.385
140,82,2.160
138,82,2.046
136,82,2.217
134,82,1.969
132,82,2.002
130,82,2.203
128,82,3.124
126,82,3.568
124,82,3.831
122,82,4.004
120,82,3.978
118,82,3.854
116,82,3.586
114,82,3.356
112,82,3.600
110,82,3.284
108,82,2.261
106,82,1.751
104,82,1.574
102,82,1.565
100,82,2.139
98,82,2.749
96,82,3.098
94,82,3.632
92,82,3.871
90,82,3.963
88,82,4.003
86,82,3.748
84,82,2.627
82,82,2.786
80,82,2.106
78,82,1.760
76,82,1.551
74,82,1.950
72,82,1.901
70,82,3.075
68,82,3.750
66,82,3.918
64,82,3.694
62,82,2.937
60,82,2.162
58,82,8.358
56,82,2.153
54,82,4.200
52,82,9.630
50,82,1.290
48,82,1.402
46,82,1.389
44,82,9.940
42,82,7.256
40,82,1.002
38,82,1.967
36,82,2.680
34,82,3.735
32,82,3.764
30,82,3.354
28,82,2.684
26,82,1.649
24,82,9.681
22,82,8.259
20,82,1.134
18,82,2.456
16,82,3.222
14,82,3.413
12,82,2.927
10,82,2.049
8,82,1.631
6,82,1.461
4,82,1.871
2,82,2.551
0,82,3.116
0,84,2.945
2,84,2.137
4,84,1.473
6,84,1.474
8,84,2.219
10,84,2.852
12,84,2.975
14,84,3.444
16,84,3.379
18,84,2.261
20,84,1.208
22,84,1.163
24,84,1.576
26,84,2.241
28,84,2.597
30,84,3.041
32,84,2.407
34,84,2.269
36,84,2.373
38,84,1.303
40,84,1.419
42,84,2.673
44,84,2.351
46,84,2.590
48,84,3.671
50,84,3.445
52,84,2.917
54,84,2.644
56,84,9.463
58,84,3.966
60,84,3.115
62,84,4.650
64,84,1.144
66,84,1.232
68,84,1.571
70,84,1.317
72,84,6.612
74,84,1.298
76,84,1.920
78,84,2.936
80,84,3.664
82,84,3.922
84,84,3.923
86,84,3.749
88,84,3.330
90,84,3.071
92,84,2.411
94,84,1.749
96,84,1.578
98,84,1.657
100,84,2.020
102,84,2.501
104,84,3.279
106,84,3.702
108,84,3.806
110,84,3.990
112,84,4.047
114,84,3.937
116,84,3.680
118,84,3.308
120,84,2.896
122,84,2.766
124,84,1.809
126,84,1.569
128,84,1.589
130,84,1.671
132,84,1.691
134,84,2.219
136,84,3.006
138,84,3.359
140,84,3.576
142,84,3.791
144,84,3.796
146,84,3.841
148,84,3.985
150,84,3.945
150,86,3.913
148,86,3.925
146,86,3.800
144,86,3.426
142,86,3.413
140,86,3.279
138,86,2.232
136,86,1.680
134,86,1.657
132,86,1.625
130,86,1.643
128,86,2.261
126,86,2.407
124,86,2.682
122,86,3.212
120,86,3.446
118,86,3.707
116,86,3.997
114,86,3.925
112,86,3.769
110,86,3.527
108,86,3.309
106,86,2.224
104,86,1.745
102,86,1.692
100,86,1.612
98,86,1.987
96,86,2.436
94,86,2.467
92,86,3.159
90,86,3.599
88,86,3.538
86,86,3.968
84,86,3.996
82,86,3.671
80,86,3.321
78,86,2.157
76,86,2.000
74,86,1.652
72,86,1.575
70,86,1.960
68,86,2.829
66,86,3.436
64,86,3.630
62,86,3.481
60,86,2.493
58,86,1.300
56,86,3.354
54,86,5.248
52,86,2.562
50,86,1.160
48,86,1.762
46,86,2.304
44,86,2.582
42,86,2.107
40,86,1.130
38,86,9.194
36,86,1.541
34,86,2.121
32,86,3.291
30,86,3.294
28,86,2.893
26,86,2.250
24,86,1.438
22,86,1.029
20,86,8.713
18,86,1.323
16,86,2.607
14,86,3.336
12,86,3.548
10,86,3.462
8,86,2.823
6,86,2.185
4,86,2.060
2,86,2.482
0,86,3.402
0,88,3.798
2,88,2.861
4,88,2.768
6,88,3.413
8,88,4.067
10,88,4.219
12,88,3.944
14,88,3.445
16,88,2.704
18,88,1.874
20,88,1.662
22,88,2.216
24,88,2.680
26,88,3.036
28,88,3.138
30,88,2.831
32,88,2.272
34,88,1.557
36,88,9.988
38,88,1.013
40,88,1.723
42,88,2.574
44,88,2.892
46,88,3.283
48,88,3.140
50,88,2.679
52,88,1.896
54,88,8.731
56,88,7.246
58,88,1.412
60,88,1.576
62,88,1.365
64,88,1.221
66,88,7.715
68,88,6.032
70,88,3.782
72,88,9.421
74,88,2.285
76,88,2.881
78,88,3.645
80,88,3.901
82,88,3.774
84,88,3.480
86,88,2.706
88,88,1.841
90,88,1.617
92,88,1.594
94,88,1.614
96,88,2.054
98,88,3.251
100,88,3.270
102,88,3.740
104,88,3.981
106,88,4.029
108,88,3.930
110,88,3.685
112,88,3.178
114,88,3.226
116,88,2.924
118,88,2.507
120,88,1.733
122,88,1.521
124,88,1.706
126,88,1.819
128,88,2.391
130,88,2.462
132,88,3.178
134,88,3.664
136,88,3.723
138,88,3.819
140,88,3.970
142,88,3.923
144,88,3.868
146,88,3.638
148,88,3.526
150,88,2.927
150,90,3.067
148,90,3.623
146,90,3.879
144,90,3.952
142,90,3.880
140,90,3.749
138,90,3.775
136,90,3.480
134,90,2.913
132,90,2.300
130,90,1.803
128,90,1.604
126,90,1.555
124,90,1.731
122,90,1.816
120,90,2.222
118,90,2.566
116,90,3.620
114,90,3.523
112,90,3.740
110,90,3.909
108,90,3.844
106,90,3.444
104,90,3.270
102,90,3.055
100,90,2.414
98,90,2.027
96,90,1.922
94,90,1.957
92,90,1.888
90,90,2.267
88,90,3.293
86,90,3.775
84,90,3.997
82,90,3.897
80,90,3.980
78,90,3.702
76,90,3.135
74,90,2.568
72,90,1.981
70,90,1.837
68,90,1.551
66,90,2.095
64,90,2.447
62,90,2.823
60,90,2.871
58,90,2.189
56,90,9.790
54,90,2.052
52,90,1.204
50,90,8.883
48,90,1.846
46,90,2.563
44,90,2.804
42,90,3.140
40,90,2.241
38,90,2.152
36,90,2.244
34,90,2.883
32,90,4.089
30,90,4.348
28,90,3.448
26,90,3.960
24,90,4.291
22,90,3.299
20,90,2.886
18,90,3.518
16,90,4.302
14,90,4.552
12,90,3.786
10,90,4.787
8,90,5.685
6,90,5.748
4,90,5.761
2,90,5.344
0,90,5.512
0,92,5.902
2,92,6.120
4,92,6.247
6,92,6.582
8,92,6.557
10,92,6.403
12,92,6.010
14,92,5.529
16,92,4.630
18,92,4.235
20,92,4.594
22,92,4.949
24,92,5.174
26,92,5.224
28,92,4.955
30,92,4.101
32,92,3.313
34,92,2.620
36,92,2.490
38,92,2.957
40,92,3.611
42,92,4.074
44,92,4.214
46,92,4.339
48,92,3.951
50,92,3.049
52,92,2.077
54,92,1.434
56,92,1.492
58,92,2.181
60,92,2.119
62,92,1.664
64,92,1.077
66,92,3.668
68,92,7.746
70,92,5.128
72,92,1.744
74,92,2.693
76,92,3.510
78,92,3.792
80,92,3.788
82,92,3.362
84,92,2.132
86,92,1.480
88,92,1.500
90,92,1.958
92,92,1.989
94,92,2.230
96,92,3.484
98,92,3.590
100,92,3.668
102,92,4.000
104,92,3.843
106,92,3.662
108,92,3.264
110,92,2.708
112,92,2.703
114,92,2.272
116,92,1.667
118,92,1.471
120,92,1.618
122,92,1.846
124,92,2.943
126,92,3.023
128,92,3.673
130,92,3.677
132,92,3.810
134,92,3.914
136,92,4.005
138,92,3.988
140,92,3.904
142,92,3.640
144,92,3.436
146,92,3.107
148,92,2.329
150,92,2.142
150,94,2.850
148,94,3.097
146,94,3.465
144,94,3.653
142,94,3.672
140,94,3.970
138,94,3.989
136,94,3.908
134,94,3.620
132,94,3.086
130,94,2.686
128,94,2.677
126,94,2.135
124,94,1.611
122,94,1.695
120,94,1.973
118,94,1.845
116,94,2.583
114,94,2.975
112,94,3.276
110,94,3.506
108,94,3.892
106,94,3.857
104,94,3.979
102,94,3.872
100,94,3.471
98,94,2.572
96,94,2.652
94,94,1.608
92,94,1.504
90,94,1.775
88,94,2.045
86,94,2.623
84,94,3.313
82,94,3.843
80,94,4.009
78,94,3.935
76,94,3.819
74,94,3.794
72,94,2.873
70,94,1.739
68,94,1.432
66,94,1.613
64,94,1.920
62,94,2.222
60,94,2.369
58,94,2.212
56,94,1.434
54,94,5.954
52,94,4.738
50,94,7.004
48,94,1.755
46,94,3.097
44,94,4.416
42,94,5.111
40,94,5.333
38,94,5.291
36,94,4.964
34,94,5.033
32,94,5.423
30,94,5.968
28,94,6.721
26,94,6.920
24,94,6.958
22,94,6.873
20,94,6.705
18,94,6.371
16,94,6.315
14,94,6.708
12,94,7.258
10,94,7.591
8,94,7.754
6,94,7.767
4,94,7.619
2,94,7.341
0,94,7.149
0,96,7.538
2,96,7.927
4,96,8.088
6,96,8.057
8,96,8.020
10,96,7.697
12,96,7.140
14,96,6.941
16,96,6.947
18,96,7.347
20,96,7.600
22,96,7.637
24,96,7.566
26,96,7.316
28,96,6.986
30,96,6.287
32,96,5.912
34,96,5.749
36,96,6.307
38,96,6.488
40,96,6.653
42,96,6.621
44,96,6.541
46,96,6.108
48,96,5.171
50,96,4.418
52,96,4.242
54,96,3.718
56,96,3.462
58,96,3.393
60,96,2.754
62,96,1.877
64,96,9.889
66,96,2.455
68,96,1.327
70,96,1.052
72,96,2.193
74,96,3.111
76,96,3.534
78,96,3.528
80,96,2.882
82,96,2.442
84,96,1.701
86,96,1.683
88,96,2.246
90,96,2.193
92,96,2.749
94,96,3.654
96,96,3.989
98,96,3.980
100,96,3.706
102,96,3.521
104,96,3.282
106,96,3.170
108,96,2.711
110,96,1.970
112,96,2.003
114,96,1.652
116,96,1.662
118,96,1.512
120,96,2.047
122,96,2.081
124,96,2.342
126,96,3.838
128,96,3.985
130,96,3.704
132,96,3.953
134,96,3.794
136,96,3.683
138,96,3.472
140,96,2.995
142,96,2.381
144,96,2.792
146,96,2.023
148,96,1.809
150,96,1.575
150,98,1.779
148,98,2.445
146,98,2.906
144,98,3.236
142,98,3.756
140,98,3.509
138,98,3.966
136,98,3.901
134,98,3.717
132,98,3.710
130,98,3.996
128,98,3.710
126,98,2.468
124,98,2.789
122,98,1.742
120,98,1.595
118,98,1.566
116,98,1.620
114,98,2.109
112,98,3.301
110,98,3.073
108,98,3.363
106,98,3.665
104,98,3.892
102,98,4.022
100,98,3.359
98,98,3.058
96,98,2.911
94,98,2.368
92,98,1.686
90,98,1.553
88,98,1.641
86,98,1.810
84,98,2.614
82,98,3.469
80,98,3.703
78,98,3.861
76,98,3.986
74,98,3.658
72,98,3.215
70,98,2.612
68,98,2.154
66,98,1.360
64,98,1.420
62,98,1.617
60,98,1.782
58,98,1.788
56,98,1.422
54,98,5.536
52,98,3.145
50,98,6.525
48,98,2.239
46,98,4.387
44,98,5.850
42,98,6.819
40,98,7.363
38,98,7.625
36,98,7.470
34,98,7.202
32,98,7.094
30,98,7.419
28,98,7.617
26,98,7.956
24,98,8.079
22,98,8.149
20,98,8.102
18,98,7.814
16,98,7.806
14,98,7.540
12,98,7.831
10,98,8.094
8,98,8.234
6,98,8.328
4,98,8.277
2,98,8.236
0,98,7.942
0,100,8.098
2,100,8.353
4,100,8.393
6,100,8.342
8,100,8.076
10,100,7.923
12,100,7.768
14,100,7.757
16,100,8.069
18,100,8.247
20,100,8.284
22,100,8.284
24,100,8.244
26,100,7.838
28,100,7.696
30,100,7.415
32,100,7.434
34,100,7.717
36,100,8.003
38,100,8.037
40,100,8.058
42,100,7.941
44,100,7.655
46,100,7.128
48,100,6.886
50,100,6.754
52,100,6.680
54,100,6.567
56,100,6.012
58,100,5.233
60,100,3.748
62,100,2.254
64,100,7.124
66,100,9.988
68,100,3.755
70,100,1.221
72,100,2.418
74,100,2.974
76,100,3.056
78,100,2.192
80,100,1.890
82,100,1.509
84,100,1.933
86,100,2.027
88,100,2.652
90,100,3.045
92,100,3.935
94,100,4.023
96,100,3.888
98,100,3.869
100,100,3.496
102,100,2.881
104,100,2.382
106,100,1.744
108,100,1.567
110,100,1.685
112,100,1.516
114,100,1.561
116,100,2.340
118,100,2.758
120,100,3.582
122,100,3.815
124,100,3.984
126,100,3.973
128,100,3.816
130,100,3.769
132,100,3.815
134,100,3.417
136,100,3.125
138,100,2.648
140,100,2.233
142,100,1.714
144,100,1.576
146,100,1.502
148,100,1.478
150,100,1.572
150,102,1.502
148,102,1.496
146,102,1.593
144,102,1.971
142,102,2.490
140,102,2.521
138,102,2.985
136,102,3.750
134,102,4.006
132,102,4.025
130,102,3.983
128,102,3.874
126,102,3.499
124,102,3.073
122,102,2.859
120,102,2.596
118,102,1.903
116,102,1.578
114,102,1.536
112,102,1.746
110,102,2.236
108,102,2.385
106,102,3.114
104,102,3.603
102,102,3.655
100,102,3.833
98,102,3.966
96,102,3.776
94,102,3.496
92,102,3.232
90,102,2.497
88,102,1.821
86,102,1.547
84,102,1.698
82,102,2.150
80,102,2.422
78,102,3.000
76,102,3.495
74,102,3.833
72,102,3.935
70,102,3.389
68,102,2.894
66,102,1.933
64,102,1.391
62,102,7.714
60,102,7.156
58,102,1.036
56,102,1.266
54,102,9.523
52,102,5.340
50,102,9.729
48,102,2.621
46,102,4.876
44,102,6.927
42,102,7.726
40,102,8.104
38,102,8.260
36,102,8.231
34,102,8.102
32,102,7.872
30,102,7.718
28,102,7.776
26,102,8.127
24,102,8.306
22,102,8.392
20,102,8.385
18,102,8.338
16,102,8.128
14,102,8.003
12,102,7.829
10,102,7.842
8,102,8.206
6,102,8.395
4,102,8.427
2,102,8.433
0,102,8.273
0,104,8.392
2,104,8.442
4,104,8.437
6,104,8.363
8,104,8.071
10,104,7.832
12,104,7.828
14,104,8.170
16,104,8.286
18,104,8.412
20,104,8.400
22,104,8.355
24,104,8.306
26,104,8.036
28,104,7.762
30,104,7.810
32,104,7.994
34,104,8.310
36,104,8.373
38,104,8.270
40,104,8.350
42,104,8.294
44,104,7.891
46,104,7.509
48,104,7.888
50,104,7.623
52,104,7.910
54,104,7.841
56,104,7.358
58,104,6.062
60,104,5.041
62,104,2.631
64,104,5.680
66,104,1.170
68,104,5.178
70,104,1.537
72,104,1.957
74,104,2.205
76,104,2.442
78,104,2.040
80,104,1.450
82,104,1.968
84,104,2.354
86,104,3.129
88,104,3.326
90,104,3.835
92,104,4.012
94,104,3.813
96,104,3.211
98,104,3.201
100,104,3.026
102,104,2.619
104,104,2.039
106,104,2.715
108,104,2.762
110,104,2.016
112,104,2.950
114,104,2.851
116,104,3.153
118,104,3.830
120,104,3.956
122,104,3.929
124,104,3.882
126,104,3.826
128,104,3.462
130,104,3.219
132,104,2.626
134,104,2.162
136,104,1.963
138,104,1.764
140,104,1.570
142,104,1.586
144,104,1.641
146,104,1.812
148,104,2.304
150,104,2.519
150,106,2.406
148,106,1.848
146,106,1.788
144,106,1.561
142,106,1.688
140,106,1.954
138,106,2.283
136,106,2.616
134,106,3.088
132,106,3.569
130,106,3.726
128,106,4.020
126,106,3.989
124,106,3.907
122,106,3.789
120,106,3.359
118,106,2.676
116,106,2.319
114,106,2.295
112,106,1.723
110,106,1.508
108,106,1.742
106,106,2.047
104,106,2.467
102,106,2.864
100,106,3.387
98,106,3.829
96,106,3.911
94,106,3.853
92,106,3.795
90,106,3.505
88,106,2.942
86,106,2.327
84,106,1.655
82,106,1.554
80,106,1.891
78,106,2.346
76,106,2.861
74,106,3.746
72,106,3.870
70,106,3.850
68,106,3.635
66,106,2.656
64,106,1.686
62,106,9.257
60,106,5.195
58,106,5.820
56,106,7.412
54,106,1.289
52,106,1.480
50,106,2.104
48,106,3.822
46,106,5.775
44,106,7.184
42,106,7.864
40,106,8.240
38,106,8.358
36,106,8.391
34,106,8.377
32,106,8.232
30,106,8.016
28,106,7.842
26,106,7.816
24,106,7.991
22,106,8.307
20,106,8.374
18,106,8.434
16,106,8.364
14,106,8.234
12,106,8.119
10,106,7.837
8,106,7.961
6,106,8.189
4,106,8.323
2,106,8.426
0,106,8.442
0,108,8.449
2,108,8.390
4,108,8.248
6,108,8.009
8,108,7.843
10,108,8.008
12,108,8.125
14,108,8.266
16,108,8.432
18,108,8.433
20,108,8.353
22,108,8.051
24,108,7.781
26,108,7.808
28,108,7.951
30,108,7.889
32,108,8.328
34,108,8.427
36,108,8.421
38,108,8.417
40,108,8.263
42,108,8.071
44,108,7.701
46,108,8.096
48,108,8.319
50,108,8.334
52,108,8.322
54,108,8.262
56,108,7.959
58,108,7.277
60,108,5.176
62,108,2.679
64,108,7.408
66,108,1.070
68,108,4.503
70,108,1.459
72,108,1.708
74,108,1.289
76,108,1.317
78,108,1.641
80,108,1.719
82,108,2.145
84,108,3.310
86,108,3.677
88,108,3.895
90,108,4.015
92,108,3.747
94,108,3.371
96,108,3.178
98,108,2.208
100,108,1.532
102,108,1.580
104,108,1.568
106,108,2.034
108,108,2.451
110,108,3.089
112,108,3.536
114,108,3.739
116,108,3.845
118,108,3.866
120,108,3.816
122,108,3.695
124,108,3.541
126,108,3.352
128,108,2.471
130,108,2.220
132,108,2.561
134,108,1.683
136,108,1.521
138,108,1.814
140,108,2.055
142,108,2.108
144,108,2.375
146,108,3.239
148,108,3.304
150,108,2.679
150,110,2.958
148,110,2.728
146,110,2.581
144,110,1.676
142,110,1.624
140,110,1.655
138,110,1.541
136,110,1.846
134,110,2.678
132,110,2.904
130,110,3.174
128,110,3.441
126,110,3.774
124,110,3.991
122,110,3.976
120,110,3.793
118,110,3.656
116,110,3.172
114,110,2.635
112,110,2.089
110,110,1.777
108,110,1.517
106,110,1.458
104,110,1.905
102,110,2.415
100,110,2.963
98,110,3.234
96,110,3.482
94,110,3.924
92,110,3.993
90,110,3.930
88,110,3.779
86,110,3.436
84,110,2.406
82,110,2.119
80,110,1.586
78,110,1.611
76,110,2.363
74,110,3.057
72,110,3.413
70,110,3.627
68,110,3.809
66,110,3.395
64,110,2.591
62,110,1.133
60,110,3.387
58,110,1.370
56,110,8.003
54,110,1.394
52,110,2.471
50,110,3.836
48,110,5.296
46,110,6.460
44,110,7.366
42,110,7.823
40,110,8.069
38,110,8.299
36,110,8.406
34,110,8.422
32,110,8.349
30,110,8.138
28,110,8.123
26,110,7.847
24,110,7.963
22,110,8.023
20,110,8.218
18,110,8.264
16,110,8.439
14,110,8.352
12,110,8.293
10,110,8.235
8,110,7.957
6,110,8.309
4,110,8.358
2,110,8.397
0,110,8.345
0,112,8.392
2,112,8.123
4,112,7.912
6,112,7.948
8,112,8.006
10,112,8.229
12,112,8.414
14,112,8.443
16,112,8.434
18,112,8.343
20,112,8.245
22,112,8.128
24,112,7.810
26,112,7.984
28,112,8.263
30,112,8.391
32,112,8.417
34,112,8.424
36,112,8.322
38,112,8.130
40,112,7.883
42,112,7.760
44,112,7.891
46,112,8.162
48,112,8.351
50,112,8.386
52,112,8.371
54,112,8.287
56,112,7.996
58,112,7.395
60,112,5.324
62,112,3.304
64,112,1.485
66,112,9.702
68,112,1.099
70,112,1.240
72,112,1.142
74,112,9.727
76,112,8.095
78,112,1.669
80,112,2.324
82,112,3.077
84,112,3.924
86,112,3.951
88,112,3.962
90,112,3.644
92,112,2.979
94,112,2.373
96,112,2.022
98,112,1.561
100,112,1.595
102,112,2.301
104,112,2.253
106,112,2.545
108,112,3.302
110,112,3.530
112,112,3.686
114,112,3.802
116,112,3.741
118,112,3.375
120,112,3.092
122,112,2.881
124,112,2.771
126,112,1.976
128,112,1.749
130,112,1.530
132,112,1.544
134,112,1.574
136,112,2.228
138,112,2.433
140,112,2.452
142,112,3.192
144,112,3.504
146,112,3.427
148,112,3.751
150,112,3.947
150,114,3.969
148,114,3.745
146,114,3.188
144,114,3.438
142,114,2.924
140,114,2.257
138,114,1.664
136,114,1.571
134,114,1.505
132,114,1.523
130,114,2.013
128,114,2.966
126,114,3.416
124,114,3.140
122,114,3.656
120,114,3.891
118,114,3.983
116,114,3.460
114,114,3.694
112,114,3.458
110,114,2.593
108,114,2.046
106,114,1.718
104,114,1.585
102,114,1.374
100,114,1.699
98,114,2.106
96,114,3.109
94,114,3.765
92,114,3.948
90,114,4.017
88,114,4.000
86,114,3.980
84,114,3.380
82,114,3.074
80,114,2.249
78,114,1.928
76,114,1.507
74,114,1.806
72,114,2.412
70,114,2.860
68,114,3.448
66,114,3.532
64,114,3.105
62,114,1.586
60,114,5.436
58,114,1.352
56,114,3.279
54,114,1.385
52,114,2.901
50,114,4.589
48,114,6.095
46,114,7.228
44,114,7.550
42,114,7.659
40,114,7.858
38,114,8.106
36,114,8.253
34,114,8.388
32,114,8.428
30,114,8.413
28,114,8.343
26,114,8.169
24,114,7.929
22,114,7.861
20,114,8.038
18,114,8.217
16,114,8.388
14,114,8.453
12,114,8.398
10,114,8.222
8,114,8.103
6,114,7.889
4,114,7.952
2,114,8.330
0,114,8.423
0,116,8.343
2,116,8.000
4,116,7.854
6,116,7.888
8,116,8.141
10,116,8.352
12,116,8.444
14,116,8.439
16,116,8.374
18,116,8.212
20,116,7.896
22,116,7.831
24,116,8.036
26,116,8.293
28,116,8.377
30,116,8.440
32,116,8.417
34,116,8.339
36,116,8.107
38,116,7.843
40,116,7.741
42,116,7.955
44,116,8.126
46,116,8.255
48,116,8.393
50,116,8.358
52,116,8.302
54,116,8.212
56,116,7.843
58,116,7.005
60,116,5.711
62,116,3.974
64,116,2.612
66,116,1.868
68,116,1.189
70,116,6.655
72,116,3.731
74,116,4.403
76,116,1.287
78,116,2.590
80,116,3.410
82,116,3.833
84,116,3.778
86,116,3.722
88,116,2.763
90,116,2.063
92,116,1.625
94,116,1.528
96,116,1.651
98,116,2.072
100,116,2.228
102,116,2.774
104,116,3.693
106,116,3.490
108,116,3.752
110,116,3.867
112,116,3.739
114,116,3.548
116,116,3.136
118,116,2.368
120,116,2.093
122,116,1.550
124,116,1.579
126,116,1.509
128,116,1.645
130,116,2.204
132,116,2.165
134,116,2.840
136,116,3.147
138,116,3.459
140,116,3.706
142,116,3.758
144,116,3.961
146,116,3.974
148,116,3.916
150,116,3.721
150,118,3.734
148,118,3.950
146,118,3.973
144,118,3.940
142,118,3.451
140,118,3.032
138,118,2.855
136,118,2.345
134,118,1.967
132,118,1.586
130,118,1.530
128,118,1.786
126,118,1.975
124,118,2.288
122,118,2.670
120,118,3.089
118,118,3.749
116,118,3.936
114,118,3.924
112,118,3.851
110,118,3.632
108,118,3.453
106,118,3.027
104,118,2.271
102,118,1.666
100,118,1.581
98,118,1.497
96,118,1.977
94,118,2.746
92,118,3.087
90,118,3.189
88,118,3.687
86,118,3.998
84,118,3.916
82,118,3.941
80,118,3.627
78,118,2.947
76,118,1.990
74,118,1.442
72,118,1.464
70,118,1.781
68,118,2.238
66,118,2.695
64,118,3.048
62,118,2.454
60,118,1.347
58,118,4.346
56,118,8.725
54,118,9.853
52,118,2.903
50,118,4.878
48,118,6.620
46,118,7.677
44,118,8.036
42,118,7.905
40,118,7.888
38,118,7.882
36,118,8.046
34,118,8.269
32,118,8.372
30,118,8.423
28,118,8.399
26,118,8.329
24,118,8.112
22,118,7.904
20,118,7.826
18,118,8.047
16,118,8.226
14,118,8.379
12,118,8.445
10,118,8.395
8,118,8.293
6,118,8.057
4,118,7.863
2,118,7.935
0,118,8.157
0,120,8.200
2,120,7.873
4,120,8.027
6,120,8.275
8,120,8.370
10,120,8.435
12,120,8.450
14,120,8.344
16,120,8.091
18,120,7.903
20,120,7.820
22,120,8.010
24,120,8.261
26,120,8.422
28,120,8.440
30,120,8.422
32,120,8.222
34,120,8.088
36,120,7.892
38,120,7.771
40,120,8.150
42,120,8.197
44,120,8.362
46,120,8.411
48,120,8.359
50,120,8.185
52,120,7.965
54,120,7.738
56,120,7.572
58,120,7.425
60,120,6.600
62,120,5.187
64,120,3.258
66,120,2.008
68,120,1.128
70,120,1.911
72,120,3.230
74,120,1.311
76,120,2.427
78,120,2.536
80,120,3.559
82,120,3.759
84,120,3.496
86,120,2.553
88,120,1.686
90,120,1.503
92,120,1.567
94,120,2.039
96,120,2.557
98,120,2.174
100,120,3.468
102,120,3.448
104,120,3.472
106,120,3.799
108,120,3.849
110,120,3.500
112,120,2.981
114,120,2.972
116,120,2.554
118,120,1.567
120,120,1.586
122,120,1.561
124,120,1.964
126,120,2.428
128,120,2.708
130,120,2.508
132,120,3.631
134,120,3.498
136,120,3.627
138,120,3.984
140,120,3.981
142,120,3.908
144,120,3.956
146,120,3.798
148,120,2.956
150,120,3.007
150,122,3.094
148,122,3.898
146,122,3.889
144,122,3.881
142,122,3.976
140,122,3.732
138,122,3.154
136,122,3.283
134,122,3.238
132,122,2.449
130,122,2.093
128,122,1.721
126,122,1.515
124,122,1.748
122,122,2.213
120,122,2.305
118,122,3.597
116,122,3.545
114,122,3.567
112,122,3.912
110,122,3.901
108,122,3.782
106,122,3.490
104,122,2.862
102,122,2.268
100,122,1.633
98,122,1.551
96,122,1.584
94,122,1.759
92,122,2.540
90,122,3.056
88,122,3.188
86,122,3.696
84,122,3.969
82,122,3.951
80,122,3.945
78,122,3.676
76,122,1.994
74,122,1.790
72,122,1.748
70,122,1.404
68,122,2.074
66,122,2.695
64,122,2.645
62,122,2.316
60,122,1.307
58,122,4.745
56,122,5.658
54,122,9.823
52,122,2.586
50,122,5.116
48,122,6.797
46,122,7.810
44,122,8.185
42,122,8.148
40,122,7.940
38,122,7.929
36,122,7.744
34,122,7.853
32,122,8.179
30,122,8.248
28,122,8.385
26,122,8.382
24,122,8.330
22,122,8.134
20,122,7.976
18,122,7.856
16,122,8.281
14,122,8.274
12,122,8.206
10,122,8.378
8,122,8.229
6,122,7.897
4,122,7.931
2,122,8.084
0,122,8.039
0,124,7.845
2,124,8.001
4,124,8.166
6,124,8.326
8,124,8.388
10,124,8.443
12,124,8.372
14,124,8.324
16,124,8.008
18,124,7.805
20,124,7.894
22,124,8.038
24,124,8.333
26,124,8.418
28,124,8.390
30,124,8.277
32,124,8.076
34,124,7.742
36,124,7.758
38,124,7.990
40,124,8.067
42,124,8.323
44,124,8.386
46,124,8.402
48,124,8.347
50,124,8.127
52,124,7.699
54,124,7.643
56,124,7.579
58,124,7.456
60,124,6.930
62,124,5.745
64,124,3.810
66,124,2.285
68,124,8.565
70,124,8.197
72,124,4.762
74,124,1.468
76,124,2.402
78,124,3.293
80,124,3.307
82,124,3.396
84,124,2.737
86,124,2.727
88,124,1.609
90,124,1.502
92,124,1.552
94,124,2.418
96,124,2.944
98,124,3.540
100,124,3.716
102,124,4.008
104,124,3.931
106,124,3.763
108,124,3.580
110,124,3.113
112,124,2.394
114,124,2.260
116,124,2.302
118,124,1.542
120,124,1.626
122,124,1.748
124,124,1.652
126,124,1.913
128,124,2.374
130,124,3.144
132,124,3.704
134,124,3.906
136,124,3.927
138,124,3.964
140,124,3.983
142,124,3.933
144,124,3.638
146,124,3.721
148,124,2.923
150,124,2.511
150,126,2.875
148,126,3.202
146,126,3.821
144,126,3.942
142,126,3.986
140,126,4.000
138,126,3.833
136,126,3.445
134,126,3.514
132,126,2.856
130,126,2.129
128,126,1.602
126,126,1.524
124,126,1.683
122,126,2.092
120,126,2.376
118,126,2.833
116,126,3.168
114,126,3.402
112,126,3.411
110,126,3.996
108,126,3.683
106,126,2.960
104,126,3.015
102,126,2.145
100,126,3.171
98,126,2.737
96,126,3.188
94,126,2.301
92,126,2.568
90,126,3.334
88,126,2.497
86,126,2.989
84,126,2.924
82,126,3.707
80,126,1.690
78,126,3.510
76,126,3.117
74,126,3.117
72,126,2.806
70,126,1.588
68,126,2.322
66,126,9.786
64,126,2.161
62,126,1.957
60,126,1.075
58,126,2.515
56,126,1.613
54,126,1.249
52,126,3.593
50,126,5.782
48,126,6.989
46,126,8.009
44,126,8.235
42,126,8.276
40,126,8.156
38,126,7.997
36,126,7.969
34,126,7.947
32,126,7.817
30,126,7.828
28,126,8.271
26,126,7.994
24,126,8.148
22,126,8.249
20,126,7.723
18,126,8.382
16,126,7.906
14,126,8.109
12,126,8.216
10,126,8.368
8,126,7.958
6,126,8.111
4,126,7.613
2,126,8.349
0,126,8.072
0,128,7.929
2,128,7.978
4,128,7.749
6,128,8.285
8,128,8.341
10,128,8.348
12,128,7.916
14,128,8.453
16,128,7.915
18,128,8.361
20,128,8.414
22,128,8.006
24,128,8.390
26,128,8.345
28,128,7.751
30,128,8.264
32,128,7.448
34,128,8.188
36,128,8.274
38,128,8.309
40,128,8.272
42,128,8.275
44,128,8.265
46,128,8.243
48,128,8.275
50,128,8.190
52,128,8.236
54,128,8.258
56,128,8.178
58,128,8.047
60,128,7.284
62,128,6.401
64,128,4.101
66,128,1.617
68,128,2.588
70,128,1.406
72,128,3.722
74,128,1.329
76,128,2.140
78,128,2.949
80,128,3.005
82,128,3.476
84,128,3.245
86,128,2.613
88,128,2.252
90,128,2.263
92,128,1.801
94,128,1.575
96,128,1.486
98,128,1.569
100,128,1.938
102,128,1.824
104,128,2.059
106,128,2.155
108,128,1.990
110,128,2.693
112,128,3.333
114,128,3.320
116,128,3.598
118,128,3.619
120,128,3.681
122,128,3.763
124,128,3.880
126,128,3.922
128,128,3.898
130,128,3.876
132,128,3.398
134,128,3.065
136,128,3.535
138,128,3.162
140,128,3.189
142,128,2.890
144,128,2.227
146,128,1.713
148,128,2.103
150,128,2.097
150,130,1.973
148,130,1.707
146,130,1.849
144,130,2.122
142,130,2.168
140,130,2.452
138,130,2.281
136,130,2.636
134,130,2.908
132,130,3.193
130,130,3.447
128,130,3.464
126,130,3.299
124,130,3.348
122,130,3.422
120,130,3.908
118,130,3.858
116,130,3.877
114,130,3.901
112,130,3.874
110,130,3.728
108,130,3.641
106,130,3.458
104,130,3.520
102,130,3.516
100,130,3.382
98,130,2.953
96,130,2.636
94,130,2.667
92,130,2.695
90,130,2.404
88,130,2.248
86,130,1.638
84,130,1.461
82,130,1.667
80,130,1.615
78,130,1.795
76,130,1.867
74,130,2.974
72,130,1.810
70,130,2.305
68,130,1.570
66,130,2.706
64,130,2.105
62,130,1.014
60,130,8.265
58,130,1.125
56,130,3.987
54,130,1.740
52,130,4.864
50,130,6.415
48,130,7.475
46,130,7.920
44,130,7.970
42,130,8.243
40,130,8.252
38,130,8.117
36,130,7.997
34,130,7.644
32,130,8.309
30,130,8.321
28,130,8.334
26,130,8.132
24,130,8.348
22,130,8.323
20,130,8.234
18,130,8.341
16,130,8.378
14,130,8.104
12,130,8.123
10,130,8.398
8,130,7.996
6,130,8.459
4,130,8.247
2,130,8.029
0,130,7.928
0,132,7.839
2,132,8.032
4,132,8.186
6,132,8.191
8,132,8.311
10,132,8.357
12,132,8.229
14,132,8.309
16,132,8.147
18,132,7.855
20,132,7.924
22,132,8.091
24,132,8.350
26,132,8.301
28,132,8.173
30,132,8.219
32,132,7.943
34,132,7.419
36,132,7.535
38,132,7.444
40,132,7.839
42,132,7.949
44,132,8.147
46,132,7.901
48,132,7.959
50,132,8.203
52,132,8.228
54,132,8.244
56,132,8.215
58,132,8.125
60,132,7.496
62,132,5.995
64,132,4.301
66,132,1.337
68,132,4.725
70,132,5.774
72,132,1.175
74,132,1.590
76,132,2.258
78,132,2.227
80,132,2.948
82,132,1.844
84,132,1.424
86,132,2.265
88,132,2.570
90,132,3.292
92,132,3.370
94,132,3.698
96,132,3.517
98,132,3.399
100,132,3.006
102,132,3.511
104,132,3.051
106,132,1.657
108,132,2.147
110,132,3.702
112,132,2.080
114,132,3.970
116,132,2.320
118,132,3.724
120,132,1.765
122,132,2.361
124,132,1.394
126,132,2.304
128,132,3.564
130,132,3.392
132,132,1.783
134,132,1.582
136,132,3.031
138,132,3.507
140,132,3.943
142,132,3.970
144,132,3.654
146,132,3.205
148,132,3.021
150,132,2.097
150,134,1.860
148,134,2.008
146,134,2.246
144,134,1.951
142,134,2.270
140,134,2.768
138,134,2.852
136,134,2.761
134,134,2.370
132,134,2.926
130,134,3.367
128,134,3.199
126,134,2.871
124,134,3.466
122,134,3.509
120,134,3.298
118,134,3.425
116,134,3.457
114,134,3.405
112,134,3.406
110,134,3.394
108,134,3.260
106,134,3.234
104,134,2.440
102,134,2.413
100,134,2.148
98,134,1.864
96,134,1.788
94,134,1.717
92,134,1.641
90,134,2.012
88,134,1.815
86,134,2.183
84,134,3.041
82,134,3.671
80,134,3.846
78,134,3.927
76,134,3.954
74,134,3.948
72,134,3.799
70,134,3.580
68,134,3.126
66,134,1.782
64,134,8.745
62,134,3.346
60,134,3.852
58,134,8.015
56,134,1.308
54,134,1.909
52,134,3.272
50,134,5.135
48,134,6.296
46,134,7.357
44,134,7.691
42,134,7.703
40,134,7.901
38,134,8.076
36,134,8.198
34,134,8.244
32,134,8.364
30,134,8.425
28,134,8.409
26,134,8.347
24,134,8.206
22,134,7.975
20,134,7.756
18,134,7.751
16,134,7.865
14,134,8.014
12,134,8.251
10,134,8.434
8,134,8.445
6,134,8.443
4,134,8.361
2,134,8.026
0,134,7.985
0,136,8.060
2,136,8.255
4,136,8.375
6,136,8.421
8,136,8.361
10,136,8.160
12,136,8.009
14,136,7.907
16,136,7.816
18,136,8.016
20,136,8.245
22,136,8.359
24,136,8.406
26,136,8.397
28,136,8.379
30,136,8.189
32,136,8.212
34,136,7.995
36,136,7.765
38,136,7.929
40,136,8.001
42,136,8.192
44,136,8.364
46,136,8.395
48,136,8.389
50,136,8.370
52,136,8.273
54,136,8.208
56,136,7.894
58,136,7.386
60,136,6.569
62,136,5.309
64,136,3.656
66,136,2.312
68,136,1.271
70,136,1.059
72,136,6.406
74,136,5.371
76,136,5.116
78,136,8.892
80,136,1.376
82,136,1.709
84,136,2.435
86,136,2.849
88,136,3.216
90,136,3.652
92,136,3.802
94,136,3.969
96,136,3.868
98,136,3.908
100,136,3.800
102,136,3.542
104,136,2.766
106,136,2.829
108,136,2.016
110,136,1.640
112,136,1.719
114,136,1.622
116,136,1.543
118,136,1.485
120,136,1.362
122,136,1.837
124,136,2.192
126,136,1.707
128,136,1.814
130,136,2.551
132,136,2.944
134,136,2.934
136,136,3.488
138,136,3.613
140,136,3.669
142,136,3.977
144,136,4.014
146,136,3.942
148,136,3.987
150,136,3.771
150,138,3.982
148,138,3.973
146,138,3.926
144,138,3.969
142,138,4.006
140,138,3.466
138,138,3.537
136,138,3.350
134,138,3.045
132,138,2.977
130,138,2.350
128,138,2.358
126,138,2.029
124,138,1.852
122,138,2.090
120,138,1.626
118,138,1.134
116,138,1.894
114,138,2.218
112,138,2.742
110,138,2.960
108,138,2.586
106,138,3.106
104,138,3.417
102,138,3.620
100,138,3.917
98,138,3.677
96,138,3.914
94,138,1.564
92,138,2.226
90,138,2.461
88,138,3.646
86,138,3.778
84,138,3.865
82,138,3.612
80,138,2.668
78,138,2.052
76,138,1.960
74,138,2.567
72,138,3.553
70,138,3.244
68,138,3.568
66,138,3.110
64,138,1.667
62,138,1.657
60,138,8.279
58,138,7.140
56,138,1.260
54,138,1.859
52,138,1.959
50,138,4.718
48,138,7.105
46,138,7.922
44,138,8.190
42,138,8.339
40,138,8.425
38,138,8.425
36,138,8.431
34,138,8.407
32,138,8.353
30,138,8.111
28,138,8.202
26,138,8.286
24,138,8.233
22,138,8.207
20,138,8.036
18,138,8.004
16,138,7.952
14,138,8.044
12,138,7.904
10,138,8.039
8,138,8.206
6,138,8.338
4,138,7.984
2,138,8.484
0,138,8.002
0,140,8.435
2,140,7.877
4,140,8.212
6,140,7.973
8,140,7.662
10,140,7.996
12,140,7.558
14,140,8.077
16,140,8.112
18,140,7.414
20,140,7.557
22,140,7.378
24,140,7.621
26,140,8.200
28,140,8.314
30,140,7.692
32,140,7.787
34,140,7.998
36,140,7.878
38,140,7.895
40,140,8.121
42,140,8.259
44,140,8.444
46,140,7.962
48,140,8.403
50,140,7.906
52,140,8.332
54,140,7.809
56,140,8.065
58,140,7.372
60,140,6.606
62,140,5.811
64,140,3.176
66,140,1.640
68,140,7.734
70,140,7.170
72,140,1.184
74,140,1.571
76,140,1.785
78,140,1.610
80,140,1.514
82,140,1.691
84,140,1.322
86,140,1.529
88,140,1.692
90,140,1.882
92,140,2.105
94,140,2.390
96,140,2.631
98,140,3.269
100,140,3.200
102,140,3.603
104,140,3.676
106,140,3.500
108,140,3.716
110,140,3.829
112,140,3.822
114,140,3.780
116,140,3.539
118,140,3.362
120,140,3.688
122,140,1.979
124,140,2.425
126,140,1.162
128,140,3.231
130,140,3.457
132,140,3.583
134,140,2.603
136,140,1.689
138,140,2.207
140,140,3.825
142,140,2.836
144,140,1.626
146,140,1.830
148,140,1.813
150,140,2.939
150,142,2.643
148,142,4.047
146,142,2.423
144,142,1.726
142,142,3.792
140,142,2.150
138,142,2.377
136,142,3.544
134,142,3.008
132,142,3.528
130,142,3.080
128,142,3.002
126,142,2.279
124,142,2.560
122,142,3.420
120,142,3.158
118,142,3.285
116,142,1.885
114,142,3.603
112,142,3.506
110,142,1.386
108,142,3.364
106,142,3.686
104,142,2.345
102,142,3.785
100,142,3.270
98,142,3.227
96,142,3.853
94,142,1.901
92,142,2.991
90,142,3.500
88,142,3.274
86,142,1.732
84,142,1.731
82,142,1.783
80,142,3.506
78,142,3.678
76,142,3.937
74,142,3.771
72,142,2.716
70,142,2.945
68,142,3.205
66,142,7.891
64,142,1.221
62,142,1.094
60,142,8.389
58,142,6.595
56,142,4.372
54,142,1.930
52,142,3.930
50,142,5.813
48,142,7.274
46,142,7.921
44,142,7.931
42,142,8.347
40,142,7.754
38,142,8.404
36,142,8.150
34,142,8.134
32,142,8.207
30,142,8.109
28,142,7.466
26,142,8.061
24,142,8.006
22,142,7.983
20,142,8.083
18,142,8.267
16,142,8.189
14,142,7.809
12,142,7.650
10,142,7.400
8,142,7.786
6,142,8.078
4,142,8.294
2,142,8.271
0,142,8.200
0,144,8.155
2,144,8.188
4,144,8.270
6,144,8.253
8,144,8.275
10,144,8.276
12,144,8.263
14,144,8.250
16,144,8.227
18,144,8.094
20,144,8.031
22,144,7.874
24,144,7.731
26,144,7.579
28,144,7.546
30,144,7.382
32,144,7.404
34,144,7.470
36,144,7.518
38,144,7.564
40,144,7.736
42,144,7.864
44,144,8.045
46,144,8.080
48,144,8.215
50,144,8.263
52,144,8.271
54,144,8.249
56,144,8.211
58,144,8.093
60,144,7.575
62,144,6.378
64,144,4.420
66,144,2.323
68,144,5.693
70,144,1.086
72,144,6.428
74,144,1.337
76,144,2.187
78,144,2.866
80,144,3.101
82,144,3.149
84,144,3.024
86,144,2.462
88,144,2.528
90,144,2.027
92,144,2.037
94,144,1.572
96,144,1.453
98,144,1.497
100,144,1.603
102,144,2.094
104,144,2.403
106,144,2.497
108,144,3.061
110,144,3.367
112,144,3.377
114,144,3.532
116,144,3.602
118,144,3.628
120,144,3.576
122,144,3.468
124,144,3.340
126,144,3.258
128,144,3.009
130,144,2.954
132,144,2.948
134,144,2.793
136,144,2.639
138,144,2.518
140,144,2.000
142,144,1.948
144,144,2.531
146,144,1.712
148,144,1.602
150,144,1.602
150,146,1.527
148,146,1.472
146,146,1.461
144,146,1.516
142,146,1.667
140,146,1.667
138,146,2.022
136,146,2.402
134,146,1.907
132,146,2.267
130,146,2.739
128,146,2.744
126,146,2.594
124,146,3.017
122,146,2.904
120,146,3.167
118,146,3.142
116,146,3.299
114,146,3.464
112,146,3.545
110,146,3.632
108,146,3.474
106,146,3.437
104,146,3.130
102,146,3.354
100,146,3.048
98,146,2.848
96,146,2.336
94,146,2.272
92,146,1.617
90,146,1.452
88,146,1.488
86,146,1.731
84,146,2.130
82,146,2.523
80,146,2.878
78,146,3.129
76,146,3.489
74,146,3.695
72,146,3.717
70,146,3.561
68,146,3.097
66,146,2.335
64,146,1.431
62,146,4.678
60,146,1.217
58,146,2.578
56,146,1.135
54,146,2.515
52,146,4.659
50,146,6.370
48,146,7.519
46,146,8.029
44,146,8.102
42,146,7.852
40,146,7.548
38,146,7.432
36,146,7.394
34,146,7.346
32,146,7.456
30,146,7.703
28,146,7.983
26,146,8.221
24,146,8.265
22,146,8.201
20,146,8.251
18,146,8.251
16,146,8.102
14,146,7.829
12,146,7.729
10,146,7.470
8,146,7.479
6,146,7.720
4,146,8.193
2,146,8.245
0,146,8.260
0,148,8.291
2,148,8.217
4,148,7.942
6,148,7.680
8,148,7.506
10,148,7.491
12,148,7.750
14,148,7.735
16,148,7.902
18,148,8.117
20,148,8.142
22,148,8.255
24,148,8.297
26,148,8.235
28,148,8.206
30,148,8.109
32,148,7.971
34,148,7.982
36,148,7.548
38,148,7.526
40,148,7.344
42,148,7.442
44,148,7.562
46,148,7.807
48,148,7.995
50,148,8.078
52,148,8.153
54,148,8.231
56,148,8.242
58,148,8.154
60,148,7.788
62,148,6.683
64,148,4.932
66,148,2.834
68,148,9.145
70,148,1.966
72,148,2.943
74,148,1.219
76,148,1.997
78,148,2.721
80,148,3.261
82,148,3.448
84,148,3.391
86,148,3.079
88,148,2.542
90,148,2.298
92,148,1.936
94,148,1.806
96,148,1.456
98,148,1.442
100,148,1.626
102,148,1.679
104,148,2.008
106,148,2.585
108,148,2.636
110,148,3.232
112,148,3.378
114,148,3.486
116,148,3.430
118,148,3.519
120,148,3.572
122,148,3.475
124,148,3.316
126,148,3.342
128,148,3.269
130,148,2.913
132,148,2.976
134,148,3.039
136,148,2.865
138,148,2.392
140,148,2.268
142,148,2.559
144,148,2.361
146,148,1.646
148,148,1.493
150,148,1.656
150,150,1.679
148,150,1.938
146,150,1.790
144,150,1.709
142,150,1.699
140,150,1.654
138,150,2.059
136,150,2.351
134,150,2.488
132,150,2.328
130,150,2.447
128,150,2.976
126,150,2.928
124,150,2.998
122,150,3.067
120,150,3.209
118,150,3.387
116,150,3.445
114,150,3.534
112,150,3.649
110,150,3.622
108,150,3.291
106,150,3.318
104,150,3.134
102,150,3.163
100,150,3.065
98,150,2.349
96,150,1.833
94,150,1.835
92,150,1.617
90,150,1.421
88,150,1.556
86,150,1.513
84,150,2.102
82,150,2.734
80,150,2.877
78,150,2.978
76,150,3.470
74,150,3.719
72,150,3.657
70,150,3.539
68,150,3.008
66,150,1.931
64,150,8.492
62,150,5.396
60,150,9.233
58,150,3.063
56,150,1.308
54,150,2.750
52,150,4.582
50,150,6.390
48,150,7.547
46,150,7.974
44,150,7.858
42,150,7.705
40,150,7.529
38,150,7.470
36,150,7.337
34,150,7.381
32,150,7.612
30,150,7.946
28,150,8.057
26,150,8.227
24,150,8.294
22,150,8.300
20,150,8.253
18,150,8.104
16,150,8.002
14,150,7.841
12,150,7.497
10,150,7.555
8,150,7.438
6,150,7.636
4,150,7.952
2,150,8.231
0,150,8.254
