0,0,7.849
2,0,7.825
4,0,7.783
6,0,7.724
8,0,7.587
10,0,7.459
12,0,7.364
14,0,7.189
16,0,7.279
18,0,7.243
20,0,7.327
22,0,7.417
24,0,7.558
26,0,7.765
28,0,7.939
30,0,7.984
32,0,7.968
34,0,7.937
36,0,7.889
38,0,7.621
40,0,7.507
42,0,7.085
44,0,6.671
46,0,6.504
48,0,6.731
50,0,6.939
52,0,7.668
54,0,7.880
56,0,7.986
58,0,7.952
60,0,8.022
62,0,8.026
64,0,8.064
66,0,8.072
68,0,8.089
70,0,8.048
72,0,8.027
74,0,8.009
76,0,7.916
78,0,7.744
80,0,7.801
82,0,7.613
84,0,7.614
86,0,7.516
88,0,7.382
90,0,7.011
92,0,6.604
94,0,5.240
96,0,3.923
98,0,2.629
100,0,1.762
102,0,1.256
104,0,9.311
106,0,6.664
108,0,1.007
110,0,5.686
112,0,8.248
114,0,1.088
116,0,1.690
118,0,2.530
120,0,2.395
122,0,2.430
124,0,3.320
126,0,3.561
128,0,3.432
130,0,3.852
132,0,3.826
134,0,3.826
136,0,3.864
138,0,3.677
140,0,3.740
142,0,3.651
144,0,3.579
146,0,3.466
148,0,2.914
150,0,3.006
150,2,2.331
148,2,2.371
146,2,2.059
144,2,2.235
142,2,2.390
140,2,2.783
138,2,3.184
136,2,3.049
134,2,3.283
132,2,3.248
130,2,3.539
128,2,3.474
126,2,3.711
124,2,3.861
122,2,3.912
120,2,3.908
118,2,3.809
116,2,3.830
114,2,3.760
112,2,3.711
110,2,3.585
108,2,2.902
106,2,2.518
104,2,1.641
102,2,1.206
100,2,8.987
98,2,2.831
96,2,1.688
94,2,2.859
92,2,5.494
90,2,1.243
88,2,2.117
86,2,3.166
84,2,4.609
82,2,5.945
80,2,6.968
78,2,7.517
76,2,7.784
74,2,7.908
72,2,7.949
70,2,7.740
68,2,7.858
66,2,7.849
64,2,7.728
62,2,7.596
60,2,7.593
58,2,7.591
56,2,7.560
54,2,7.767
52,2,7.841
50,2,7.819
48,2,8.049
46,2,8.057
44,2,8.040
42,2,8.061
40,2,7.988
38,2,7.755
36,2,7.498
34,2,7.301
32,2,7.359
30,2,7.455
28,2,7.498
26,2,7.567
24,2,7.593
22,2,7.577
20,2,7.627
18,2,7.572
16,2,7.633
14,2,7.767
12,2,7.800
10,2,7.850
8,2,7.869
6,2,7.890
4,2,7.931
2,2,7.958
0,2,7.930
0,4,7.975
2,4,7.958
4,4,7.953
6,4,7.983
8,4,7.966
10,4,7.964
12,4,7.944
14,4,7.953
16,4,7.943
18,4,7.896
20,4,7.821
22,4,7.883
24,4,7.641
26,4,7.711
28,4,7.862
30,4,7.832
32,4,7.675
34,4,7.636
36,4,7.602
38,4,7.554
40,4,7.522
42,4,7.211
44,4,7.216
46,4,7.177
48,4,7.256
50,4,7.551
52,4,7.799
54,4,7.993
56,4,8.081
58,4,8.088
60,4,8.078
62,4,8.032
64,4,7.928
66,4,7.915
68,4,7.836
70,4,7.762
72,4,7.638
74,4,7.676
76,4,7.612
78,4,7.599
80,4,7.712
82,4,7.794
84,4,7.851
86,4,7.807
88,4,7.805
90,4,7.529
92,4,6.901
94,4,5.697
96,4,4.213
98,4,2.839
100,4,1.729
102,4,5.206
104,4,8.495
106,4,6.069
108,4,2.785
110,4,7.677
112,4,1.523
114,4,2.546
116,4,3.441
118,4,3.670
120,4,3.813
122,4,3.837
124,4,3.883
126,4,3.826
128,4,3.575
130,4,3.333
132,4,3.398
134,4,3.169
136,4,2.765
138,4,2.587
140,4,2.136
142,4,2.180
144,4,2.190
146,4,1.885
148,4,1.664
150,4,1.561
150,6,1.643
148,6,1.702
146,6,1.510
144,6,1.660
142,6,1.530
140,6,1.628
138,6,1.754
136,6,1.706
134,6,2.074
132,6,2.078
130,6,2.233
128,6,2.465
126,6,2.804
124,6,2.705
122,6,3.004
120,6,3.310
118,6,3.344
116,6,3.420
114,6,3.684
112,6,3.748
110,6,3.747
108,6,3.589
106,6,3.413
104,6,3.161
102,6,2.381
100,6,1.687
98,6,1.109
96,6,4.185
94,6,1.046
92,6,1.116
90,6,6.439
88,6,1.588
86,6,2.903
84,6,4.299
82,6,5.814
80,6,7.076
78,6,7.660
76,6,7.921
74,6,8.026
72,6,8.064
70,6,8.049
68,6,8.014
66,6,7.989
64,6,7.954
62,6,7.849
60,6,7.731
58,6,7.684
56,6,7.672
54,6,7.579
52,6,7.606
50,6,7.627
48,6,7.776
46,6,7.832
44,6,7.947
42,6,7.958
40,6,7.843
38,6,7.819
36,6,7.771
34,6,7.734
32,6,7.799
30,6,7.908
28,6,7.970
26,6,7.920
24,6,7.825
22,6,7.714
20,6,7.655
18,6,7.489
16,6,7.454
14,6,7.524
12,6,7.714
10,6,7.888
8,6,8.006
6,6,8.027
4,6,8.035
2,6,8.054
0,6,8.059
0,8,8.086
2,8,8.092
4,8,8.073
6,8,8.071
8,8,8.063
10,8,8.057
12,8,8.029
14,8,7.967
16,8,8.006
18,8,7.978
20,8,7.826
22,8,7.706
24,8,7.570
26,8,7.527
28,8,7.508
30,8,7.585
32,8,7.650
34,8,7.681
36,8,7.726
38,8,7.805
40,8,7.856
42,8,7.885
44,8,7.817
46,8,7.704
48,8,7.718
50,8,7.844
52,8,7.950
54,8,8.000
56,8,8.032
58,8,8.010
60,8,7.980
62,8,7.880
64,8,7.776
66,8,7.652
68,8,7.594
70,8,7.556
72,8,7.703
74,8,7.686
76,8,7.722
78,8,7.811
80,8,7.924
82,8,7.996
84,8,8.008
86,8,8.020
88,8,7.941
90,8,7.685
92,8,7.047
94,8,5.848
96,8,4.182
98,8,2.461
100,8,1.181
102,8,3.668
104,8,4.569
106,8,3.024
108,8,1.112
110,8,2.101
112,8,2.645
114,8,3.223
116,8,3.504
118,8,3.711
120,8,3.691
122,8,3.432
124,8,3.274
126,8,3.234
128,8,3.026
130,8,2.930
132,8,2.298
134,8,2.121
136,8,1.903
138,8,1.722
140,8,1.722
142,8,1.511
144,8,1.540
146,8,1.749
148,8,1.826
150,8,2.150
150,10,2.633
148,10,2.311
146,10,2.059
144,10,2.203
142,10,2.293
140,10,1.925
138,10,1.925
136,10,1.701
134,10,1.763
132,10,1.663
130,10,1.503
128,10,1.738
126,10,1.756
124,10,1.618
122,10,1.999
120,10,2.119
118,10,1.774
116,10,2.516
114,10,2.427
112,10,2.784
110,10,2.837
108,10,3.052
106,10,3.171
104,10,3.011
102,10,2.705
100,10,2.199
98,10,1.569
96,10,1.013
94,10,4.137
92,10,7.770
90,10,3.164
88,10,1.096
86,10,2.582
84,10,4.466
82,10,6.099
80,10,6.991
78,10,7.526
76,10,7.839
74,10,7.976
72,10,8.061
70,10,8.081
68,10,8.087
66,10,8.098
64,10,8.074
62,10,8.046
60,10,8.024
58,10,7.997
56,10,7.933
54,10,7.832
52,10,7.773
50,10,7.761
48,10,7.633
46,10,7.608
44,10,7.661
42,10,7.683
40,10,7.742
38,10,7.863
36,10,7.944
34,10,7.955
32,10,8.004
30,10,8.052
28,10,8.051
26,10,8.065
24,10,8.057
22,10,8.004
20,10,7.842
18,10,7.715
16,10,7.569
14,10,7.542
12,10,7.572
10,10,7.701
8,10,7.805
6,10,7.877
4,10,7.996
2,10,8.092
0,10,8.109
0,12,8.108
2,12,8.083
4,12,8.099
6,12,8.043
8,12,8.013
10,12,7.816
12,12,7.764
14,12,7.870
16,12,7.779
18,12,7.636
20,12,7.631
22,12,7.576
24,12,7.640
26,12,7.573
28,12,7.740
30,12,7.873
32,12,7.978
34,12,8.002
36,12,8.041
38,12,8.052
40,12,8.069
42,12,8.053
44,12,8.042
46,12,8.016
48,12,8.009
50,12,7.978
52,12,7.918
54,12,7.966
56,12,7.905
58,12,7.686
60,12,7.603
62,12,7.621
64,12,7.628
66,12,7.603
68,12,7.683
70,12,7.871
72,12,7.962
74,12,7.987
76,12,8.027
78,12,8.063
80,12,8.074
82,12,8.077
84,12,8.085
86,12,8.040
88,12,7.920
90,12,7.682
92,12,7.242
94,12,6.036
96,12,4.342
98,12,2.227
100,12,6.250
102,12,1.616
104,12,1.456
106,12,6.848
108,12,1.478
110,12,2.269
112,12,2.808
114,12,3.141
116,12,3.099
118,12,3.128
120,12,2.828
122,12,2.377
124,12,2.289
126,12,2.369
128,12,2.056
130,12,1.567
132,12,1.536
134,12,1.487
136,12,1.666
138,12,1.769
140,12,1.699
142,12,2.144
144,12,2.315
146,12,2.912
148,12,2.937
150,12,3.101
150,14,3.387
148,14,3.266
146,14,3.176
144,14,3.274
142,14,3.064
140,14,3.253
138,14,2.741
136,14,2.300
134,14,2.493
132,14,2.412
130,14,1.782
128,14,1.768
126,14,1.722
124,14,1.544
122,14,1.469
120,14,1.474
118,14,1.478
116,14,1.727
114,14,1.915
112,14,1.993
110,14,2.311
108,14,2.246
106,14,2.595
104,14,2.390
102,14,2.285
100,14,2.072
98,14,1.594
96,14,1.175
94,14,6.268
92,14,3.700
90,14,6.082
88,14,1.693
86,14,3.152
84,14,4.819
82,14,6.235
80,14,7.119
78,14,7.501
76,14,7.696
74,14,7.869
72,14,7.939
70,14,8.011
68,14,8.052
66,14,8.061
64,14,8.074
62,14,8.081
60,14,8.090
58,14,8.062
56,14,8.052
54,14,8.061
52,14,7.996
50,14,7.858
48,14,7.848
46,14,7.766
44,14,7.675
42,14,7.630
40,14,7.616
38,14,7.632
36,14,7.798
34,14,7.834
32,14,7.904
30,14,8.043
28,14,8.083
26,14,8.079
24,14,8.096
22,14,8.078
20,14,8.042
18,14,8.015
16,14,7.918
14,14,7.838
12,14,7.760
10,14,7.651
8,14,7.702
6,14,7.777
4,14,7.846
2,14,7.916
0,14,8.081
0,16,7.979
2,16,7.899
4,16,7.828
6,16,7.798
8,16,7.818
10,16,7.768
12,16,7.678
14,16,7.630
16,16,7.670
18,16,7.695
20,16,7.820
22,16,7.883
24,16,7.874
26,16,7.891
28,16,7.949
30,16,8.010
32,16,8.038
34,16,8.091
36,16,8.093
38,16,8.086
40,16,8.062
42,16,8.031
44,16,8.015
46,16,8.014
48,16,7.972
50,16,7.854
52,16,7.696
54,16,7.672
56,16,7.632
58,16,7.616
60,16,7.627
62,16,7.719
64,16,7.854
66,16,7.925
68,16,7.971
70,16,8.007
72,16,8.047
74,16,8.082
76,16,8.094
78,16,8.094
80,16,8.075
82,16,8.085
84,16,8.044
86,16,7.915
88,16,7.864
90,16,7.665
92,16,7.173
94,16,6.198
96,16,4.334
98,16,2.553
100,16,1.035
102,16,3.709
104,16,6.891
106,16,1.156
108,16,1.588
110,16,2.072
112,16,2.263
114,16,2.256
116,16,2.299
118,16,1.925
120,16,2.257
122,16,1.763
124,16,1.420
126,16,1.464
128,16,1.666
130,16,1.998
132,16,2.138
134,16,2.513
136,16,2.792
138,16,2.800
140,16,2.768
142,16,3.501
144,16,3.555
146,16,3.701
148,16,3.845
150,16,3.941
150,18,3.778
148,18,3.957
146,18,3.837
144,18,3.853
142,18,3.934
140,18,3.892
138,18,3.711
136,18,3.680
134,18,3.815
132,18,3.695
130,18,3.271
128,18,3.427
126,18,3.214
124,18,2.816
122,18,2.950
120,18,2.757
118,18,2.427
116,18,1.639
114,18,1.611
112,18,1.424
110,18,1.213
108,18,1.070
106,18,1.039
104,18,1.312
102,18,1.204
100,18,1.024
98,18,1.144
96,18,1.095
94,18,1.096
92,18,1.275
90,18,1.734
88,18,2.971
86,18,4.275
84,18,5.434
82,18,6.491
80,18,7.123
78,18,7.398
76,18,7.514
74,18,7.625
72,18,7.697
70,18,7.703
68,18,7.799
66,18,7.790
64,18,7.887
62,18,7.967
60,18,8.062
58,18,8.089
56,18,8.085
54,18,8.095
52,18,8.095
50,18,8.081
48,18,8.071
46,18,8.048
44,18,7.907
42,18,7.878
40,18,7.860
38,18,7.701
36,18,7.610
34,18,7.644
32,18,7.659
30,18,7.760
28,18,7.824
26,18,7.934
24,18,8.024
22,18,8.069
20,18,8.097
18,18,8.105
16,18,8.101
14,18,8.071
12,18,8.005
10,18,7.929
8,18,7.702
6,18,7.576
4,18,7.625
2,18,7.638
0,18,7.765
0,20,7.738
2,20,7.648
4,20,7.614
6,20,7.574
8,20,7.609
10,20,7.685
12,20,7.692
14,20,7.845
16,20,7.896
18,20,7.904
20,20,8.003
22,20,8.049
24,20,8.073
26,20,8.095
28,20,8.096
30,20,8.098
32,20,8.096
34,20,8.079
36,20,8.055
38,20,8.003
40,20,7.933
42,20,7.894
44,20,7.850
46,20,7.714
48,20,7.640
50,20,7.610
52,20,7.673
54,20,7.754
56,20,7.775
58,20,7.831
60,20,7.960
62,20,8.018
64,20,8.065
66,20,8.075
68,20,8.092
70,20,8.091
72,20,8.080
74,20,8.076
76,20,8.043
78,20,7.970
80,20,7.947
82,20,7.817
84,20,7.769
86,20,7.656
88,20,7.562
90,20,7.407
92,20,7.062
94,20,6.353
96,20,5.215
98,20,3.564
100,20,2.407
102,20,1.543
104,20,1.116
106,20,1.068
108,20,8.875
110,20,8.854
112,20,1.147
114,20,1.155
116,20,1.068
118,20,1.179
120,20,1.691
122,20,1.909
124,20,2.285
126,20,2.616
128,20,2.627
130,20,3.023
132,20,3.327
134,20,3.578
136,20,3.673
138,20,3.750
140,20,3.854
142,20,3.930
144,20,3.898
146,20,3.861
148,20,3.890
150,20,3.684
150,22,2.856
148,22,3.063
146,22,3.495
144,22,3.625
142,22,3.605
140,22,3.607
138,22,3.856
136,22,3.817
134,22,3.832
132,22,3.858
130,22,3.912
128,22,3.886
126,22,3.866
124,22,3.810
122,22,3.679
120,22,3.679
118,22,3.426
116,22,3.156
114,22,2.940
112,22,2.620
110,22,2.109
108,22,1.606
106,22,8.325
104,22,5.027
102,22,2.343
100,22,1.898
98,22,2.644
96,22,7.592
94,22,1.033
92,22,1.772
90,22,2.831
88,22,4.042
86,22,5.357
84,22,6.494
82,22,7.203
80,22,7.606
78,22,7.721
76,22,7.716
74,22,7.717
72,22,7.627
70,22,7.629
68,22,7.592
66,22,7.577
64,22,7.558
62,22,7.724
60,22,7.762
58,22,7.757
56,22,7.956
54,22,7.994
52,22,8.021
50,22,8.059
48,22,8.092
46,22,8.096
44,22,8.103
42,22,8.088
40,22,8.027
38,22,7.980
36,22,7.918
34,22,7.834
32,22,7.697
30,22,7.609
28,22,7.591
26,22,7.649
24,22,7.681
22,22,7.747
20,22,7.890
18,22,8.031
16,22,8.045
14,22,8.092
12,22,8.056
10,22,7.905
8,22,7.747
6,22,7.590
4,22,7.627
2,22,7.735
0,22,7.650
0,24,7.770
2,24,7.752
4,24,7.711
6,24,7.657
8,24,7.605
10,24,7.500
12,24,7.538
14,24,7.512
16,24,7.729
18,24,7.908
20,24,8.026
22,24,8.079
24,24,8.091
26,24,8.069
28,24,8.006
30,24,7.977
32,24,7.901
34,24,7.872
36,24,7.718
38,24,7.666
40,24,7.610
42,24,7.633
44,24,7.659
46,24,7.712
48,24,7.868
50,24,7.894
52,24,7.932
54,24,8.007
56,24,8.081
58,24,8.088
60,24,8.083
62,24,8.086
64,24,8.078
66,24,8.047
68,24,8.033
70,24,8.000
72,24,7.901
74,24,7.870
76,24,7.685
78,24,7.652
80,24,7.583
82,24,7.674
84,24,7.642
86,24,7.614
88,24,7.785
90,24,7.808
92,24,7.616
94,24,7.081
96,24,6.230
98,24,5.004
100,24,3.513
102,24,2.224
104,24,1.233
106,24,6.476
108,24,2.758
110,24,7.283
112,24,2.820
114,24,6.918
116,24,1.336
118,24,2.295
120,24,2.882
122,24,3.217
124,24,3.536
126,24,3.753
128,24,3.815
130,24,3.876
132,24,3.859
134,24,3.790
136,24,3.684
138,24,3.728
140,24,3.608
142,24,3.484
144,24,3.157
146,24,2.419
148,24,2.346
150,24,2.487
150,26,1.762
148,26,1.774
146,26,1.741
144,26,2.341
142,26,2.598
140,26,2.464
138,26,2.094
136,26,2.667
134,26,2.704
132,26,2.688
130,26,3.467
128,26,3.636
126,26,3.434
124,26,3.554
122,26,3.718
120,26,3.862
118,26,3.798
116,26,3.679
114,26,3.582
112,26,3.401
110,26,3.063
108,26,2.259
106,26,1.688
104,26,1.082
102,26,5.653
100,26,2.619
98,26,1.430
96,26,3.417
94,26,8.197
92,26,1.641
90,26,3.075
88,26,4.709
86,26,6.045
84,26,7.050
82,26,7.625
80,26,7.898
78,26,7.985
76,26,8.021
74,26,7.993
72,26,7.972
70,26,7.960
68,26,7.895
66,26,7.806
64,26,7.759
62,26,7.694
60,26,7.648
58,26,7.581
56,26,7.570
54,26,7.657
52,26,7.717
50,26,7.778
48,26,7.914
46,26,7.870
44,26,8.041
42,26,8.102
40,26,8.107
38,26,8.112
36,26,8.111
34,26,8.073
32,26,7.965
30,26,7.992
28,26,7.885
26,26,7.770
24,26,7.659
22,26,7.633
20,26,7.630
18,26,7.707
16,26,7.898
14,26,7.939
12,26,7.771
10,26,7.518
8,26,7.371
6,26,7.392
4,26,7.652
2,26,7.908
0,26,7.934
0,28,7.943
2,28,7.986
4,28,7.958
6,28,7.868
8,28,7.662
10,28,7.469
12,28,7.284
14,28,7.235
16,28,7.311
18,28,7.443
20,28,7.765
22,28,7.841
24,28,7.869
26,28,7.790
28,28,7.733
30,28,7.634
32,28,7.618
34,28,7.637
36,28,7.629
38,28,7.729
40,28,7.738
42,28,7.850
44,28,8.015
46,28,7.997
48,28,8.069
50,28,8.094
52,28,8.109
54,28,8.112
56,28,8.112
58,28,8.071
60,28,8.022
62,28,7.993
64,28,7.905
66,28,7.842
68,28,7.692
70,28,7.599
72,28,7.604
74,28,7.615
76,28,7.615
78,28,7.746
80,28,7.726
82,28,7.838
84,28,7.969
86,28,7.973
88,28,7.982
90,28,8.002
92,28,7.894
94,28,7.618
96,28,6.914
98,28,5.733
100,28,4.197
102,28,2.304
104,28,9.764
106,28,5.365
108,28,1.891
110,28,4.099
112,28,8.351
114,28,1.316
116,28,2.022
118,28,2.757
120,28,3.230
122,28,3.518
124,28,3.645
126,28,3.575
128,28,3.433
130,28,3.317
132,28,3.084
134,28,2.947
136,28,2.676
138,28,2.418
140,28,1.983
142,28,1.813
144,28,1.629
146,28,1.629
148,28,1.509
150,28,1.544
150,30,1.728
148,30,1.779
146,30,1.691
144,30,1.894
142,30,1.997
140,30,1.674
138,30,1.567
136,30,1.495
134,30,1.499
132,30,1.573
130,30,1.715
128,30,1.639
126,30,1.681
124,30,2.526
122,30,2.483
120,30,2.591
118,30,2.810
116,30,2.767
114,30,3.095
112,30,2.865
110,30,2.502
108,30,2.309
106,30,1.907
104,30,1.535
102,30,1.143
100,30,7.553
98,30,3.065
96,30,1.280
94,30,2.483
92,30,1.241
90,30,2.857
88,30,4.519
86,30,6.033
84,30,7.158
82,30,7.681
80,30,7.912
78,30,7.987
76,30,8.036
74,30,8.060
72,30,8.098
70,30,8.092
68,30,8.091
66,30,8.094
64,30,8.020
62,30,7.925
60,30,7.938
58,30,7.967
56,30,7.868
54,30,7.737
52,30,7.625
50,30,7.616
48,30,7.571
46,30,7.625
44,30,7.772
42,30,7.893
40,30,7.875
38,30,7.960
36,30,8.013
34,30,8.067
32,30,8.087
30,30,8.107
28,30,8.092
26,30,8.048
24,30,7.953
22,30,7.936
20,30,7.758
18,30,7.663
16,30,7.608
14,30,7.510
12,30,7.377
10,30,7.185
8,30,7.063
6,30,7.407
4,30,7.780
2,30,8.002
0,30,7.958
0,32,7.847
2,32,7.949
4,32,7.990
6,32,8.002
8,32,7.907
10,32,7.683
12,32,7.485
14,32,7.125
16,32,7.433
18,32,7.386
20,32,7.370
22,32,7.511
24,32,7.599
26,32,7.587
28,32,7.636
30,32,7.729
32,32,7.716
34,32,7.840
36,32,7.907
38,32,8.010
40,32,8.053
42,32,8.056
44,32,8.084
46,32,8.107
48,32,8.103
50,32,8.102
52,32,8.058
54,32,8.038
56,32,7.972
58,32,7.817
60,32,7.634
62,32,7.568
64,32,7.570
66,32,7.582
68,32,7.613
70,32,7.703
72,32,7.810
74,32,7.947
76,32,8.035
78,32,8.043
80,32,8.073
82,32,8.074
84,32,8.094
86,32,8.086
88,32,8.070
90,32,7.996
92,32,7.938
94,32,7.712
96,32,6.957
98,32,5.799
100,32,3.984
102,32,2.166
104,32,7.135
106,32,1.479
108,32,3.267
110,32,8.489
112,32,1.328
114,32,1.783
116,32,2.100
118,32,2.282
120,32,2.693
122,32,2.814
124,32,2.610
126,32,2.453
128,32,2.006
130,32,1.888
132,32,1.677
134,32,1.646
136,32,1.488
138,32,1.679
140,32,1.638
142,32,1.900
144,32,2.546
146,32,2.398
148,32,2.613
150,32,2.907
150,34,3.202
148,34,3.079
146,34,3.165
144,34,3.145
142,34,2.570
140,34,2.642
138,34,2.599
136,34,2.399
134,34,1.889
132,34,1.994
130,34,2.199
128,34,1.873
126,34,1.538
124,34,1.453
122,34,1.551
120,34,1.459
118,34,1.369
116,34,1.461
114,34,1.412
112,34,1.599
110,34,1.837
108,34,1.390
106,34,1.403
104,34,1.399
102,34,1.279
100,34,9.419
98,34,6.687
96,34,4.806
94,34,5.260
92,34,1.251
90,34,2.850
88,34,4.520
86,34,5.881
84,34,6.877
82,34,7.354
80,34,7.593
78,34,7.779
76,34,7.890
74,34,7.906
72,34,7.965
70,34,8.016
68,34,8.037
66,34,8.078
64,34,8.097
62,34,8.088
60,34,8.074
58,34,8.080
56,34,8.028
54,34,7.981
52,34,7.980
50,34,7.840
48,34,7.709
46,34,7.673
44,34,7.654
42,34,7.566
40,34,7.645
38,34,7.625
36,34,7.812
34,34,7.923
32,34,7.931
30,34,7.984
28,34,7.988
26,34,7.934
24,34,7.762
22,34,7.636
20,34,7.746
18,34,7.825
16,34,7.753
14,34,7.820
12,34,7.608
10,34,7.428
8,34,7.416
6,34,7.600
4,34,7.784
2,34,7.878
0,34,7.796
0,36,7.628
2,36,7.739
4,36,7.853
6,36,7.725
8,36,7.671
10,36,7.627
12,36,7.740
14,36,7.849
16,36,7.578
18,36,7.576
20,36,7.578
22,36,7.684
24,36,7.709
26,36,7.707
28,36,7.749
30,36,7.629
32,36,7.517
34,36,7.580
36,36,7.735
38,36,7.912
40,36,8.018
42,36,8.036
44,36,8.040
46,36,8.059
48,36,8.020
50,36,7.935
52,36,7.731
54,36,7.576
56,36,7.620
58,36,7.552
60,36,7.526
62,36,7.562
64,36,7.572
66,36,7.776
68,36,7.883
70,36,7.965
72,36,8.054
74,36,8.068
76,36,8.054
78,36,8.094
80,36,8.091
82,36,8.063
84,36,8.005
86,36,7.976
88,36,7.918
90,36,7.827
92,36,7.731
94,36,7.390
96,36,6.824
98,36,5.380
100,36,3.633
102,36,1.967
104,36,9.274
106,36,5.573
108,36,6.762
110,36,1.078
112,36,1.303
114,36,1.485
116,36,1.725
118,36,1.802
120,36,1.739
122,36,1.525
124,36,1.437
126,36,1.336
128,36,1.541
130,36,1.658
132,36,1.751
134,36,1.905
136,36,2.562
138,36,2.686
140,36,3.035
142,36,3.170
144,36,3.366
146,36,3.693
148,36,3.712
150,36,3.830
150,38,3.932
148,38,3.939
146,38,3.906
144,38,3.895
142,38,3.760
140,38,3.638
138,38,3.647
136,38,3.462
134,38,3.351
132,38,2.963
130,38,3.019
128,38,2.833
126,38,2.784
124,38,2.703
122,38,2.513
120,38,2.526
118,38,2.109
116,38,1.613
114,38,1.322
112,38,1.008
110,38,9.898
108,38,9.186
106,38,7.744
104,38,6.997
102,38,8.817
100,38,9.109
98,38,1.083
96,38,1.428
94,38,2.143
92,38,3.118
90,38,4.117
88,38,5.680
86,38,6.554
84,38,7.163
82,38,7.388
80,38,7.509
78,38,7.579
76,38,7.521
74,38,7.557
72,38,7.769
70,38,7.680
68,38,7.826
66,38,7.853
64,38,7.884
62,38,8.015
60,38,7.951
58,38,8.043
56,38,8.067
54,38,8.080
52,38,8.072
50,38,8.068
48,38,8.059
46,38,7.990
44,38,7.914
42,38,7.875
40,38,7.782
38,38,7.788
36,38,7.617
34,38,7.700
32,38,7.670
30,38,7.656
28,38,7.441
26,38,6.968
24,38,6.685
22,38,6.518
20,38,6.993
18,38,7.507
16,38,7.914
14,38,8.040
12,38,8.005
10,38,7.900
8,38,7.741
6,38,7.691
4,38,7.638
2,38,7.621
0,38,7.644
0,40,7.617
2,40,7.592
4,40,7.617
6,40,7.653
8,40,7.679
10,40,7.701
12,40,7.734
14,40,7.964
16,40,7.981
18,40,7.978
20,40,7.998
22,40,7.999
24,40,8.005
26,40,7.842
28,40,7.504
30,40,7.088
32,40,6.757
34,40,6.679
36,40,6.935
38,40,7.367
40,40,7.685
42,40,7.800
44,40,7.808
46,40,7.689
48,40,7.637
50,40,7.579
52,40,7.606
54,40,7.665
56,40,7.723
58,40,7.745
60,40,7.895
62,40,7.978
64,40,8.005
66,40,8.052
68,40,8.070
70,40,8.084
72,40,8.084
74,40,8.061
76,40,8.054
78,40,8.047
80,40,7.971
82,40,7.896
84,40,7.772
86,40,7.688
88,40,7.615
90,40,7.522
92,40,7.492
94,40,7.339
96,40,6.931
98,40,6.230
100,40,5.301
102,40,3.909
104,40,2.529
106,40,1.574
108,40,1.171
110,40,9.656
112,40,9.363
114,40,8.523
116,40,6.820
118,40,8.637
120,40,1.095
122,40,1.630
124,40,1.814
126,40,2.003
128,40,2.941
130,40,3.309
132,40,3.312
134,40,3.399
136,40,3.579
138,40,3.796
140,40,3.836
142,40,3.915
144,40,3.813
146,40,3.819
148,40,3.872
150,40,3.586
150,42,3.258
148,42,3.366
146,42,3.559
144,42,3.317
142,42,3.599
140,42,3.727
138,42,3.819
136,42,3.878
134,42,3.887
132,42,3.891
130,42,3.838
128,42,3.817
126,42,3.811
124,42,3.664
122,42,3.449
120,42,3.299
118,42,3.107
116,42,2.927
114,42,2.235
112,42,1.776
110,42,1.191
108,42,8.614
106,42,3.237
104,42,2.111
102,42,1.574
100,42,4.643
98,42,1.003
96,42,1.903
94,42,2.985
92,42,4.235
90,42,5.563
88,42,6.650
86,42,7.381
84,42,7.707
82,42,7.877
80,42,7.899
78,42,7.851
76,42,7.783
74,42,7.673
72,42,7.640
70,42,7.605
68,42,7.559
66,42,7.534
64,42,7.601
62,42,7.604
60,42,7.741
58,42,7.885
56,42,7.863
54,42,7.952
52,42,7.995
50,42,8.040
48,42,8.070
46,42,8.070
44,42,8.060
42,42,8.036
40,42,8.001
38,42,7.952
36,42,7.916
34,42,7.820
32,42,7.626
30,42,7.410
28,42,7.046
26,42,6.289
24,42,5.684
22,42,5.863
20,42,6.307
18,42,7.136
16,42,7.721
14,42,8.026
12,42,8.089
10,42,8.091
8,42,8.047
6,42,7.976
4,42,7.903
2,42,7.807
0,42,7.627
0,44,7.753
2,44,7.767
4,44,7.847
6,44,7.938
8,44,7.989
10,44,8.000
12,44,8.073
14,44,8.082
16,44,8.090
18,44,8.093
20,44,8.083
22,44,8.043
24,44,7.898
26,44,7.649
28,44,7.094
30,44,6.570
32,44,6.014
34,44,6.015
36,44,6.116
38,44,6.597
40,44,7.087
42,44,7.370
44,44,7.522
46,44,7.653
48,44,7.871
50,44,7.985
52,44,7.946
54,44,7.994
56,44,7.973
58,44,8.080
60,44,8.069
62,44,8.064
64,44,8.047
66,44,8.034
68,44,8.017
70,44,7.942
72,44,7.884
74,44,7.819
76,44,7.693
78,44,7.599
80,44,7.557
82,44,7.596
84,44,7.581
86,44,7.676
88,44,7.775
90,44,7.847
92,44,7.862
94,44,7.845
96,44,7.699
98,44,7.209
100,44,6.227
102,44,4.842
104,44,3.325
106,44,1.947
108,44,9.699
110,44,3.957
112,44,1.345
114,44,4.582
116,44,1.235
118,44,1.450
120,44,2.234
122,44,3.153
124,44,3.382
126,44,3.490
128,44,3.752
130,44,3.801
132,44,3.754
134,44,3.732
136,44,3.694
138,44,3.724
140,44,3.295
142,44,3.235
144,44,3.153
146,44,2.834
148,44,2.505
150,44,2.193
150,46,1.828
148,46,1.795
146,46,1.977
144,46,2.168
142,46,2.460
140,46,2.283
138,46,2.643
136,46,2.792
134,46,3.190
132,46,3.429
130,46,3.377
128,46,3.613
126,46,3.703
124,46,3.544
122,46,3.622
120,46,3.658
118,46,3.679
116,46,3.598
114,46,3.438
112,46,3.044
110,46,2.512
108,46,1.994
106,46,1.325
104,46,5.239
102,46,1.257
100,46,1.371
98,46,6.372
96,46,1.469
94,46,2.892
92,46,4.320
90,46,5.705
88,46,6.937
86,46,7.584
84,46,7.880
82,46,7.996
80,46,8.048
78,46,8.052
76,46,8.052
74,46,8.047
72,46,8.041
70,46,7.963
68,46,7.881
66,46,7.865
64,46,7.823
62,46,7.738
60,46,7.652
58,46,7.525
56,46,7.500
54,46,7.513
52,46,7.547
50,46,7.641
48,46,7.713
46,46,7.833
44,46,7.945
42,46,7.995
40,46,8.025
38,46,8.042
36,46,8.037
34,46,8.034
32,46,8.000
30,46,7.850
28,46,7.635
26,46,7.269
24,46,6.724
22,46,6.120
20,46,5.876
18,46,6.377
16,46,6.892
14,46,7.460
12,46,7.843
10,46,7.964
8,46,8.031
6,46,8.051
4,46,8.022
2,46,8.032
0,46,7.975
0,48,7.946
2,48,7.972
4,48,7.975
6,48,7.971
8,48,7.976
10,48,7.988
12,48,7.967
14,48,7.962
16,48,7.958
18,48,7.825
20,48,7.846
22,48,7.709
24,48,7.333
26,48,6.806
28,48,6.274
30,48,5.949
32,48,6.197
34,48,6.427
36,48,6.817
38,48,7.265
40,48,7.486
42,48,7.764
44,48,7.898
46,48,7.935
48,48,7.973
50,48,8.034
52,48,8.041
54,48,8.040
56,48,8.040
58,48,8.011
60,48,7.957
62,48,7.833
64,48,7.742
66,48,7.771
68,48,7.596
70,48,7.511
72,48,7.481
74,48,7.531
76,48,7.566
78,48,7.661
80,48,7.805
82,48,7.889
84,48,7.969
86,48,7.996
88,48,8.032
90,48,8.046
92,48,8.037
94,48,7.972
96,48,7.819
98,48,7.383
100,48,6.379
102,48,4.804
104,48,3.021
106,48,1.470
108,48,4.717
110,48,5.068
112,48,3.783
114,48,9.544
116,48,1.714
118,48,2.402
120,48,2.992
122,48,3.382
124,48,3.644
126,48,3.559
128,48,3.284
130,48,3.126
132,48,3.019
134,48,2.600
136,48,2.486
138,48,2.277
140,48,2.111
142,48,1.703
144,48,1.661
146,48,1.624
148,48,1.515
150,48,1.733
150,50,2.149
148,50,1.745
146,50,1.655
144,50,1.541
142,50,1.577
140,50,1.581
138,50,1.547
136,50,1.494
134,50,1.625
132,50,1.668
130,50,1.644
128,50,1.937
126,50,2.025
124,50,2.063
122,50,2.480
120,50,2.707
118,50,2.927
116,50,3.010
114,50,2.862
112,50,2.788
110,50,2.613
108,50,2.199
106,50,1.672
104,50,9.292
102,50,5.066
100,50,2.391
98,50,2.119
96,50,8.172
94,50,2.146
92,50,3.690
90,50,5.273
88,50,6.477
86,50,7.308
84,50,7.658
82,50,7.736
80,50,7.827
78,50,7.892
76,50,7.925
74,50,7.942
72,50,7.935
70,50,7.902
68,50,7.887
66,50,7.818
64,50,7.772
62,50,7.706
60,50,7.561
58,50,7.528
56,50,7.418
54,50,7.307
52,50,7.175
50,50,7.115
48,50,7.103
46,50,7.209
44,50,7.318
42,50,7.416
40,50,7.522
38,50,7.527
36,50,7.393
34,50,7.403
32,50,7.458
30,50,7.425
28,50,7.401
26,50,7.340
24,50,7.144
22,50,6.700
20,50,6.087
18,50,5.806
16,50,6.077
14,50,6.676
12,50,6.762
10,50,6.931
8,50,7.138
6,50,7.287
4,50,7.398
2,50,7.468
0,50,7.484
0,52,6.857
2,52,6.931
4,52,6.944
6,52,6.910
8,52,6.891
10,52,6.754
12,52,6.610
14,52,6.543
16,52,6.477
18,52,6.329
20,52,6.193
22,52,6.033
24,52,5.822
26,52,5.560
28,52,5.428
30,52,5.563
32,52,5.854
34,52,6.340
36,52,6.611
38,52,6.973
40,52,7.117
42,52,7.263
44,52,7.327
46,52,7.378
48,52,7.453
50,52,7.541
52,52,7.591
54,52,7.613
56,52,7.556
58,52,7.535
60,52,7.259
62,52,7.169
64,52,7.143
66,52,7.113
68,52,7.075
70,52,7.150
72,52,7.319
74,52,7.425
76,52,7.571
78,52,7.676
80,52,7.745
82,52,7.817
84,52,7.865
86,52,7.864
88,52,7.883
90,52,7.852
92,52,7.752
94,52,7.677
96,52,7.548
98,52,7.007
100,52,6.042
102,52,4.200
104,52,2.240
106,52,8.006
108,52,1.693
110,52,2.475
112,52,8.245
114,52,1.327
116,52,1.974
118,52,2.468
120,52,2.799
122,52,2.763
124,52,2.320
126,52,2.436
128,52,2.247
130,52,2.101
132,52,1.833
134,52,1.531
136,52,1.457
138,52,1.647
140,52,1.829
142,52,1.689
144,52,1.876
146,52,2.072
148,52,2.339
150,52,2.513
150,54,2.813
148,54,2.908
146,54,3.256
144,54,3.263
142,54,2.786
140,54,2.341
138,54,2.638
136,54,2.567
134,54,2.228
132,54,1.822
130,54,1.873
128,54,1.635
126,54,1.449
124,54,1.436
122,54,1.394
120,54,1.363
118,54,1.227
116,54,1.497
114,54,1.737
112,54,1.463
110,54,1.630
108,54,1.824
106,54,1.576
104,54,1.221
102,54,9.435
100,54,9.114
98,54,8.108
96,54,1.023
94,54,1.875
92,54,3.247
90,54,4.766
88,54,5.640
86,54,5.985
84,54,6.131
82,54,6.206
80,54,6.387
78,54,6.332
76,54,6.493
74,54,6.491
72,54,6.598
70,54,6.397
68,54,6.538
66,54,6.473
64,54,6.395
62,54,6.332
60,54,6.349
58,54,6.095
56,54,5.340
54,54,5.495
52,54,5.024
50,54,4.673
48,54,4.579
46,54,4.492
44,54,4.339
42,54,4.171
40,54,4.211
38,54,4.203
36,54,4.849
34,54,5.087
32,54,5.097
30,54,5.272
28,54,5.308
26,54,5.411
24,54,4.951
22,54,4.251
20,54,3.991
18,54,3.672
16,54,3.548
14,54,3.196
12,54,3.186
10,54,3.091
8,54,3.090
6,54,3.735
4,54,4.324
2,54,5.049
0,54,5.366
0,56,4.458
2,56,4.287
4,56,4.046
6,56,3.835
8,56,3.491
10,56,3.295
12,56,3.428
14,56,3.033
16,56,2.493
18,56,2.329
20,56,2.163
22,56,2.459
24,56,2.449
26,56,2.450
28,56,2.539
30,56,3.107
32,56,3.757
34,56,4.271
36,56,4.423
38,56,4.955
40,56,5.119
42,56,5.073
44,56,5.119
46,56,5.028
48,56,4.968
50,56,5.107
52,56,4.752
54,56,4.583
56,56,4.796
58,56,4.547
60,56,4.330
62,56,4.211
64,56,4.254
66,56,4.526
68,56,4.711
70,56,5.094
72,56,5.275
74,56,5.518
76,56,5.825
78,56,6.147
80,56,6.121
82,56,6.159
84,56,6.234
86,56,6.230
88,56,6.302
90,56,6.234
92,56,6.052
94,56,5.973
96,56,5.818
98,56,5.396
100,56,4.572
102,56,3.309
104,56,2.053
106,56,9.016
108,56,7.252
110,56,6.190
112,56,8.764
114,56,1.335
116,56,1.505
118,56,1.601
120,56,1.575
122,56,1.832
124,56,1.537
126,56,1.563
128,56,1.340
130,56,1.416
132,56,1.455
134,56,1.485
136,56,1.823
138,56,2.369
140,56,2.778
142,56,3.139
144,56,3.251
146,56,3.382
148,56,3.455
150,56,3.493
150,58,3.679
148,58,3.733
146,58,3.908
144,58,3.798
142,58,3.563
140,58,3.300
138,58,3.358
136,58,3.409
134,58,3.011
132,58,2.808
130,58,2.910
128,58,2.494
126,58,2.185
124,58,2.572
122,58,2.208
120,58,1.768
118,58,1.246
116,58,1.073
114,58,8.703
112,58,7.251
110,58,7.398
108,58,8.295
106,58,7.635
104,58,8.617
102,58,9.449
100,58,1.037
98,58,1.316
96,58,1.718
94,58,2.183
92,58,2.831
90,58,3.249
88,58,3.155
86,58,2.777
84,58,2.797
82,58,2.444
80,58,2.745
78,58,2.581
76,58,2.711
74,58,2.533
72,58,3.207
70,58,3.614
68,58,4.042
66,58,4.240
64,58,4.366
62,58,4.388
60,58,4.489
58,58,4.447
56,58,4.078
54,58,3.446
52,58,2.624
50,58,2.349
48,58,2.281
46,58,1.888
44,58,1.673
42,58,1.324
40,58,1.205
38,58,1.427
36,58,2.047
34,58,2.550
32,58,2.747
30,58,3.237
28,58,3.520
26,58,3.810
24,58,3.934
22,58,3.904
20,58,3.591
18,58,3.105
16,58,2.793
14,58,1.935
12,58,1.154
10,58,1.037
8,58,1.001
6,58,1.153
4,58,1.747
2,58,2.178
0,58,3.145
0,60,2.455
2,60,2.361
4,60,2.022
6,60,1.632
8,60,1.464
10,60,1.112
12,60,1.029
14,60,8.858
16,60,8.277
18,60,8.636
20,60,1.222
22,60,1.156
24,60,1.940
26,60,2.303
28,60,2.837
30,60,2.998
32,60,3.374
34,60,3.673
36,60,3.758
38,60,3.740
40,60,3.791
42,60,3.514
44,60,3.193
46,60,3.153
48,60,2.823
50,60,1.583
52,60,1.544
54,60,1.561
56,60,1.224
58,60,1.245
60,60,1.531
62,60,1.543
64,60,1.938
66,60,2.667
68,60,3.340
70,60,3.662
72,60,4.021
74,60,4.302
76,60,4.366
78,60,4.337
80,60,4.112
82,60,3.657
84,60,3.599
86,60,3.518
88,60,2.516
90,60,2.482
92,60,2.256
94,60,2.185
96,60,2.045
98,60,2.134
100,60,2.175
102,60,2.249
104,60,1.930
106,60,1.423
108,60,1.040
110,60,9.473
112,60,7.685
114,60,6.172
116,60,5.740
118,60,4.964
120,60,5.721
122,60,8.570
124,60,1.715
126,60,1.894
128,60,2.423
130,60,2.552
132,60,2.923
134,60,3.347
136,60,3.534
138,60,3.558
140,60,3.782
142,60,3.859
144,60,3.830
146,60,3.906
148,60,3.828
150,60,3.718
150,62,3.593
148,62,3.556
146,62,3.649
144,62,3.598
142,62,3.839
140,62,3.821
138,62,3.791
136,62,3.843
134,62,3.888
132,62,3.801
130,62,3.762
128,62,3.593
126,62,3.562
124,62,3.511
122,62,3.228
120,62,2.793
118,62,2.251
116,62,1.901
114,62,1.311
112,62,9.085
110,62,3.409
108,62,1.422
106,62,1.563
104,62,3.930
102,62,5.921
100,62,9.533
98,62,1.448
96,62,1.805
94,62,2.187
92,62,2.523
90,62,2.404
88,62,2.055
86,62,1.181
84,62,1.218
82,62,9.073
80,62,8.649
78,62,8.747
76,62,7.985
74,62,1.168
72,62,1.097
70,62,1.222
68,62,1.553
66,62,2.146
64,62,2.859
62,62,2.803
60,62,2.527
58,62,2.585
56,62,2.837
54,62,2.960
52,62,2.877
50,62,2.792
48,62,2.549
46,62,1.644
44,62,1.153
42,62,5.705
40,62,4.068
38,62,3.804
36,62,3.235
34,62,5.281
32,62,5.593
30,62,8.541
28,62,1.348
26,62,1.784
24,62,2.439
22,62,2.469
20,62,2.751
18,62,2.857
16,62,2.803
14,62,2.491
12,62,2.035
10,62,1.607
8,62,9.886
6,62,4.463
4,62,4.642
2,62,5.323
0,62,6.533
0,64,4.952
2,64,3.172
4,64,3.508
6,64,3.558
8,64,3.724
10,64,4.453
12,64,5.602
14,64,5.633
16,64,8.349
18,64,1.340
20,64,1.697
22,64,2.084
24,64,2.301
26,64,2.500
28,64,2.601
30,64,2.812
32,64,2.838
34,64,2.691
36,64,2.434
38,64,1.886
40,64,1.919
42,64,1.786
44,64,1.235
46,64,8.948
48,64,4.821
50,64,3.962
52,64,5.407
54,64,5.476
56,64,9.380
58,64,1.263
60,64,1.531
62,64,2.113
64,64,2.591
66,64,2.759
68,64,2.836
70,64,2.910
72,64,2.935
74,64,3.065
76,64,2.828
78,64,2.322
80,64,1.738
82,64,1.366
84,64,1.277
86,64,1.262
88,64,7.631
90,64,7.459
92,64,6.933
94,64,8.867
96,64,1.004
98,64,1.638
100,64,2.014
102,64,2.313
104,64,2.310
106,64,1.753
108,64,1.291
110,64,8.071
112,64,3.707
114,64,8.256
116,64,8.911
118,64,4.168
120,64,1.292
122,64,1.692
124,64,2.347
126,64,2.964
128,64,3.206
130,64,3.640
132,64,3.741
134,64,3.773
136,64,3.803
138,64,3.805
140,64,3.716
142,64,3.655
144,64,3.235
146,64,3.371
148,64,3.226
150,64,2.765
150,66,2.417
148,66,2.492
146,66,2.423
144,66,2.478
142,66,2.684
140,66,3.012
138,66,3.493
136,66,3.465
134,66,3.386
132,66,3.237
130,66,3.511
128,66,3.696
126,66,3.732
124,66,3.594
122,66,3.636
120,66,3.515
118,66,3.225
116,66,2.525
114,66,1.856
112,66,1.559
110,66,9.585
108,66,5.039
106,66,1.496
104,66,1.263
102,66,3.780
100,66,8.554
98,66,1.292
96,66,1.830
94,66,2.288
92,66,2.631
90,66,2.455
88,66,2.092
86,66,1.996
84,66,2.300
82,66,1.598
80,66,1.349
78,66,9.399
76,66,6.576
74,66,5.284
72,66,3.380
70,66,2.882
68,66,2.829
66,66,3.564
64,66,6.785
62,66,8.163
60,66,7.852
58,66,6.703
56,66,8.282
54,66,1.442
52,66,2.000
50,66,2.239
48,66,2.356
46,66,2.415
44,66,2.217
42,66,2.043
40,66,1.694
38,66,1.281
36,66,1.304
34,66,1.128
32,66,7.270
30,66,4.939
28,66,2.990
26,66,6.456
24,66,6.081
22,66,8.372
20,66,1.648
18,66,1.869
16,66,2.699
14,66,2.870
12,66,2.935
10,66,2.879
8,66,2.439
6,66,2.173
4,66,2.035
2,66,1.468
0,66,8.951
0,68,1.395
2,68,1.697
4,68,2.275
6,68,2.392
8,68,2.434
10,68,2.872
12,68,3.236
14,68,3.375
16,68,3.412
18,68,3.481
20,68,3.060
22,68,3.104
24,68,3.017
26,68,2.575
28,68,2.306
30,68,2.134
32,68,1.464
34,68,1.080
36,68,8.069
38,68,6.646
40,68,4.115
42,68,4.040
44,68,3.842
46,68,6.022
48,68,8.521
50,68,1.145
52,68,1.494
54,68,1.668
56,68,1.938
58,68,2.185
60,68,2.440
62,68,2.435
64,68,2.351
66,68,2.102
68,68,1.733
70,68,1.348
72,68,1.086
74,68,6.980
76,68,6.775
78,68,5.692
80,68,3.322
82,68,3.422
84,68,3.622
86,68,4.594
88,68,8.935
90,68,1.066
92,68,1.332
94,68,1.611
96,68,2.284
98,68,2.358
100,68,2.485
102,68,2.562
104,68,2.355
106,68,1.814
108,68,1.135
110,68,6.316
112,68,2.618
114,68,1.001
116,68,2.902
118,68,1.032
120,68,1.817
122,68,2.520
124,68,3.049
126,68,3.444
128,68,3.628
130,68,3.630
132,68,3.533
134,68,3.495
136,68,3.335
138,68,3.045
140,68,2.775
142,68,2.414
144,68,2.217
146,68,1.928
148,68,1.683
150,68,1.637
150,70,1.556
148,70,1.658
146,70,1.518
144,70,1.708
142,70,1.732
140,70,1.625
138,70,1.614
136,70,1.541
134,70,1.924
132,70,2.397
130,70,2.658
128,70,2.850
126,70,2.830
124,70,3.034
122,70,2.722
120,70,2.996
118,70,3.043
116,70,2.857
114,70,2.575
112,70,1.988
110,70,1.480
108,70,1.054
106,70,5.109
104,70,1.586
102,70,1.463
100,70,4.183
98,70,7.523
96,70,1.358
94,70,1.802
92,70,2.584
90,70,3.214
88,70,3.201
86,70,3.392
84,70,3.486
82,70,3.467
80,70,3.364
78,70,2.993
76,70,3.203
74,70,3.009
72,70,2.707
70,70,2.315
68,70,2.315
66,70,2.257
64,70,1.855
62,70,1.570
60,70,1.581
58,70,1.615
56,70,1.656
54,70,1.900
52,70,2.157
50,70,2.616
48,70,2.886
46,70,3.274
44,70,3.649
42,70,3.912
40,70,4.066
38,70,4.221
36,70,4.196
34,70,4.103
32,70,3.960
30,70,3.704
28,70,3.310
26,70,3.116
24,70,2.925
22,70,2.713
20,70,2.343
18,70,2.286
16,70,2.636
14,70,3.254
12,70,4.001
10,70,4.593
8,70,4.954
6,70,5.097
4,70,5.002
2,70,4.755
0,70,4.008
0,72,5.282
2,72,5.512
4,72,5.559
6,72,5.665
8,72,5.743
10,72,5.755
12,72,5.687
14,72,5.537
16,72,5.216
18,72,4.578
20,72,4.455
22,72,4.242
24,72,3.685
26,72,3.211
28,72,3.053
30,72,3.044
32,72,2.871
34,72,2.812
36,72,2.885
38,72,2.987
40,72,2.983
42,72,3.610
44,72,3.913
46,72,4.160
48,72,4.139
50,72,4.202
52,72,4.257
54,72,4.291
56,72,4.006
58,72,3.984
60,72,4.127
62,72,3.737
64,72,3.161
66,72,2.687
68,72,2.349
70,72,1.984
72,72,1.788
74,72,1.807
76,72,1.816
78,72,2.161
80,72,2.381
82,72,2.514
84,72,2.967
86,72,2.987
88,72,3.447
90,72,3.598
92,72,3.862
94,72,3.912
96,72,4.004
98,72,3.946
100,72,3.833
102,72,2.980
104,72,2.542
106,72,1.655
108,72,1.007
110,72,2.986
112,72,7.774
114,72,2.255
116,72,6.518
118,72,1.466
120,72,2.034
122,72,2.531
124,72,2.801
126,72,2.867
128,72,3.094
130,72,2.818
132,72,2.376
134,72,2.394
136,72,2.127
138,72,1.583
140,72,1.551
142,72,1.465
144,72,1.519
146,72,1.617
148,72,1.712
150,72,1.587
150,74,2.347
148,74,2.545
146,74,2.698
144,74,2.390
142,74,1.838
140,74,1.908
138,74,1.599
136,74,1.533
134,74,1.519
132,74,1.380
130,74,1.417
128,74,1.571
126,74,1.640
124,74,1.641
122,74,2.197
120,74,2.229
118,74,1.850
116,74,2.073
114,74,2.050
112,74,1.782
110,74,1.427
108,74,1.048
106,74,6.735
104,74,3.099
102,74,2.158
100,74,3.704
98,74,8.606
96,74,1.649
94,74,2.806
92,74,3.714
90,74,4.266
88,74,4.424
86,74,4.784
84,74,5.015
82,74,5.104
80,74,5.181
78,74,5.389
76,74,5.547
74,74,5.594
72,74,5.680
70,74,5.714
68,74,5.639
66,74,5.531
64,74,5.634
62,74,5.610
60,74,5.601
58,74,5.747
56,74,5.862
54,74,5.781
52,74,5.747
50,74,5.680
48,74,5.547
46,74,5.513
44,74,5.717
42,74,6.019
40,74,6.270
38,74,6.383
36,74,6.463
34,74,6.788
32,74,6.861
30,74,6.883
28,74,6.902
26,74,6.842
24,74,6.818
22,74,6.686
20,74,6.310
18,74,6.113
16,74,5.998
14,74,5.886
12,74,5.859
10,74,5.968
8,74,6.317
6,74,6.612
4,74,7.012
2,74,7.113
0,74,7.041
0,76,7.510
2,76,7.484
4,76,7.394
6,76,7.373
8,76,7.261
10,76,7.087
12,76,6.972
14,76,6.848
16,76,6.694
18,76,6.487
20,76,6.434
22,76,6.422
24,76,6.437
26,76,6.518
28,76,6.557
30,76,6.800
32,76,6.808
34,76,6.944
36,76,7.032
38,76,7.134
40,76,7.070
42,76,7.075
44,76,7.034
46,76,7.002
48,76,6.909
50,76,6.939
52,76,6.673
54,76,6.395
56,76,5.963
58,76,6.075
60,76,5.876
62,76,5.789
64,76,5.851
66,76,6.010
68,76,5.971
70,76,5.790
72,76,5.819
74,76,5.752
76,76,5.965
78,76,6.144
80,76,6.207
82,76,6.153
84,76,6.243
86,76,6.246
88,76,6.202
90,76,6.174
92,76,6.153
94,76,5.809
96,76,5.334
98,76,5.492
100,76,5.074
102,76,3.993
104,76,3.121
106,76,2.108
108,76,1.124
110,76,4.347
112,76,3.660
114,76,5.330
116,76,9.560
118,76,1.337
120,76,1.451
122,76,1.603
124,76,1.643
126,76,1.436
128,76,1.371
130,76,1.489
132,76,1.336
134,76,1.564
136,76,1.586
138,76,1.780
140,76,1.874
142,76,2.086
144,76,2.811
146,76,2.803
148,76,3.134
150,76,3.267
150,78,3.402
148,78,3.349
146,78,3.348
144,78,3.359
142,78,3.124
140,78,3.022
138,78,3.078
136,78,2.745
134,78,2.280
132,78,1.871
130,78,2.143
128,78,1.541
126,78,1.322
124,78,1.298
122,78,1.351
120,78,1.035
118,78,9.304
116,78,9.349
114,78,7.445
112,78,5.446
110,78,8.339
108,78,9.633
106,78,9.819
104,78,1.133
102,78,1.547
100,78,2.134
98,78,3.215
96,78,4.282
94,78,5.184
92,78,5.848
90,78,6.215
88,78,6.328
86,78,6.411
84,78,6.414
82,78,6.598
80,78,6.758
78,78,6.709
76,78,7.104
74,78,7.320
72,78,7.461
70,78,7.470
68,78,7.454
66,78,7.598
64,78,7.716
62,78,7.745
60,78,7.787
58,78,7.826
56,78,7.832
54,78,7.780
52,78,7.788
50,78,7.753
48,78,7.565
46,78,7.496
44,78,7.373
42,78,7.341
40,78,7.408
38,78,7.267
36,78,7.369
34,78,7.409
32,78,7.424
30,78,7.690
28,78,7.796
26,78,7.855
24,78,7.915
22,78,7.942
20,78,7.918
18,78,7.885
16,78,7.831
14,78,7.732
12,78,7.697
10,78,7.538
8,78,7.340
6,78,7.354
4,78,7.349
2,78,7.471
0,78,7.656
0,80,7.658
2,80,7.550
4,80,7.500
6,80,7.489
8,80,7.443
10,80,7.426
12,80,7.428
14,80,7.490
16,80,7.495
18,80,7.584
20,80,7.721
22,80,7.765
24,80,7.828
26,80,7.926
28,80,7.918
30,80,7.947
32,80,7.973
34,80,7.980
36,80,7.962
38,80,7.927
40,80,7.903
42,80,7.790
44,80,7.582
46,80,7.538
48,80,7.356
50,80,7.349
52,80,7.246
54,80,7.307
56,80,7.289
58,80,7.377
60,80,7.582
62,80,7.675
64,80,7.784
66,80,7.777
68,80,7.848
70,80,7.891
72,80,7.869
74,80,7.832
76,80,7.817
78,80,7.790
80,80,7.769
82,80,7.760
84,80,7.591
86,80,7.566
88,80,7.367
90,80,7.195
92,80,7.044
94,80,7.014
96,80,6.865
98,80,6.820
100,80,6.722
102,80,6.595
104,80,6.033
106,80,4.766
108,80,3.496
110,80,2.530
112,80,1.692
114,80,1.277
116,80,8.388
118,80,8.215
120,80,8.273
122,80,8.164
124,80,7.926
126,80,9.592
128,80,1.218
130,80,1.476
132,80,1.877
134,80,1.979
136,80,2.655
138,80,2.995
140,80,2.893
142,80,3.285
144,80,3.708
146,80,3.781
148,80,3.728
150,80,3.766
150,82,3.855
148,82,3.838
146,82,3.817
144,82,3.859
142,82,3.820
140,82,3.662
138,82,3.701
136,82,3.655
134,82,3.453
132,82,3.229
130,82,3.095
128,82,2.582
126,82,2.700
124,82,2.520
122,82,1.914
120,82,1.392
118,82,1.023
116,82,5.037
114,82,3.129
112,82,2.858
110,82,4.441
108,82,7.389
106,82,1.041
104,82,1.838
102,82,2.871
100,82,4.006
98,82,5.152
96,82,6.276
94,82,7.038
92,82,7.440
90,82,7.485
88,82,7.625
86,82,7.587
84,82,7.595
82,82,7.460
80,82,7.342
78,82,7.352
76,82,7.444
74,82,7.412
72,82,7.427
70,82,7.580
68,82,7.639
66,82,7.751
64,82,7.778
62,82,7.903
60,82,7.893
58,82,8.000
56,82,8.041
54,82,8.042
52,82,8.046
50,82,8.050
48,82,8.007
46,82,8.027
44,82,7.948
42,82,7.847
40,82,7.773
38,82,7.659
36,82,7.512
34,82,7.498
32,82,7.470
30,82,7.561
28,82,7.709
26,82,7.836
24,82,7.923
22,82,8.013
20,82,8.038
18,82,8.061
16,82,8.063
14,82,8.028
12,82,7.980
10,82,7.871
8,82,7.774
6,82,7.641
4,82,7.535
2,82,7.524
0,82,7.556
0,84,7.520
2,84,7.513
4,84,7.528
6,84,7.547
8,84,7.620
10,84,7.724
12,84,7.731
14,84,7.746
16,84,7.879
18,84,7.887
20,84,7.963
22,84,8.014
24,84,8.038
26,84,8.071
28,84,8.050
30,84,8.062
32,84,8.052
34,84,7.974
36,84,7.909
38,84,7.878
40,84,7.764
42,84,7.787
44,84,7.547
46,84,7.522
48,84,7.453
50,84,7.501
52,84,7.539
54,84,7.752
56,84,7.827
58,84,7.914
60,84,7.960
62,84,7.997
64,84,8.025
66,84,8.056
68,84,8.059
70,84,8.051
72,84,8.023
74,84,8.010
76,84,7.986
78,84,7.898
80,84,7.870
82,84,7.782
84,84,7.686
86,84,7.472
88,84,7.384
90,84,7.342
92,84,7.310
94,84,7.411
96,84,7.530
98,84,7.567
100,84,7.646
102,84,7.560
104,84,7.187
106,84,6.462
108,84,5.394
110,84,4.003
112,84,2.719
114,84,1.632
116,84,8.146
118,84,4.747
120,84,2.898
122,84,3.040
124,84,6.567
126,84,1.055
128,84,2.013
130,84,2.623
132,84,2.928
134,84,3.315
136,84,3.470
138,84,3.704
140,84,3.812
142,84,3.828
144,84,3.823
146,84,3.687
148,84,3.791
150,84,3.756
150,86,3.338
148,86,3.362
146,86,3.398
144,86,3.624
142,86,3.701
140,86,3.816
138,86,3.761
136,86,3.792
134,86,3.806
132,86,3.766
130,86,3.641
128,86,3.567
126,86,3.322
124,86,3.209
122,86,2.811
120,86,2.399
118,86,1.594
116,86,9.905
114,86,5.496
112,86,1.267
110,86,1.271
108,86,3.028
106,86,1.229
104,86,2.004
102,86,3.239
100,86,4.663
98,86,5.957
96,86,6.870
94,86,7.448
92,86,7.764
90,86,7.900
88,86,7.899
86,86,7.945
84,86,7.879
82,86,7.797
80,86,7.814
78,86,7.812
76,86,7.716
74,86,7.616
72,86,7.519
70,86,7.429
68,86,7.428
66,86,7.505
64,86,7.569
62,86,7.630
60,86,7.630
58,86,7.725
56,86,7.814
54,86,7.935
52,86,7.986
50,86,7.998
48,86,8.055
46,86,8.069
44,86,8.061
42,86,8.039
40,86,8.006
38,86,7.965
36,86,7.800
34,86,7.724
32,86,7.638
30,86,7.535
28,86,7.528
26,86,7.562
24,86,7.646
22,86,7.716
20,86,7.801
18,86,7.947
16,86,8.005
14,86,7.971
12,86,7.919
10,86,7.862
8,86,7.847
6,86,7.865
4,86,7.764
2,86,7.678
0,86,7.536
0,88,7.592
2,88,7.667
4,88,7.671
6,88,7.770
8,88,7.833
10,88,7.873
12,88,7.801
14,88,7.768
16,88,7.729
18,88,7.748
20,88,7.822
22,88,7.896
24,88,7.985
26,88,7.992
28,88,7.951
30,88,7.785
32,88,7.761
34,88,7.725
36,88,7.761
38,88,7.566
40,88,7.486
42,88,7.467
44,88,7.498
46,88,7.596
48,88,7.630
50,88,7.807
52,88,7.921
54,88,7.998
56,88,8.004
58,88,8.034
60,88,8.055
62,88,8.072
64,88,8.045
66,88,8.042
68,88,7.979
70,88,7.923
72,88,7.766
74,88,7.676
76,88,7.662
78,88,7.490
80,88,7.434
82,88,7.405
84,88,7.477
86,88,7.572
88,88,7.696
90,88,7.563
92,88,7.797
94,88,7.930
96,88,7.927
98,88,7.889
100,88,7.887
102,88,7.802
104,88,7.520
106,88,6.875
108,88,5.820
110,88,4.286
112,88,2.695
114,88,1.497
116,88,5.700
118,88,8.045
120,88,2.271
122,88,7.021
124,88,1.395
126,88,2.062
128,88,2.735
130,88,3.359
132,88,3.588
134,88,3.570
136,88,3.774
138,88,3.520
140,88,3.527
142,88,3.644
144,88,3.427
146,88,3.053
148,88,2.897
150,88,2.778
150,90,2.196
148,90,2.373
146,90,2.244
144,90,2.579
142,90,2.906
140,90,2.452
138,90,2.876
136,90,3.300
134,90,3.195
132,90,3.476
130,90,3.407
128,90,3.546
126,90,3.505
124,90,3.387
122,90,3.155
120,90,2.751
118,90,2.115
116,90,1.777
114,90,1.197
112,90,7.618
110,90,1.177
108,90,7.496
106,90,3.409
104,90,1.063
102,90,2.671
100,90,4.087
98,90,5.473
96,90,6.398
94,90,7.271
92,90,7.664
90,90,7.816
88,90,7.915
86,90,7.970
84,90,7.993
82,90,7.998
80,90,8.013
78,90,7.981
76,90,7.977
74,90,7.894
72,90,7.823
70,90,7.810
68,90,7.729
66,90,7.629
64,90,7.520
62,90,7.484
60,90,7.409
58,90,7.433
56,90,7.563
54,90,7.581
52,90,7.618
50,90,7.684
48,90,7.800
46,90,7.901
44,90,7.949
42,90,7.978
40,90,7.987
38,90,7.977
36,90,7.961
34,90,7.923
32,90,7.759
30,90,7.623
28,90,7.657
26,90,7.555
24,90,7.405
22,90,7.354
20,90,7.360
18,90,7.299
16,90,7.300
14,90,7.059
12,90,6.575
10,90,6.588
8,90,7.035
6,90,7.491
4,90,7.787
2,90,7.848
0,90,7.748
0,92,7.701
2,92,7.749
4,92,7.736
6,92,7.790
8,92,7.667
10,92,7.417
12,92,7.015
14,92,6.482
16,92,5.999
18,92,5.861
20,92,6.109
22,92,6.528
24,92,6.968
26,92,7.281
28,92,7.378
30,92,7.309
32,92,7.295
34,92,7.310
36,92,7.373
38,92,7.410
40,92,7.346
42,92,7.565
44,92,7.686
46,92,7.784
48,92,7.896
50,92,7.958
52,92,7.979
54,92,7.981
56,92,7.969
58,92,7.917
60,92,7.878
62,92,7.873
64,92,7.861
66,92,7.728
68,92,7.551
70,92,7.525
72,92,7.429
74,92,7.383
76,92,7.382
78,92,7.508
80,92,7.591
82,92,7.674
84,92,7.825
86,92,7.877
88,92,7.924
90,92,7.951
92,92,7.945
94,92,7.974
96,92,7.924
98,92,7.895
100,92,7.787
102,92,7.593
104,92,7.099
106,92,6.145
108,92,4.851
110,92,3.141
112,92,1.901
114,92,8.006
116,92,1.158
118,92,1.753
120,92,5.770
122,92,1.293
124,92,2.102
126,92,2.678
128,92,3.064
130,92,3.269
132,92,3.163
134,92,3.245
136,92,2.859
138,92,2.683
140,92,2.238
142,92,2.261
144,92,2.045
146,92,1.715
148,92,1.558
150,92,1.500
150,94,1.569
148,94,1.552
146,94,1.521
144,94,1.469
142,94,1.671
140,94,1.715
138,94,1.557
136,94,1.619
134,94,1.889
132,94,2.036
130,94,2.431
128,94,2.554
126,94,2.771
124,94,2.855
122,94,2.623
120,94,2.594
118,94,2.289
116,94,1.999
114,94,1.459
112,94,9.682
110,94,5.419
108,94,2.023
106,94,1.693
104,94,4.539
102,94,1.247
100,94,2.367
98,94,3.525
96,94,4.678
94,94,5.897
92,94,6.474
90,94,6.990
88,94,7.437
86,94,7.600
84,94,7.654
82,94,7.694
80,94,7.780
78,94,7.864
76,94,7.953
74,94,7.983
72,94,7.982
70,94,7.992
68,94,7.948
66,94,7.901
64,94,7.796
62,94,7.710
60,94,7.514
58,94,7.587
56,94,7.440
54,94,7.253
52,94,7.163
50,94,7.110
48,94,7.146
46,94,7.284
44,94,7.403
42,94,7.498
40,94,7.683
38,94,7.731
36,94,7.734
34,94,7.655
32,94,7.554
30,94,7.555
28,94,7.580
26,94,7.497
24,94,7.519
22,94,7.375
20,94,7.238
18,94,6.892
16,94,6.214
14,94,4.777
12,94,3.425
10,94,3.324
8,94,4.502
6,94,6.033
4,94,7.339
2,94,7.637
0,94,7.639
0,96,7.584
2,96,7.632
4,96,7.620
6,96,7.487
8,96,7.223
10,96,6.403
12,96,5.207
14,96,3.656
16,96,2.939
18,96,2.450
20,96,2.913
22,96,3.912
24,96,5.217
26,96,6.270
28,96,6.949
30,96,7.110
32,96,7.215
34,96,7.341
36,96,7.485
38,96,7.442
40,96,7.389
42,96,7.371
44,96,7.470
46,96,7.595
48,96,7.715
50,96,7.803
52,96,7.822
54,96,7.689
56,96,7.437
58,96,7.328
60,96,7.390
62,96,7.263
64,96,7.244
66,96,7.205
68,96,7.257
70,96,7.308
72,96,7.390
74,96,7.551
76,96,7.707
78,96,7.809
80,96,7.875
82,96,7.912
84,96,7.964
86,96,7.972
88,96,7.936
90,96,7.857
92,96,7.724
94,96,7.579
96,96,7.474
98,96,7.318
100,96,7.062
102,96,6.484
104,96,5.478
106,96,4.389
108,96,2.914
110,96,1.406
112,96,5.946
114,96,1.747
116,96,1.745
118,96,6.031
120,96,1.147
122,96,1.594
124,96,1.940
126,96,2.338
128,96,2.549
130,96,2.550
132,96,1.894
134,96,1.768
136,96,1.643
138,96,1.454
140,96,1.404
142,96,1.470
144,96,1.440
146,96,1.601
148,96,1.925
150,96,2.034
150,98,2.417
148,98,2.350
146,98,2.309
144,98,2.078
142,98,1.709
140,98,1.554
138,98,1.696
136,98,1.607
134,98,1.401
132,98,1.422
130,98,1.501
128,98,1.408
126,98,1.284
124,98,1.249
122,98,1.575
120,98,1.308
118,98,1.621
116,98,1.505
114,98,1.347
112,98,1.090
110,98,8.548
108,98,6.259
106,98,5.511
104,98,7.937
102,98,9.552
100,98,1.104
98,98,1.694
96,98,2.862
94,98,3.762
92,98,4.751
90,98,5.225
88,98,5.699
86,98,6.015
84,98,6.362
82,98,6.562
80,98,7.007
78,98,7.339
76,98,7.486
74,98,7.629
72,98,7.751
70,98,7.764
68,98,7.775
66,98,7.764
64,98,7.731
62,98,7.719
60,98,7.712
58,98,7.599
56,98,7.442
54,98,7.248
52,98,7.078
50,98,6.808
48,98,6.728
46,98,6.748
44,98,6.719
42,98,6.926
40,98,7.047
38,98,7.136
36,98,7.151
34,98,7.158
32,98,7.034
30,98,7.192
28,98,7.285
26,98,7.398
24,98,7.385
22,98,7.454
20,98,7.403
18,98,7.082
16,98,6.083
14,98,4.047
12,98,2.415
10,98,1.862
8,98,2.849
6,98,5.178
4,98,6.771
2,98,7.449
0,98,7.555
0,100,7.521
2,100,7.460
4,100,7.353
6,100,7.262
8,100,6.837
10,100,5.746
12,100,4.328
14,100,3.124
16,100,2.302
18,100,1.892
20,100,2.643
22,100,3.891
24,100,4.932
26,100,6.045
28,100,6.717
30,100,7.239
32,100,7.279
34,100,7.331
36,100,7.353
38,100,7.341
40,100,7.268
42,100,7.184
44,100,7.156
46,100,7.225
48,100,7.378
50,100,7.423
52,100,7.425
54,100,7.119
56,100,6.895
58,100,6.737
60,100,6.626
62,100,6.716
64,100,6.865
66,100,6.984
68,100,7.177
70,100,7.274
72,100,7.435
74,100,7.550
76,100,7.659
78,100,7.662
80,100,7.751
82,100,7.770
84,100,7.760
86,100,7.651
88,100,7.537
90,100,7.277
92,100,6.822
94,100,6.551
96,100,5.863
98,100,5.652
100,100,5.281
102,100,4.577
104,100,3.446
106,100,2.298
108,100,1.487
110,100,8.583
112,100,5.227
114,100,5.085
116,100,6.941
118,100,8.986
120,100,1.163
122,100,1.271
124,100,1.320
126,100,1.171
128,100,1.244
130,100,1.452
132,100,1.110
134,100,1.346
136,100,1.386
138,100,1.442
140,100,1.643
142,100,2.227
144,100,2.548
146,100,2.813
148,100,3.435
150,100,3.590
150,102,3.603
148,102,3.341
146,102,3.292
144,102,3.165
142,102,2.664
140,102,2.956
138,102,2.690
136,102,2.230
134,102,2.175
132,102,1.917
130,102,1.967
128,102,1.478
126,102,1.278
124,102,8.903
122,102,6.994
120,102,6.153
118,102,6.543
116,102,5.055
114,102,8.989
112,102,7.424
110,102,6.919
108,102,8.662
106,102,9.611
104,102,1.144
102,102,1.181
100,102,1.360
98,102,2.255
96,102,3.226
94,102,3.991
92,102,4.317
90,102,4.913
88,102,4.877
86,102,4.945
84,102,5.170
82,102,5.538
80,102,5.824
78,102,6.321
76,102,6.716
74,102,6.867
72,102,6.990
70,102,7.047
68,102,7.070
66,102,7.066
64,102,7.198
62,102,7.298
60,102,7.371
58,102,7.396
56,102,7.371
54,102,7.294
52,102,7.151
50,102,7.100
48,102,6.760
46,102,6.674
44,102,6.552
42,102,6.499
40,102,6.628
38,102,6.592
36,102,6.572
34,102,6.657
32,102,6.622
30,102,6.928
28,102,6.954
26,102,7.149
24,102,7.358
22,102,7.417
20,102,7.421
18,102,7.152
16,102,6.719
14,102,5.464
12,102,4.120
10,102,3.392
8,102,4.039
6,102,5.395
4,102,6.673
2,102,7.162
0,102,7.443
0,104,7.417
2,104,7.099
4,104,6.986
6,104,6.880
8,104,6.526
10,104,6.086
12,104,5.456
14,104,4.840
16,104,4.198
18,104,4.163
20,104,4.427
22,104,5.265
24,104,6.291
26,104,6.637
28,104,7.083
30,104,7.338
32,104,7.428
34,104,7.334
36,104,7.325
38,104,7.253
40,104,7.102
42,104,7.076
44,104,7.128
46,104,6.852
48,104,6.839
50,104,6.713
52,104,6.647
54,104,6.529
56,104,6.450
58,104,6.443
60,104,6.408
62,104,6.568
64,104,6.716
66,104,7.002
68,104,7.140
70,104,7.315
72,104,7.368
74,104,7.308
76,104,7.230
78,104,7.131
80,104,7.132
82,104,7.123
84,104,7.130
86,104,7.048
88,104,6.850
90,104,6.351
92,104,5.828
94,104,5.356
96,104,4.987
98,104,4.778
100,104,4.628
102,104,4.418
104,104,3.802
106,104,3.158
108,104,2.514
110,104,1.641
112,104,1.358
114,104,1.120
116,104,8.607
118,104,8.497
120,104,7.618
122,104,7.016
124,104,5.262
126,104,4.302
128,104,5.983
130,104,9.694
132,104,1.523
134,104,1.922
136,104,2.217
138,104,2.346
140,104,2.805
142,104,3.323
144,104,3.229
146,104,3.428
148,104,3.638
150,104,3.758
150,106,3.752
148,106,3.809
146,106,3.845
144,106,3.753
142,106,3.645
140,106,3.593
138,106,3.516
136,106,3.457
134,106,3.347
132,106,2.862
130,106,2.696
128,106,2.505
126,106,1.532
124,106,1.252
122,106,1.082
120,106,5.481
118,106,2.672
116,106,1.680
114,106,1.781
112,106,4.321
110,106,3.735
108,106,7.800
106,106,1.177
104,106,1.585
102,106,2.131
100,106,2.984
98,106,3.729
96,106,4.545
94,106,4.985
92,106,5.213
90,106,5.463
88,106,5.861
86,106,5.864
84,106,5.681
82,106,5.570
80,106,5.768
78,106,5.939
76,106,6.079
74,106,6.078
72,106,5.882
70,106,5.871
68,106,5.764
66,106,6.010
64,106,6.390
62,106,6.560
60,106,7.008
58,106,7.158
56,106,7.163
54,106,7.191
52,106,7.163
50,106,7.136
48,106,7.197
46,106,7.233
44,106,6.891
42,106,6.798
40,106,6.986
38,106,6.643
36,106,6.438
34,106,6.319
32,106,6.245
30,106,6.374
28,106,6.484
26,106,6.590
24,106,6.835
22,106,7.079
20,106,7.113
18,106,7.041
16,106,6.916
14,106,6.604
12,106,6.320
10,106,5.951
8,106,5.915
6,106,6.134
4,106,6.370
2,106,6.557
0,106,6.900
0,108,6.677
2,108,6.466
4,108,6.295
6,108,6.152
8,108,6.248
10,108,6.335
12,108,6.378
14,108,6.286
16,108,6.503
18,108,6.590
20,108,6.659
22,108,6.657
24,108,6.754
26,108,6.918
28,108,7.033
30,108,7.142
32,108,7.162
34,108,7.141
36,108,7.101
38,108,6.980
40,108,6.723
42,108,6.467
44,108,6.584
46,108,6.453
48,108,6.444
50,108,6.433
52,108,6.675
54,108,6.922
56,108,6.899
58,108,6.986
60,108,6.991
62,108,7.074
64,108,7.159
66,108,7.164
68,108,7.190
70,108,7.196
72,108,7.025
74,108,6.905
76,108,6.504
78,108,6.266
80,108,6.024
82,108,5.955
84,108,5.984
86,108,6.074
88,108,6.127
90,108,5.928
92,108,5.746
94,108,5.639
96,108,5.577
98,108,5.670
100,108,5.590
102,108,5.360
104,108,5.357
106,108,4.899
108,108,4.086
110,108,3.089
112,108,2.230
114,108,1.420
116,108,9.196
118,108,6.515
120,108,2.298
122,108,1.159
124,108,1.485
126,108,4.400
128,108,1.247
130,108,1.534
132,108,2.416
134,108,3.073
136,108,3.319
138,108,3.546
140,108,3.601
142,108,3.786
144,108,3.811
146,108,3.834
148,108,3.732
150,108,3.730
150,110,3.750
148,110,3.681
146,110,3.513
144,110,3.703
142,110,3.779
140,110,3.811
138,110,3.744
136,110,3.744
134,110,3.723
132,110,3.633
130,110,3.487
128,110,3.195
126,110,2.502
124,110,1.930
122,110,1.565
120,110,1.413
118,110,4.049
116,110,1.483
114,110,5.823
112,110,1.339
110,110,2.342
108,110,6.614
106,110,1.331
104,110,1.975
102,110,2.772
100,110,3.677
98,110,4.670
96,110,5.368
94,110,5.986
92,110,6.299
90,110,6.360
88,110,6.343
86,110,6.434
84,110,6.436
82,110,6.440
80,110,6.270
78,110,6.083
76,110,6.117
74,110,5.840
72,110,5.325
70,110,4.895
68,110,4.648
66,110,4.686
64,110,4.960
62,110,5.737
60,110,6.077
58,110,6.074
56,110,6.549
54,110,6.801
52,110,6.854
50,110,6.857
48,110,7.098
46,110,7.150
44,110,7.101
42,110,7.035
40,110,7.056
38,110,6.924
36,110,6.774
34,110,6.365
32,110,6.182
30,110,5.767
28,110,5.731
26,110,5.611
24,110,5.772
22,110,5.783
20,110,6.354
18,110,6.524
16,110,6.505
14,110,6.770
12,110,6.888
10,110,6.957
8,110,6.978
6,110,6.497
4,110,6.070
2,110,5.895
0,110,5.823
0,112,5.483
2,112,5.439
4,112,5.606
6,112,6.023
8,112,6.337
10,112,6.616
12,112,6.737
14,112,6.806
16,112,6.887
18,112,6.931
20,112,6.863
22,112,6.754
24,112,6.526
26,112,6.450
28,112,6.410
30,112,6.334
32,112,6.142
34,112,5.969
36,112,5.954
38,112,5.795
40,112,5.789
42,112,5.771
44,112,5.797
46,112,5.945
48,112,6.287
50,112,6.402
52,112,6.730
54,112,6.857
56,112,6.931
58,112,7.071
60,112,7.153
62,112,7.127
64,112,7.074
66,112,7.003
68,112,6.915
70,112,6.782
72,112,6.693
74,112,6.211
76,112,5.500
78,112,4.672
80,112,4.939
82,112,5.007
84,112,5.093
86,112,5.381
88,112,5.660
90,112,5.786
92,112,6.031
94,112,5.992
96,112,5.962
98,112,6.200
100,112,6.252
102,112,6.208
104,112,5.940
106,112,5.368
108,112,4.652
110,112,3.668
112,112,2.715
114,112,1.760
116,112,9.400
118,112,3.287
120,112,8.321
122,112,1.607
124,112,4.355
126,112,9.150
128,112,1.417
130,112,2.132
132,112,2.753
134,112,3.281
136,112,3.496
138,112,3.639
140,112,3.784
142,112,3.705
144,112,3.497
146,112,3.526
148,112,3.557
150,112,3.276
150,114,2.615
148,114,2.582
146,114,3.124
144,114,3.332
142,114,3.338
140,114,3.424
138,114,3.293
136,114,3.303
134,114,3.308
132,114,3.559
130,114,3.436
128,114,3.345
126,114,3.023
124,114,2.667
122,114,2.186
120,114,1.649
118,114,1.181
116,114,5.800
114,114,1.517
112,114,6.380
110,114,1.688
108,114,5.798
106,114,8.863
104,114,1.435
102,114,2.482
100,114,3.606
98,114,4.596
96,114,5.282
94,114,5.647
92,114,5.901
90,114,6.057
88,114,6.105
86,114,6.032
84,114,5.962
82,114,6.049
80,114,6.041
78,114,5.578
76,114,5.385
74,114,5.321
72,114,4.749
70,114,4.365
68,114,4.060
66,114,3.677
64,114,3.815
62,114,4.158
60,114,4.587
58,114,4.787
56,114,5.082
54,114,5.529
52,114,5.517
50,114,6.013
48,114,6.297
46,114,6.337
44,114,6.436
42,114,6.458
40,114,6.432
38,114,6.404
36,114,6.221
34,114,5.989
32,114,5.744
30,114,5.195
28,114,4.781
26,114,4.423
24,114,4.385
22,114,4.229
20,114,4.236
18,114,4.979
16,114,5.423
14,114,5.742
12,114,6.276
10,114,6.603
8,114,6.457
6,114,6.183
4,114,5.528
2,114,5.227
0,114,5.061
0,116,4.935
2,116,5.197
4,116,5.630
6,116,5.723
8,116,6.033
10,116,6.220
12,116,6.552
14,116,6.555
16,116,6.489
18,116,6.420
20,116,6.261
22,116,5.803
24,116,5.547
26,116,5.206
28,116,4.631
30,116,4.512
32,116,4.319
34,116,4.280
36,116,4.375
38,116,4.498
40,116,4.494
42,116,4.804
44,116,5.141
46,116,5.418
48,116,5.796
50,116,6.110
52,116,6.230
54,116,6.373
56,116,6.506
58,116,6.598
60,116,6.532
62,116,6.536
64,116,6.347
66,116,5.891
68,116,5.410
70,116,5.248
72,116,4.928
74,116,4.505
76,116,4.180
78,116,3.543
80,116,3.640
82,116,4.133
84,116,4.079
86,116,4.452
88,116,4.975
90,116,4.962
92,116,5.620
94,116,5.618
96,116,5.608
98,116,5.762
100,116,5.784
102,116,5.647
104,116,5.343
106,116,4.794
108,116,4.227
110,116,3.167
112,116,2.088
114,116,9.195
116,116,3.919
118,116,1.680
120,116,6.770
122,116,3.421
124,116,8.446
126,116,1.498
128,116,2.139
130,116,2.696
132,116,3.082
134,116,3.344
136,116,3.434
138,116,3.094
140,116,3.139
142,116,3.266
144,116,2.990
146,116,2.567
148,116,2.355
150,116,2.062
150,118,1.919
148,118,1.569
146,118,2.067
144,118,2.589
142,118,2.587
140,118,2.329
138,118,2.561
136,118,2.836
134,118,3.003
132,118,2.814
130,118,2.878
128,118,2.913
126,118,2.895
124,118,2.719
122,118,2.336
120,118,1.937
118,118,1.501
116,118,1.018
114,118,6.285
112,118,2.069
110,118,6.909
108,118,6.376
106,118,2.348
104,118,5.719
102,118,1.017
100,118,1.991
98,118,2.599
96,118,2.965
94,118,3.629
92,118,4.144
90,118,4.351
88,118,4.859
86,118,5.068
84,118,5.109
82,118,5.114
80,118,5.049
78,118,4.843
76,118,4.649
74,118,4.337
72,118,4.047
70,118,4.003
68,118,3.312
66,118,3.419
64,118,3.356
62,118,2.658
60,118,2.524
58,118,2.683
56,118,2.650
54,118,3.088
52,118,3.594
50,118,3.714
48,118,4.205
46,118,4.324
44,118,4.810
42,118,4.834
40,118,5.076
38,118,4.979
36,118,4.923
34,118,4.865
32,118,4.518
30,118,3.967
28,118,3.939
26,118,3.835
24,118,3.335
22,118,3.009
20,118,2.984
18,118,3.008
16,118,3.356
14,118,4.328
12,118,5.355
10,118,5.725
8,118,5.994
6,118,5.779
4,118,5.496
2,118,5.252
0,118,4.809
0,120,4.410
2,120,5.005
4,120,5.612
6,120,5.649
8,120,5.627
10,120,5.829
12,120,5.874
14,120,5.800
16,120,5.645
18,120,5.429
20,120,4.787
22,120,3.991
24,120,3.939
26,120,3.171
28,120,2.730
30,120,2.849
32,120,2.954
34,120,3.134
36,120,3.109
38,120,3.513
40,120,3.846
42,120,3.910
44,120,4.441
46,120,4.637
48,120,4.746
50,120,5.032
52,120,5.070
54,120,5.180
56,120,5.223
58,120,5.098
60,120,4.888
62,120,4.803
64,120,4.196
66,120,4.065
68,120,3.277
70,120,2.646
72,120,2.460
74,120,2.339
76,120,2.296
78,120,2.614
80,120,2.352
82,120,3.254
84,120,3.877
86,120,3.973
88,120,4.043
90,120,4.215
92,120,4.747
94,120,4.710
96,120,4.740
98,120,4.633
100,120,4.328
102,120,3.878
104,120,3.359
106,120,2.641
108,120,1.950
110,120,1.708
112,120,1.148
114,120,3.860
116,120,1.231
118,120,1.071
120,120,3.558
122,120,7.067
124,120,1.239
126,120,1.778
128,120,2.229
130,120,2.561
132,120,2.866
134,120,3.044
136,120,3.009
138,120,2.396
140,120,2.543
142,120,2.366
144,120,1.794
146,120,1.772
148,120,1.472
150,120,1.499
150,122,1.571
148,122,1.555
146,122,1.447
144,122,1.451
142,122,1.503
140,122,1.600
138,122,1.607
136,122,2.039
134,122,2.098
132,122,2.337
130,122,2.036
128,122,2.490
126,122,2.207
124,122,2.252
122,122,2.033
120,122,1.813
118,122,1.515
116,122,1.179
114,122,9.532
112,122,7.360
110,122,6.526
108,122,3.436
106,122,5.356
104,122,5.874
102,122,6.622
100,122,8.049
98,122,1.122
96,122,1.256
94,122,1.878
92,122,2.448
90,122,2.761
88,122,2.845
86,122,3.401
84,122,3.556
82,122,3.639
80,122,3.646
78,122,3.555
76,122,3.520
74,122,3.431
72,122,3.253
70,122,3.019
68,122,2.897
66,122,2.877
64,122,2.551
62,122,2.456
60,122,2.132
58,122,1.921
56,122,1.549
54,122,1.515
52,122,1.572
50,122,1.888
48,122,1.758
46,122,2.284
44,122,2.443
42,122,2.995
40,122,3.183
38,122,3.355
36,122,3.420
34,122,3.772
32,122,3.872
30,122,3.853
28,122,3.601
26,122,3.656
24,122,3.339
22,122,3.329
20,122,2.304
18,122,2.015
16,122,2.063
14,122,2.689
12,122,3.668
10,122,4.769
8,122,5.207
6,122,5.392
4,122,5.321
2,122,4.984
0,122,4.653
0,124,4.707
2,124,5.099
4,124,5.328
6,124,5.393
8,124,5.413
10,124,5.217
12,124,5.217
14,124,5.030
16,124,4.519
18,124,3.608
20,124,3.280
22,124,2.831
24,124,2.154
26,124,2.117
28,124,2.186
30,124,2.542
32,124,2.474
34,124,2.659
36,124,3.024
38,124,3.106
40,124,3.361
42,124,3.281
44,124,3.478
46,124,3.651
48,124,3.749
50,124,3.716
52,124,3.637
54,124,3.496
56,124,3.022
58,124,3.013
60,124,2.673
62,124,2.250
64,124,2.041
66,124,1.571
68,124,1.353
70,124,1.410
72,124,1.434
74,124,1.907
76,124,2.322
78,124,2.465
80,124,2.599
82,124,2.978
84,124,3.001
86,124,3.171
88,124,3.340
90,124,3.436
92,124,3.497
94,124,3.469
96,124,3.039
98,124,2.872
100,124,2.302
102,124,1.823
104,124,1.494
106,124,1.223
108,124,7.836
110,124,6.891
112,124,6.762
114,124,6.810
116,124,4.952
118,124,5.256
120,124,7.755
122,124,1.099
124,124,1.394
126,124,1.707
128,124,1.871
130,124,2.068
132,124,2.084
134,124,1.940
136,124,1.482
138,124,1.510
140,124,1.340
142,124,1.408
144,124,1.460
146,124,1.658
148,124,1.624
150,124,1.743
150,126,1.933
148,126,1.852
146,126,1.915
144,126,2.210
142,126,1.744
140,126,1.475
138,126,1.522
136,126,1.496
134,126,1.323
132,126,1.320
130,126,1.377
128,126,1.331
126,126,1.147
124,126,1.348
122,126,1.475
120,126,1.323
118,126,1.277
116,126,1.208
114,126,1.147
112,126,1.002
110,126,9.901
108,126,1.137
106,126,1.341
104,126,1.377
102,126,1.380
100,126,1.263
98,126,1.023
96,126,1.135
94,126,1.042
92,126,1.032
90,126,1.481
88,126,1.824
86,126,1.769
84,126,1.818
82,126,2.206
80,126,2.547
78,126,2.689
76,126,2.376
74,126,2.600
72,126,2.640
70,126,2.705
68,126,2.661
66,126,2.785
64,126,2.793
62,126,2.692
60,126,2.717
58,126,2.325
56,126,2.016
54,126,1.732
52,126,1.674
50,126,1.880
48,126,1.495
46,126,1.367
44,126,1.540
42,126,1.844
40,126,2.040
38,126,2.594
36,126,3.039
34,126,3.588
32,126,3.925
30,126,4.067
28,126,4.129
26,126,4.290
24,126,3.970
22,126,3.848
20,126,3.254
18,126,2.805
16,126,2.249
14,126,2.575
12,126,3.361
10,126,4.436
8,126,4.974
6,126,5.363
4,126,5.507
2,126,5.486
0,126,5.138
0,128,5.547
2,128,5.639
4,128,5.665
6,128,5.685
8,128,5.407
10,128,5.155
12,128,5.036
14,128,4.557
16,128,3.979
18,128,3.542
20,128,2.862
22,128,2.496
24,128,2.361
26,128,2.774
28,128,2.960
30,128,3.297
32,128,3.826
34,128,4.124
36,128,4.184
38,128,4.157
40,128,4.138
42,128,3.990
44,128,3.952
46,128,3.792
48,128,3.520
50,128,3.263
52,128,2.864
54,128,2.381
56,128,1.970
58,128,1.612
60,128,1.348
62,128,1.319
64,128,1.250
66,128,1.388
68,128,1.598
70,128,1.902
72,128,2.259
74,128,2.522
76,128,2.565
78,128,2.551
80,128,2.709
82,128,2.733
84,128,2.755
86,128,2.798
88,128,2.811
90,128,2.728
92,128,2.417
94,128,2.213
96,128,1.934
98,128,1.871
100,128,1.535
102,128,1.199
104,128,1.264
106,128,9.071
108,128,1.055
110,128,1.500
112,128,8.293
114,128,1.294
116,128,1.323
118,128,1.186
120,128,1.120
122,128,1.102
124,128,1.151
126,128,1.344
128,128,1.350
130,128,1.302
132,128,1.167
134,128,1.078
136,128,1.484
138,128,1.261
140,128,1.549
142,128,1.620
144,128,1.807
146,128,2.166
148,128,2.261
150,128,2.564
150,130,3.643
148,130,3.620
146,130,3.223
144,130,2.532
142,130,2.600
140,130,2.537
138,130,2.622
136,130,1.887
134,130,1.532
132,130,1.722
130,130,1.383
128,130,9.655
126,130,6.247
124,130,6.548
122,130,6.857
120,130,8.484
118,130,1.079
116,130,1.116
114,130,1.148
112,130,1.213
110,130,1.443
108,130,1.685
106,130,1.927
104,130,1.983
102,130,2.528
100,130,2.182
98,130,1.907
96,130,1.947
94,130,1.590
92,130,1.487
90,130,1.496
88,130,1.530
86,130,1.617
84,130,1.922
82,130,2.206
80,130,2.419
78,130,2.532
76,130,2.951
74,130,2.816
72,130,2.843
70,130,3.077
68,130,3.404
66,130,3.480
64,130,3.602
62,130,3.720
60,130,3.619
58,130,3.582
56,130,3.714
54,130,3.830
52,130,3.060
50,130,3.015
48,130,2.809
46,130,2.837
44,130,2.600
42,130,2.496
40,130,2.677
38,130,2.830
36,130,3.584
34,130,4.006
32,130,4.538
30,130,5.017
28,130,5.166
26,130,5.344
24,130,5.310
22,130,4.806
20,130,4.756
18,130,4.386
16,130,3.935
14,130,3.774
12,130,4.139
10,130,4.567
8,130,5.371
6,130,5.773
4,130,6.043
2,130,6.163
0,130,6.067
0,132,6.603
2,132,6.535
4,132,6.510
6,132,6.228
8,132,5.658
10,132,5.317
12,132,5.524
14,132,5.140
16,132,4.519
18,132,4.252
20,132,4.158
22,132,4.151
24,132,4.261
26,132,4.394
28,132,4.674
30,132,4.949
32,132,5.339
34,132,5.335
36,132,5.288
38,132,5.255
40,132,5.144
42,132,4.982
44,132,4.709
46,132,4.519
48,132,4.074
50,132,3.284
52,132,2.787
54,132,2.605
56,132,2.389
58,132,2.377
60,132,3.189
62,132,2.902
64,132,2.504
66,132,2.688
68,132,3.062
70,132,3.424
72,132,3.472
74,132,3.543
76,132,3.647
78,132,3.572
80,132,3.448
82,132,3.379
84,132,3.394
86,132,3.309
88,132,2.913
90,132,2.883
92,132,2.549
94,132,2.496
96,132,2.117
98,132,2.041
100,132,1.846
102,132,1.647
104,132,1.773
106,132,1.887
108,132,1.923
110,132,2.126
112,132,2.381
114,132,2.081
116,132,1.640
118,132,1.506
120,132,1.218
122,132,9.881
124,132,9.137
126,132,6.380
128,132,5.479
130,132,6.524
132,132,7.966
134,132,9.418
136,132,1.322
138,132,1.495
140,132,2.106
142,132,2.393
144,132,2.664
146,132,2.884
148,132,3.150
150,132,3.352
150,134,3.624
148,134,3.501
146,134,3.393
144,134,3.190
142,134,3.070
140,134,2.896
138,134,3.002
136,134,2.374
134,134,2.158
132,134,1.556
130,134,1.397
128,134,8.383
126,134,5.561
124,134,4.824
122,134,3.196
120,134,2.662
118,134,3.468
116,134,6.445
114,134,8.496
112,134,1.136
110,134,1.527
108,134,1.920
106,134,2.443
104,134,2.782
102,134,2.934
100,134,3.340
98,134,3.332
96,134,3.376
94,134,3.319
92,134,3.156
90,134,3.192
88,134,2.862
86,134,2.738
84,134,2.787
82,134,2.792
80,134,2.779
78,134,2.926
76,134,3.515
74,134,3.688
72,134,4.204
70,134,3.959
68,134,4.349
66,134,4.777
64,134,5.080
62,134,5.180
60,134,5.278
58,134,5.431
56,134,5.488
54,134,5.476
52,134,5.259
50,134,5.188
48,134,5.173
46,134,4.946
44,134,4.647
42,134,4.741
40,134,4.553
38,134,4.980
36,134,5.024
34,134,5.476
32,134,6.081
30,134,6.465
28,134,6.529
26,134,6.691
24,134,6.773
22,134,6.790
20,134,6.640
18,134,6.509
16,134,6.303
14,134,5.819
12,134,5.750
10,134,5.956
8,134,6.068
6,134,6.655
4,134,6.868
2,134,7.110
0,134,7.220
0,136,7.506
2,136,7.427
4,136,7.360
6,136,7.191
8,136,6.870
10,136,6.587
12,136,6.366
14,136,6.066
16,136,6.027
18,136,5.942
20,136,6.153
22,136,6.407
24,136,6.449
26,136,6.520
28,136,6.728
30,136,6.764
32,136,6.806
34,136,6.803
36,136,6.730
38,136,6.594
40,136,6.430
42,136,6.268
44,136,6.037
46,136,5.534
48,136,5.036
50,136,4.921
52,136,4.668
54,136,4.558
56,136,4.280
58,136,4.306
60,136,4.323
62,136,4.608
64,136,4.980
66,136,5.251
68,136,5.098
70,136,5.252
72,136,5.376
74,136,5.395
76,136,5.305
78,136,5.184
80,136,5.058
82,136,4.981
84,136,4.529
86,136,4.433
88,136,3.835
90,136,3.873
92,136,3.719
94,136,3.314
96,136,3.320
98,136,3.263
100,136,3.344
102,136,3.242
104,136,3.223
106,136,3.426
108,136,3.430
110,136,3.626
112,136,3.320
114,136,2.717
116,136,2.124
118,136,1.626
120,136,1.248
122,136,9.781
124,136,8.307
126,136,4.180
128,136,2.841
130,136,4.024
132,136,8.241
134,136,1.175
136,136,1.675
138,136,2.010
140,136,2.594
142,136,3.069
144,136,3.146
146,136,3.319
148,136,3.460
150,136,3.671
150,138,3.777
148,138,3.686
146,138,3.655
144,138,3.511
142,138,3.588
140,138,3.209
138,138,2.991
136,138,3.168
134,138,2.863
132,138,2.128
130,138,1.472
128,138,1.099
126,138,7.463
124,138,5.076
122,138,3.016
120,138,1.692
118,138,1.840
116,138,4.399
114,138,8.640
112,138,1.229
110,138,1.554
108,138,2.158
106,138,2.988
104,138,3.612
102,138,4.114
100,138,4.791
98,138,5.125
96,138,5.101
94,138,5.459
92,138,5.537
90,138,5.456
88,138,5.331
86,138,5.220
84,138,5.174
82,138,4.980
80,138,5.017
78,138,4.970
76,138,5.066
74,138,5.352
72,138,5.386
70,138,5.544
68,138,6.088
66,138,6.292
64,138,6.518
62,138,6.700
60,138,6.942
58,138,7.043
56,138,7.065
54,138,7.078
52,138,7.100
50,138,7.072
48,138,7.026
46,138,7.038
44,138,6.981
42,138,6.834
40,138,6.590
38,138,6.432
36,138,6.472
34,138,6.680
32,138,6.804
30,138,7.131
28,138,7.520
26,138,7.557
24,138,7.649
22,138,7.684
20,138,7.667
18,138,7.640
16,138,7.445
14,138,7.148
12,138,6.928
10,138,6.805
8,138,6.871
6,138,7.089
4,138,7.438
2,138,7.650
0,138,7.793
0,140,7.877
2,140,7.786
4,140,7.674
6,140,7.432
8,140,7.251
10,140,7.121
12,140,6.928
14,140,6.865
16,140,6.986
18,140,7.061
20,140,7.233
22,140,7.422
24,140,7.639
26,140,7.626
28,140,7.668
30,140,7.693
32,140,7.671
34,140,7.606
36,140,7.563
38,140,7.445
40,140,7.350
42,140,7.114
44,140,6.990
46,140,6.553
48,140,6.412
50,140,6.344
52,140,6.289
54,140,6.335
56,140,6.521
58,140,6.659
60,140,6.749
62,140,6.737
64,140,6.922
66,140,6.978
68,140,7.018
70,140,7.045
72,140,7.030
74,140,6.960
76,140,6.806
78,140,6.731
80,140,6.362
82,140,6.126
84,140,5.888
86,140,5.728
88,140,5.558
90,140,5.343
92,140,5.352
94,140,5.646
96,140,5.544
98,140,5.558
100,140,5.867
102,140,5.732
104,140,5.668
106,140,5.583
108,140,5.480
110,140,4.989
112,140,4.370
114,140,3.563
116,140,2.662
118,140,1.743
120,140,1.113
122,140,4.995
124,140,3.945
126,140,1.494
128,140,1.848
130,140,6.121
132,140,1.246
134,140,1.979
136,140,2.933
138,140,2.957
140,140,2.994
142,140,3.573
144,140,3.730
146,140,3.745
148,140,3.729
150,140,3.714
150,142,3.480
148,142,3.646
146,142,3.669
144,142,3.749
142,142,3.692
140,142,3.637
138,142,3.597
136,142,3.448
134,142,3.338
132,142,3.151
130,142,2.543
128,142,2.164
126,142,1.647
124,142,8.448
122,142,5.774
120,142,2.109
118,142,8.055
116,142,1.098
114,142,3.721
112,142,7.868
110,142,1.597
108,142,2.440
106,142,3.593
104,142,4.627
102,142,5.428
100,142,6.003
98,142,6.447
96,142,6.741
94,142,7.084
92,142,7.201
90,142,7.169
88,142,7.208
86,142,7.093
84,142,6.955
82,142,7.003
80,142,6.945
78,142,6.739
76,142,6.514
74,142,6.440
72,142,6.425
70,142,6.619
68,142,6.937
66,142,6.950
64,142,7.231
62,142,7.340
60,142,7.491
58,142,7.695
56,142,7.708
54,142,7.662
52,142,7.717
50,142,7.778
48,142,7.794
46,142,7.797
44,142,7.661
42,142,7.566
40,142,7.433
38,142,7.508
36,142,7.174
34,142,7.100
32,142,7.128
30,142,7.339
28,142,7.562
26,142,7.650
24,142,7.795
22,142,7.913
20,142,7.924
18,142,7.912
16,142,7.848
14,142,7.623
12,142,7.540
10,142,7.246
8,142,7.188
6,142,7.190
4,142,7.495
2,142,7.789
0,142,7.911
0,144,7.970
2,144,7.858
4,144,7.573
6,144,7.386
8,144,7.341
10,144,7.216
12,144,7.307
14,144,7.512
16,144,7.732
18,144,7.735
20,144,7.655
22,144,7.870
24,144,7.919
26,144,7.899
28,144,7.935
30,144,7.919
32,144,7.863
34,144,7.700
36,144,7.655
38,144,7.596
40,144,7.106
42,144,7.085
44,144,7.143
46,144,7.238
48,144,7.188
50,144,7.129
52,144,7.245
54,144,7.460
56,144,7.668
58,144,7.677
60,144,7.582
62,144,7.718
64,144,7.761
66,144,7.733
68,144,7.723
70,144,7.719
72,144,7.618
74,144,7.353
76,144,7.284
78,144,7.088
80,144,6.890
82,144,6.645
84,144,6.553
86,144,6.553
88,144,6.693
90,144,6.786
92,144,6.779
94,144,7.105
96,144,7.251
98,144,7.284
100,144,7.347
102,144,7.397
104,144,7.286
106,144,7.042
108,144,6.644
110,144,6.096
112,144,5.372
114,144,4.338
116,144,3.122
118,144,1.748
120,144,9.320
122,144,5.648
124,144,1.884
126,144,1.100
128,144,5.180
130,144,1.421
132,144,1.841
134,144,2.678
136,144,3.142
138,144,3.444
140,144,3.575
142,144,3.633
144,144,3.627
146,144,3.364
148,144,3.313
150,144,2.912
150,146,2.766
148,146,3.031
146,146,3.255
144,146,3.006
142,146,3.080
140,146,3.232
138,146,3.447
136,146,3.453
134,146,3.392
132,146,3.232
130,146,3.027
128,146,2.645
126,146,2.201
124,146,1.541
122,146,1.011
120,146,4.252
118,146,1.274
116,146,1.110
114,146,2.718
112,146,8.370
110,146,1.702
108,146,2.771
106,146,3.911
104,146,4.695
102,146,6.030
100,146,6.651
98,146,7.134
96,146,7.418
94,146,7.650
92,146,7.747
90,146,7.787
88,146,7.795
86,146,7.769
84,146,7.761
82,146,7.714
80,146,7.716
78,146,7.551
76,146,7.383
74,146,7.328
72,146,7.285
70,146,7.150
68,146,7.021
66,146,7.108
64,146,7.125
62,146,7.209
60,146,7.337
58,146,7.648
56,146,7.678
54,146,7.756
52,146,7.834
50,146,7.901
48,146,7.948
46,146,7.964
44,146,7.967
42,146,7.939
40,146,7.873
38,146,7.800
36,146,7.710
34,146,7.588
32,146,7.407
30,146,7.353
28,146,7.352
26,146,7.619
24,146,7.779
22,146,7.915
20,146,7.907
18,146,8.014
16,146,8.023
14,146,7.976
12,146,7.824
10,146,7.652
8,146,7.524
6,146,7.357
4,146,7.433
2,146,7.633
0,146,7.873
0,148,7.878
2,148,7.770
4,148,7.489
6,148,7.420
8,148,7.383
10,148,7.431
12,148,7.583
14,148,7.761
16,148,7.886
18,148,7.967
20,148,7.991
22,148,8.029
24,148,8.038
26,148,8.021
28,148,7.971
30,148,7.912
32,148,7.727
34,148,7.590
36,148,7.558
38,148,7.428
40,148,7.270
42,148,7.276
44,148,7.352
46,148,7.456
48,148,7.579
50,148,7.636
52,148,7.796
54,148,7.894
56,148,7.928
58,148,7.953
60,148,7.951
62,148,7.950
64,148,7.947
66,148,7.910
68,148,7.801
70,148,7.652
72,148,7.651
74,148,7.504
76,148,7.387
78,148,7.304
80,148,7.096
82,148,7.060
84,148,7.185
86,148,7.151
88,148,7.414
90,148,7.399
92,148,7.599
94,148,7.644
96,148,7.702
98,148,7.772
100,148,7.811
102,148,7.823
104,148,7.731
106,148,7.600
108,148,7.338
110,148,6.784
112,148,5.982
114,148,4.822
116,148,3.533
118,148,1.980
120,148,7.470
122,148,2.118
124,148,5.016
126,148,3.177
128,148,7.565
130,148,1.420
132,148,2.283
134,148,2.672
136,148,3.105
138,148,3.299
140,148,3.428
142,148,2.905
144,148,2.961
146,148,3.251
148,148,2.780
150,148,2.579
150,150,2.277
148,150,2.415
146,150,2.301
144,150,2.886
142,150,2.854
140,150,2.885
138,150,2.868
136,150,3.054
134,150,2.968
132,150,3.030
130,150,2.893
128,150,2.606
126,150,2.253
124,150,1.758
122,150,1.286
120,150,6.868
118,150,3.088
116,150,5.002
114,150,2.737
112,150,5.848
110,150,1.493
108,150,3.299
106,150,4.854
104,150,5.654
102,150,6.356
100,150,7.147
98,150,7.497
96,150,7.732
94,150,7.823
92,150,7.921
90,150,7.920
88,150,7.927
86,150,7.945
84,150,7.949
82,150,7.947
80,150,7.908
78,150,7.886
76,150,7.866
74,150,7.855
72,150,7.653
70,150,7.593
68,150,7.502
66,150,7.501
64,150,7.324
62,150,7.329
60,150,7.276
58,150,7.379
56,150,7.514
54,150,7.555
52,150,7.766
50,150,7.837
48,150,7.921
46,150,7.972
44,150,8.024
42,150,8.015
40,150,8.007
38,150,7.933
36,150,7.886
34,150,7.800
32,150,7.551
30,150,7.408
28,150,7.393
26,150,7.401
24,150,7.538
22,150,7.831
20,150,7.881
18,150,8.019
16,150,8.058
14,150,8.040
12,150,8.023
10,150,7.906
8,150,7.724
6,150,7.511
4,150,7.420
2,150,7.555
0,150,7.813
