0,0,7.523
2,0,7.228
4,0,6.741
6,0,6.757
8,0,6.774
10,0,7.226
12,0,7.594
14,0,7.800
16,0,8.020
18,0,8.137
20,0,8.130
22,0,8.126
24,0,8.124
26,0,8.052
28,0,7.797
30,0,7.314
32,0,6.623
34,0,6.200
36,0,5.444
38,0,5.143
40,0,6.006
42,0,6.740
44,0,7.396
46,0,7.532
48,0,7.500
50,0,7.322
52,0,6.872
54,0,6.243
56,0,5.447
58,0,3.669
60,0,3.047
62,0,3.202
64,0,3.790
66,0,4.149
68,0,5.146
70,0,5.725
72,0,5.989
74,0,5.376
76,0,4.219
78,0,3.661
80,0,3.762
82,0,3.033
84,0,3.132
86,0,3.087
88,0,3.558
90,0,4.058
92,0,4.548
94,0,4.570
96,0,4.332
98,0,3.749
100,0,3.609
102,0,3.474
104,0,3.198
106,0,3.329
108,0,3.902
110,0,4.729
112,0,4.649
114,0,4.797
116,0,5.193
118,0,5.594
120,0,5.555
122,0,5.820
124,0,6.116
126,0,6.216
128,0,6.157
130,0,6.142
132,0,6.038
134,0,6.124
136,0,5.954
138,0,5.757
140,0,5.660
142,0,5.490
144,0,5.444
146,0,5.236
148,0,5.215
150,0,4.761
150,2,4.434
148,2,4.527
146,2,4.922
144,2,5.152
142,2,6.123
140,2,5.991
138,2,6.237
136,2,6.196
134,2,6.222
132,2,6.112
130,2,5.922
128,2,5.444
126,2,5.602
124,2,5.326
122,2,5.620
120,2,4.982
118,2,4.095
116,2,3.847
114,2,3.790
112,2,3.897
110,2,4.013
108,2,4.193
106,2,4.754
104,2,5.434
102,2,5.700
100,2,5.924
98,2,5.976
96,2,5.952
94,2,5.786
92,2,5.669
90,2,5.371
88,2,5.048
86,2,4.728
84,2,4.129
82,2,3.971
80,2,3.489
78,2,2.991
76,2,2.972
74,2,3.156
72,2,3.463
70,2,4.187
68,2,4.526
66,2,4.655
64,2,4.857
62,2,5.455
60,2,6.269
58,2,6.737
56,2,6.918
54,2,6.606
52,2,6.135
50,2,5.797
48,2,5.639
46,2,5.508
44,2,5.568
42,2,5.695
40,2,5.695
38,2,5.862
36,2,6.246
34,2,6.267
32,2,6.933
30,2,7.317
28,2,7.113
26,2,7.314
24,2,7.440
22,2,7.566
20,2,7.664
18,2,7.745
16,2,7.679
14,2,7.377
12,2,7.460
10,2,7.837
8,2,8.133
6,2,8.281
4,2,8.214
2,2,7.954
0,2,7.566
0,4,7.716
2,4,7.883
4,4,7.961
6,4,8.010
8,4,8.032
10,4,7.824
12,4,7.660
14,4,7.553
16,4,7.636
18,4,7.833
20,4,8.025
22,4,8.159
24,4,8.175
26,4,8.032
28,4,7.751
30,4,7.075
32,4,6.302
34,4,5.990
36,4,6.326
38,4,7.210
40,4,7.642
42,4,7.797
44,4,7.818
46,4,7.621
48,4,6.977
50,4,5.807
52,4,3.823
54,4,2.833
56,4,4.193
58,4,5.225
60,4,6.011
62,4,6.528
64,4,6.795
66,4,6.963
68,4,7.126
70,4,6.954
72,4,5.871
74,4,4.570
76,4,3.328
78,4,1.984
80,4,1.156
82,4,1.125
84,4,1.287
86,4,2.313
88,4,3.500
90,4,4.935
92,4,5.770
94,4,6.056
96,4,6.022
98,4,5.843
100,4,5.076
102,4,4.670
104,4,4.736
106,4,4.354
108,4,3.820
110,4,3.431
112,4,3.418
114,4,3.418
116,4,3.857
118,4,4.015
120,4,4.914
122,4,5.347
124,4,5.635
126,4,5.998
128,4,5.930
130,4,6.008
132,4,6.189
134,4,6.124
136,4,6.159
138,4,6.142
140,4,6.101
142,4,5.673
144,4,5.668
146,4,5.597
148,4,5.438
150,4,5.138
150,6,5.034
148,6,5.336
146,6,5.407
144,6,6.090
142,6,6.022
140,6,6.257
138,6,6.222
136,6,6.187
134,6,6.044
132,6,5.838
130,6,5.668
128,6,5.541
126,6,4.958
124,6,4.746
122,6,4.368
120,6,3.988
118,6,3.759
116,6,3.749
114,6,3.869
112,6,3.744
110,6,4.121
108,6,4.633
106,6,4.829
104,6,5.281
102,6,5.416
100,6,5.632
98,6,5.511
96,6,5.339
94,6,4.966
92,6,4.471
90,6,3.514
88,6,3.567
86,6,3.447
84,6,3.411
82,6,3.311
80,6,3.053
78,6,4.036
76,6,4.320
74,6,3.893
72,6,4.623
70,6,4.779
68,6,5.105
66,6,5.522
64,6,6.195
62,6,6.580
60,6,6.739
58,6,6.728
56,6,6.822
54,6,6.904
52,6,6.914
50,6,6.964
48,6,6.653
46,6,6.347
44,6,5.977
42,6,5.598
40,6,5.312
38,6,5.104
36,6,5.826
34,6,6.413
32,6,6.894
30,6,7.655
28,6,7.867
26,6,7.731
24,6,7.838
22,6,7.672
20,6,7.694
18,6,7.483
16,6,7.347
14,6,7.377
12,6,7.655
10,6,8.042
8,6,8.272
6,6,8.288
4,6,8.296
2,6,8.030
0,6,7.224
0,8,7.754
2,8,8.076
4,8,8.242
6,8,8.271
8,8,8.340
10,8,8.267
12,8,7.984
14,8,7.540
16,8,7.371
18,8,7.309
20,8,7.585
22,8,7.907
24,8,8.138
26,8,8.195
28,8,8.119
30,8,7.902
32,8,7.343
34,8,6.764
36,8,6.834
38,8,7.058
40,8,7.488
42,8,7.724
44,8,7.892
46,8,7.767
48,8,7.465
50,8,6.559
52,8,5.145
54,8,3.164
56,8,2.923
58,8,4.126
60,8,5.648
62,8,7.047
64,8,7.600
66,8,7.840
68,8,7.878
70,8,7.710
72,8,7.497
74,8,6.861
76,8,5.596
78,8,4.426
80,8,2.870
82,8,2.114
84,8,1.812
86,8,2.320
88,8,3.720
90,8,4.784
92,8,5.562
94,8,5.932
96,8,6.142
98,8,5.965
100,8,5.590
102,8,4.968
104,8,4.511
106,8,3.582
108,8,3.241
110,8,3.310
112,8,2.999
114,8,2.941
116,8,3.297
118,8,4.135
120,8,4.774
122,8,4.879
124,8,5.679
126,8,5.782
128,8,5.847
130,8,6.068
132,8,6.145
134,8,6.083
136,8,6.082
138,8,6.116
140,8,6.092
142,8,5.876
144,8,5.437
146,8,5.130
148,8,5.508
150,8,5.597
150,10,5.819
148,10,5.689
146,10,5.842
144,10,6.290
142,10,6.405
140,10,6.503
138,10,6.394
136,10,6.390
134,10,6.349
132,10,6.202
130,10,6.074
128,10,5.495
126,10,5.076
124,10,4.332
122,10,4.093
120,10,3.887
118,10,3.818
116,10,3.498
114,10,3.452
112,10,4.338
110,10,3.967
108,10,3.470
106,10,4.383
104,10,5.072
102,10,5.256
100,10,5.397
98,10,5.336
96,10,5.162
94,10,4.849
92,10,3.828
90,10,3.095
88,10,3.705
86,10,3.220
84,10,3.177
82,10,3.380
80,10,4.646
78,10,4.249
76,10,4.867
74,10,5.069
72,10,5.634
70,10,6.129
68,10,6.600
66,10,6.748
64,10,6.970
62,10,6.869
60,10,6.797
58,10,6.840
56,10,7.009
54,10,7.252
52,10,7.515
50,10,7.209
48,10,7.006
46,10,6.526
44,10,6.153
42,10,5.957
40,10,5.706
38,10,5.480
36,10,5.700
34,10,6.542
32,10,7.321
30,10,7.805
28,10,8.042
26,10,7.973
24,10,7.899
22,10,7.798
20,10,7.538
18,10,7.455
16,10,7.499
14,10,7.358
12,10,7.882
10,10,8.135
8,10,8.350
6,10,8.436
4,10,8.388
2,10,8.065
0,10,7.815
0,12,8.043
2,12,8.303
4,12,8.389
6,12,8.444
8,12,8.450
10,12,8.298
12,12,8.182
14,12,8.004
16,12,7.610
18,12,7.678
20,12,7.849
22,12,8.008
24,12,8.169
26,12,8.259
28,12,8.107
30,12,7.850
32,12,7.335
34,12,6.903
36,12,7.009
38,12,7.044
40,12,7.824
42,12,7.925
44,12,7.883
46,12,7.756
48,12,7.449
50,12,6.781
52,12,5.259
54,12,3.404
56,12,3.100
58,12,4.322
60,12,6.038
62,12,7.082
64,12,7.713
66,12,7.995
68,12,8.047
70,12,7.876
72,12,7.605
74,12,7.113
76,12,6.449
78,12,6.211
80,12,5.151
82,12,4.171
84,12,3.699
86,12,3.757
88,12,4.567
90,12,5.064
92,12,5.550
94,12,5.846
96,12,6.035
98,12,5.942
100,12,5.445
102,12,5.121
104,12,4.791
106,12,4.200
108,12,3.446
110,12,3.019
112,12,2.557
114,12,2.509
116,12,2.770
118,12,3.273
120,12,3.941
122,12,4.073
124,12,5.567
126,12,5.899
128,12,5.917
130,12,6.197
132,12,6.303
134,12,6.330
136,12,6.387
138,12,6.486
140,12,6.311
142,12,6.286
144,12,6.484
146,12,6.626
148,12,6.202
150,12,5.629
150,14,6.066
148,14,6.279
146,14,6.698
144,14,6.971
142,14,6.915
140,14,6.873
138,14,6.781
136,14,6.654
134,14,6.459
132,14,6.044
130,14,5.818
128,14,5.284
126,14,4.936
124,14,4.898
122,14,3.950
120,14,3.757
118,14,3.521
116,14,3.654
114,14,3.797
112,14,3.847
110,14,4.073
108,14,4.233
106,14,4.258
104,14,4.932
102,14,5.135
100,14,5.044
98,14,4.738
96,14,4.592
94,14,3.960
92,14,3.007
90,14,2.596
88,14,3.048
86,14,3.236
84,14,3.519
82,14,4.297
80,14,4.686
78,14,5.369
76,14,5.444
74,14,5.790
72,14,6.358
70,14,6.760
68,14,6.866
66,14,7.065
64,14,7.032
62,14,6.807
60,14,6.669
58,14,6.704
56,14,6.967
54,14,7.246
52,14,7.275
50,14,7.189
48,14,7.114
46,14,6.808
44,14,6.137
42,14,5.512
40,14,5.030
38,14,5.199
36,14,5.815
34,14,6.876
32,14,7.552
30,14,7.690
28,14,7.919
26,14,7.827
24,14,7.729
22,14,7.608
20,14,7.610
18,14,7.656
16,14,7.717
14,14,7.874
12,14,8.204
10,14,8.358
8,14,8.466
6,14,8.500
4,14,8.450
2,14,8.341
0,14,8.183
0,16,8.175
2,16,8.386
4,16,8.457
6,16,8.470
8,16,8.484
10,16,8.434
12,16,8.365
14,16,8.088
16,16,7.947
18,16,7.948
20,16,7.950
22,16,8.078
24,16,8.331
26,16,8.343
28,16,8.253
30,16,8.006
32,16,7.519
34,16,7.018
36,16,6.740
38,16,7.067
40,16,7.456
42,16,7.726
44,16,7.767
46,16,7.666
48,16,7.481
50,16,6.810
52,16,5.300
54,16,3.687
56,16,3.006
58,16,4.289
60,16,5.765
62,16,7.165
64,16,7.853
66,16,8.036
68,16,8.033
70,16,7.838
72,16,7.315
74,16,7.193
76,16,6.625
78,16,5.855
80,16,5.457
82,16,4.977
84,16,4.463
86,16,4.744
88,16,4.220
90,16,4.896
92,16,5.713
94,16,5.898
96,16,5.955
98,16,5.944
100,16,5.459
102,16,5.023
104,16,4.570
106,16,4.070
108,16,3.276
110,16,2.587
112,16,2.331
114,16,1.972
116,16,1.926
118,16,2.411
120,16,3.409
122,16,4.616
124,16,5.218
126,16,5.494
128,16,5.830
130,16,5.941
132,16,6.160
134,16,6.149
136,16,6.211
138,16,6.263
140,16,6.323
142,16,6.515
144,16,6.668
146,16,6.657
148,16,6.304
150,16,6.391
150,18,6.623
148,18,6.981
146,18,6.913
144,18,6.964
142,18,6.784
140,18,6.710
138,18,6.523
136,18,6.253
134,18,6.158
132,18,5.860
130,18,5.506
128,18,4.704
126,18,4.944
124,18,4.571
122,18,4.376
120,18,3.905
118,18,3.633
116,18,3.688
114,18,3.678
112,18,3.444
110,18,3.581
108,18,4.024
106,18,4.301
104,18,4.594
102,18,4.979
100,18,4.925
98,18,4.657
96,18,4.025
94,18,3.241
92,18,2.902
90,18,2.807
88,18,3.099
86,18,3.770
84,18,4.677
82,18,4.686
80,18,5.113
78,18,5.767
76,18,6.461
74,18,6.840
72,18,7.043
70,18,7.200
68,18,7.222
66,18,7.096
64,18,6.859
62,18,6.842
60,18,6.628
58,18,6.598
56,18,6.876
54,18,7.083
52,18,7.453
50,18,7.679
48,18,7.393
46,18,6.792
44,18,6.239
42,18,5.832
40,18,6.067
38,18,5.756
36,18,5.815
34,18,6.394
32,18,6.703
30,18,7.085
28,18,7.453
26,18,7.585
24,18,7.584
22,18,7.653
20,18,7.765
18,18,7.592
16,18,7.772
14,18,7.973
12,18,8.281
10,18,8.427
8,18,8.485
6,18,8.500
4,18,8.440
2,18,8.306
0,18,8.142
0,20,8.260
2,20,8.393
4,20,8.451
6,20,8.482
8,20,8.446
10,20,8.283
12,20,8.141
14,20,8.072
16,20,8.026
18,20,8.058
20,20,8.362
22,20,8.381
24,20,8.396
26,20,8.355
28,20,8.206
30,20,7.846
32,20,7.213
34,20,6.575
36,20,6.436
38,20,6.659
40,20,6.903
42,20,7.345
44,20,7.618
46,20,7.582
48,20,7.347
50,20,6.761
52,20,5.144
54,20,3.222
56,20,2.949
58,20,4.359
60,20,6.524
62,20,7.617
64,20,8.020
66,20,8.059
68,20,7.953
70,20,7.669
72,20,7.204
74,20,6.954
76,20,5.963
78,20,5.635
80,20,5.585
82,20,5.654
84,20,5.416
86,20,5.547
88,20,6.162
90,20,6.045
92,20,6.571
94,20,6.274
96,20,6.327
98,20,5.959
100,20,4.839
102,20,3.955
104,20,3.713
106,20,3.293
108,20,2.935
110,20,2.706
112,20,2.201
114,20,1.810
116,20,1.744
118,20,2.823
120,20,3.694
122,20,4.077
124,20,4.718
126,20,5.547
128,20,6.131
130,20,6.148
132,20,6.053
134,20,5.916
136,20,5.822
138,20,5.662
140,20,5.795
142,20,5.863
144,20,5.997
146,20,6.238
148,20,6.405
150,20,6.787
150,22,6.570
148,22,6.931
146,22,6.855
144,22,6.220
142,22,6.065
140,22,6.275
138,22,6.189
136,22,6.016
134,22,5.923
132,22,5.534
130,22,5.287
128,22,5.186
126,22,5.158
124,22,4.716
122,22,4.314
120,22,3.925
118,22,3.758
116,22,3.414
114,22,3.040
112,22,3.292
110,22,3.209
108,22,3.502
106,22,3.741
104,22,4.434
102,22,4.816
100,22,4.911
98,22,4.725
96,22,4.278
94,22,3.507
92,22,3.286
90,22,3.508
88,22,3.279
86,22,3.933
84,22,4.694
82,22,5.392
80,22,6.594
78,22,7.097
76,22,7.396
74,22,7.504
72,22,7.567
70,22,7.588
68,22,7.605
66,22,7.502
64,22,7.490
62,22,7.052
60,22,6.787
58,22,6.698
56,22,6.744
54,22,6.729
52,22,6.968
50,22,7.268
48,22,7.267
46,22,6.525
44,22,6.175
42,22,5.860
40,22,6.107
38,22,5.677
36,22,6.086
34,22,6.520
32,22,6.645
30,22,7.169
28,22,7.381
26,22,7.536
24,22,7.666
22,22,7.814
20,22,7.918
18,22,7.804
16,22,7.753
14,22,7.914
12,22,8.084
10,22,8.349
8,22,8.477
6,22,8.482
4,22,8.475
2,22,8.417
0,22,8.192
0,24,8.174
2,24,8.348
4,24,8.462
6,24,8.451
8,24,8.452
10,24,8.343
12,24,8.175
14,24,8.037
16,24,8.122
18,24,8.236
20,24,8.348
22,24,8.417
24,24,8.407
26,24,8.260
28,24,8.045
30,24,7.741
32,24,6.997
34,24,6.609
36,24,6.400
38,24,6.747
40,24,7.143
42,24,7.555
44,24,7.665
46,24,7.666
48,24,7.508
50,24,6.570
52,24,4.900
54,24,3.394
56,24,2.964
58,24,4.320
60,24,6.452
62,24,7.700
64,24,7.977
66,24,7.939
68,24,7.924
70,24,7.631
72,24,7.346
74,24,6.818
76,24,6.199
78,24,6.314
80,24,6.181
82,24,6.427
84,24,6.864
86,24,6.502
88,24,6.982
90,24,7.370
92,24,7.141
94,24,6.978
96,24,6.540
98,24,5.791
100,24,5.033
102,24,3.942
104,24,2.545
106,24,2.177
108,24,2.356
110,24,2.165
112,24,1.824
114,24,1.819
116,24,1.746
118,24,2.661
120,24,4.089
122,24,4.830
124,24,5.638
126,24,6.138
128,24,6.304
130,24,6.197
132,24,6.037
134,24,5.851
136,24,5.820
138,24,5.584
140,24,5.274
142,24,5.454
144,24,5.815
146,24,6.111
148,24,6.276
150,24,6.470
150,26,6.614
148,26,6.451
146,26,6.693
144,26,6.558
142,26,6.681
140,26,6.755
138,26,6.615
136,26,6.643
134,26,6.527
132,26,6.443
130,26,6.131
128,26,6.118
126,26,5.967
124,26,5.853
122,26,5.100
120,26,4.663
118,26,4.520
116,26,4.127
114,26,3.325
112,26,3.020
110,26,2.648
108,26,3.007
106,26,3.513
104,26,4.255
102,26,4.764
100,26,4.888
98,26,4.802
96,26,4.589
94,26,3.877
92,26,3.656
90,26,3.549
88,26,4.321
86,26,4.922
84,26,5.217
82,26,5.870
80,26,6.689
78,26,6.842
76,26,7.386
74,26,7.683
72,26,7.897
70,26,7.952
68,26,7.982
66,26,8.031
64,26,7.982
62,26,7.738
60,26,7.669
58,26,7.200
56,26,6.881
54,26,6.665
52,26,6.959
50,26,6.728
48,26,6.227
46,26,6.086
44,26,6.141
42,26,6.245
40,26,6.650
38,26,6.978
36,26,7.490
34,26,7.353
32,26,7.299
30,26,7.340
28,26,7.639
26,26,7.772
24,26,8.049
22,26,8.078
20,26,8.003
18,26,8.108
16,26,7.906
14,26,7.942
12,26,8.153
10,26,8.259
8,26,8.397
6,26,8.489
4,26,8.478
2,26,8.429
0,26,8.287
0,28,8.319
2,28,8.403
4,28,8.476
6,28,8.456
8,28,8.382
10,28,8.099
12,28,8.034
14,28,8.074
16,28,8.224
18,28,8.393
20,28,8.463
22,28,8.459
24,28,8.420
26,28,8.303
28,28,8.069
30,28,7.761
32,28,7.450
34,28,7.317
36,28,7.476
38,28,7.639
40,28,7.892
42,28,8.003
44,28,8.046
46,28,7.985
48,28,7.587
50,28,6.660
52,28,5.315
54,28,4.352
56,28,3.971
58,28,5.546
60,28,6.823
62,28,7.496
64,28,7.841
66,28,7.859
68,28,7.723
70,28,7.555
72,28,7.215
74,28,7.112
76,28,6.989
78,28,7.071
80,28,6.953
82,28,7.296
84,28,7.640
86,28,7.737
88,28,7.873
90,28,7.809
92,28,7.670
94,28,7.232
96,28,6.489
98,28,5.500
100,28,4.167
102,28,2.550
104,28,2.416
106,28,2.436
108,28,2.455
110,28,2.949
112,28,3.279
114,28,3.131
116,28,3.415
118,28,3.909
120,28,5.041
122,28,5.783
124,28,6.306
126,28,6.622
128,28,6.719
130,28,6.606
132,28,6.596
134,28,6.347
136,28,5.880
138,28,5.893
140,28,5.963
142,28,5.891
144,28,6.033
146,28,6.362
148,28,6.474
150,28,6.997
150,30,6.944
148,30,6.506
146,30,6.457
144,30,6.628
142,30,6.292
140,30,6.658
138,30,7.131
136,30,7.259
134,30,7.337
132,30,7.288
130,30,7.414
128,30,7.415
126,30,7.339
124,30,7.206
122,30,7.181
120,30,6.593
118,30,6.331
116,30,5.749
114,30,4.950
112,30,3.878
110,30,2.986
108,30,2.819
106,30,3.560
104,30,3.911
102,30,4.458
100,30,4.670
98,30,4.869
96,30,4.706
94,30,4.420
92,30,4.505
90,30,4.889
88,30,5.307
86,30,5.966
84,30,6.335
82,30,6.836
80,30,7.072
78,30,7.338
76,30,7.619
74,30,7.870
72,30,7.861
70,30,8.049
68,30,8.123
66,30,8.180
64,30,8.189
62,30,8.072
60,30,7.901
58,30,7.619
56,30,7.174
54,30,6.845
52,30,6.562
50,30,6.107
48,30,5.976
46,30,6.453
44,30,6.058
42,30,6.445
40,30,7.042
38,30,7.269
36,30,7.637
34,30,7.623
32,30,7.712
30,30,7.785
28,30,8.025
26,30,8.116
24,30,8.288
22,30,8.352
20,30,8.308
18,30,8.257
16,30,8.162
14,30,8.124
12,30,8.054
10,30,8.128
8,30,8.415
6,30,8.491
4,30,8.495
2,30,8.479
0,30,8.407
0,32,8.453
2,32,8.483
4,32,8.488
6,32,8.409
8,32,8.141
10,32,8.030
12,32,8.086
14,32,8.190
16,32,8.340
18,32,8.434
20,32,8.448
22,32,8.464
24,32,8.307
26,32,8.124
28,32,8.001
30,32,7.824
32,32,7.766
34,32,8.056
36,32,8.160
38,32,8.268
40,32,8.324
42,32,8.348
44,32,8.275
46,32,8.002
48,32,7.704
50,32,6.862
52,32,5.502
54,32,5.237
56,32,5.354
58,32,6.107
60,32,7.089
62,32,7.555
64,32,7.699
66,32,7.801
68,32,7.797
70,32,7.350
72,32,7.130
74,32,7.243
76,32,7.262
78,32,7.319
80,32,7.484
82,32,7.996
84,32,8.054
86,32,8.201
88,32,8.225
90,32,8.165
92,32,7.921
94,32,7.460
96,32,6.484
98,32,5.181
100,32,3.763
102,32,3.034
104,32,2.313
106,32,2.514
108,32,3.421
110,32,3.992
112,32,4.009
114,32,4.396
116,32,4.774
118,32,5.287
120,32,5.883
122,32,6.444
124,32,6.854
126,32,7.152
128,32,7.338
130,32,7.254
132,32,7.253
134,32,7.165
136,32,6.941
138,32,6.806
140,32,6.740
142,32,6.622
144,32,6.479
146,32,6.599
148,32,6.509
150,32,6.933
150,34,6.911
148,34,6.755
146,34,6.421
144,34,6.464
142,34,6.515
140,34,6.716
138,34,7.141
136,34,7.623
134,34,7.809
132,34,7.960
130,34,8.095
128,34,8.127
126,34,8.066
124,34,8.050
122,34,7.943
120,34,7.740
118,34,7.209
116,34,6.707
114,34,5.952
112,34,4.883
110,34,4.242
108,34,3.567
106,34,3.448
104,34,3.872
102,34,4.302
100,34,4.716
98,34,4.938
96,34,4.444
94,34,4.701
92,34,4.932
90,34,5.401
88,34,6.161
86,34,6.596
84,34,7.120
82,34,7.392
80,34,7.555
78,34,7.662
76,34,7.641
74,34,7.636
72,34,7.894
70,34,8.026
68,34,7.949
66,34,8.167
64,34,8.236
62,34,8.139
60,34,8.007
58,34,7.869
56,34,7.681
54,34,7.223
52,34,6.837
50,34,6.363
48,34,6.224
46,34,6.158
44,34,6.243
42,34,6.615
40,34,7.220
38,34,7.685
36,34,7.990
34,34,7.900
32,34,8.038
30,34,7.894
28,34,7.883
26,34,8.231
24,34,8.228
22,34,8.339
20,34,8.384
18,34,8.349
16,34,8.332
14,34,8.215
12,34,8.111
10,34,8.136
8,34,8.216
6,34,8.309
4,34,8.443
2,34,8.506
0,34,8.467
0,36,8.509
2,36,8.506
4,36,8.478
6,36,8.191
8,36,8.089
10,36,8.040
12,36,8.139
14,36,8.398
16,36,8.353
18,36,8.501
20,36,8.499
22,36,8.468
24,36,8.248
26,36,8.141
28,36,7.813
30,36,7.788
32,36,7.903
34,36,8.215
36,36,8.351
38,36,8.400
40,36,8.399
42,36,8.372
44,36,8.323
46,36,7.831
48,36,7.343
50,36,6.736
52,36,5.968
54,36,5.667
56,36,6.361
58,36,6.961
60,36,7.381
62,36,7.710
64,36,7.522
66,36,7.981
68,36,7.522
70,36,7.215
72,36,7.094
74,36,7.333
76,36,7.492
78,36,7.866
80,36,7.999
82,36,8.178
84,36,8.236
86,36,8.298
88,36,8.289
90,36,8.243
92,36,8.102
94,36,7.747
96,36,6.740
98,36,5.604
100,36,3.837
102,36,2.995
104,36,2.677
106,36,3.251
108,36,4.482
110,36,5.400
112,36,5.536
114,36,5.755
116,36,5.835
118,36,5.905
120,36,6.113
122,36,6.675
124,36,7.147
126,36,7.404
128,36,7.460
130,36,7.567
132,36,7.642
134,36,7.709
136,36,7.594
138,36,7.403
140,36,7.356
142,36,7.451
144,36,7.091
146,36,7.231
148,36,7.145
150,36,7.100
150,38,7.353
148,38,7.016
146,38,6.975
144,38,7.072
142,38,7.119
140,38,7.159
138,38,7.347
136,38,7.610
134,38,7.726
132,38,8.154
130,38,8.258
128,38,8.306
126,38,8.334
124,38,8.247
122,38,8.150
120,38,7.964
118,38,7.584
116,38,7.209
114,38,6.616
112,38,5.978
110,38,4.371
108,38,4.285
106,38,4.062
104,38,3.944
102,38,4.080
100,38,4.374
98,38,4.686
96,38,4.494
94,38,4.568
92,38,5.213
90,38,5.935
88,38,6.699
86,38,7.406
84,38,7.790
82,38,8.007
80,38,8.045
78,38,7.959
76,38,7.824
74,38,7.710
72,38,7.816
70,38,7.895
68,38,7.928
66,38,8.070
64,38,8.152
62,38,8.106
60,38,7.972
58,38,7.662
56,38,7.787
54,38,7.725
52,38,7.123
50,38,6.369
48,38,5.892
46,38,5.666
44,38,5.919
42,38,6.588
40,38,7.331
38,38,7.943
36,38,8.227
34,38,8.242
32,38,8.179
30,38,7.941
28,38,7.868
26,38,7.984
24,38,8.166
22,38,8.263
20,38,8.386
18,38,8.405
16,38,8.431
14,38,8.375
12,38,8.178
10,38,8.077
8,38,8.142
6,38,8.371
4,38,8.455
2,38,8.497
0,38,8.504
0,40,8.505
2,40,8.464
4,40,8.364
6,40,8.146
8,40,8.044
10,40,8.142
12,40,8.306
14,40,8.427
16,40,8.508
18,40,8.504
20,40,8.474
22,40,8.374
24,40,8.190
26,40,7.898
28,40,7.857
30,40,7.955
32,40,8.104
34,40,8.339
36,40,8.419
38,40,8.420
40,40,8.398
42,40,8.277
44,40,8.195
46,40,7.891
48,40,7.585
50,40,7.281
52,40,6.798
54,40,6.723
56,40,6.913
58,40,7.086
60,40,7.246
62,40,7.703
64,40,7.280
66,40,7.009
68,40,7.164
70,40,6.805
72,40,6.870
74,40,7.147
76,40,7.714
78,40,8.053
80,40,8.127
82,40,8.252
84,40,8.304
86,40,8.335
88,40,8.339
90,40,8.293
92,40,8.002
94,40,7.593
96,40,6.910
98,40,5.857
100,40,4.796
102,40,4.006
104,40,3.561
106,40,4.250
108,40,5.323
110,40,5.787
112,40,5.964
114,40,5.946
116,40,5.859
118,40,5.903
120,40,6.067
122,40,6.182
124,40,6.489
126,40,7.199
128,40,7.483
130,40,7.599
132,40,7.652
134,40,7.711
136,40,7.756
138,40,7.778
140,40,7.776
142,40,7.904
144,40,7.935
146,40,7.801
148,40,7.802
150,40,7.805
150,42,7.962
148,42,7.916
146,42,7.902
144,42,7.932
142,42,7.832
140,42,7.670
138,42,7.709
136,42,7.744
134,42,7.734
132,42,8.031
130,42,7.965
128,42,8.040
126,42,7.984
124,42,8.119
122,42,8.164
120,42,7.996
118,42,7.651
116,42,7.296
114,42,6.739
112,42,6.269
110,42,5.653
108,42,5.415
106,42,3.762
104,42,4.467
102,42,5.059
100,42,4.049
98,42,3.587
96,42,4.054
94,42,3.983
92,42,5.266
90,42,6.015
88,42,6.757
86,42,7.533
84,42,8.041
82,42,8.268
80,42,8.234
78,42,8.192
76,42,8.020
74,42,7.785
72,42,7.676
70,42,7.671
68,42,7.729
66,42,7.841
64,42,7.919
62,42,7.977
60,42,7.820
58,42,7.830
56,42,7.928
54,42,7.814
52,42,7.931
50,42,7.404
48,42,6.643
46,42,5.944
44,42,5.707
42,42,6.104
40,42,7.499
38,42,8.138
36,42,8.353
34,42,8.404
32,42,8.311
30,42,8.139
28,42,8.155
26,42,7.940
24,42,8.099
22,42,8.151
20,42,8.347
18,42,8.419
16,42,8.466
14,42,8.452
12,42,8.345
10,42,8.242
8,42,8.197
6,42,8.116
4,42,8.281
2,42,8.383
0,42,8.478
0,44,8.420
2,44,8.291
4,44,8.167
6,44,8.038
8,44,8.139
10,44,8.293
12,44,8.419
14,44,8.491
16,44,8.506
18,44,8.459
20,44,8.433
22,44,8.223
24,44,8.006
26,44,7.967
28,44,7.945
30,44,8.113
32,44,8.284
34,44,8.409
36,44,8.438
38,44,8.428
40,44,8.273
42,44,7.994
44,44,7.931
46,44,7.966
48,44,7.943
50,44,7.850
52,44,7.496
54,44,7.466
56,44,7.294
58,44,7.273
60,44,7.151
62,44,7.100
64,44,7.289
66,44,7.259
68,44,6.761
70,44,6.550
72,44,7.010
74,44,7.603
76,44,7.887
78,44,8.202
80,44,8.270
82,44,8.300
84,44,8.300
86,44,8.254
88,44,8.137
90,44,8.128
92,44,7.930
94,44,7.706
96,44,7.006
98,44,5.946
100,44,5.284
102,44,4.761
104,44,4.561
106,44,4.963
108,44,5.527
110,44,5.765
112,44,5.819
114,44,5.809
116,44,5.640
118,44,5.537
120,44,5.198
122,44,5.679
124,44,6.187
126,44,6.787
128,44,7.262
130,44,7.520
132,44,7.829
134,44,7.917
136,44,7.990
138,44,8.111
140,44,8.027
142,44,8.254
144,44,8.265
146,44,8.254
148,44,8.280
150,44,8.278
150,46,8.321
148,46,8.302
146,46,8.262
144,46,8.261
142,46,8.189
140,46,8.067
138,46,7.982
136,46,7.851
134,46,7.822
132,46,7.798
130,46,7.864
128,46,7.984
126,46,8.044
124,46,7.961
122,46,7.855
120,46,7.692
118,46,7.412
116,46,7.182
114,46,6.758
112,46,6.261
110,46,5.940
108,46,5.567
106,46,5.387
104,46,5.190
102,46,4.652
100,46,4.005
98,46,3.342
96,46,3.240
94,46,3.670
92,46,4.457
90,46,5.390
88,46,6.533
86,46,7.430
84,46,8.028
82,46,8.290
80,46,8.372
78,46,8.315
76,46,8.220
74,46,8.016
72,46,7.784
70,46,7.719
68,46,7.650
66,46,7.744
64,46,7.889
62,46,7.942
60,46,7.972
58,46,8.006
56,46,8.102
54,46,8.141
52,46,8.056
50,46,7.856
48,46,7.342
46,46,6.506
44,46,5.908
42,46,6.492
40,46,7.526
38,46,8.088
36,46,8.359
34,46,8.450
32,46,8.420
30,46,8.373
28,46,8.126
26,46,8.004
24,46,7.934
22,46,8.083
20,46,8.258
18,46,8.387
16,46,8.478
14,46,8.482
12,46,8.392
10,46,8.339
8,46,8.143
6,46,8.051
4,46,8.147
2,46,8.331
0,46,8.315
0,48,8.280
2,48,8.282
4,48,8.118
6,48,8.039
8,48,8.196
10,48,8.407
12,48,8.466
14,48,8.492
16,48,8.472
18,48,8.429
20,48,8.279
22,48,8.189
24,48,7.994
26,48,8.095
28,48,8.248
30,48,8.343
32,48,8.402
34,48,8.442
36,48,8.451
38,48,8.415
40,48,8.320
42,48,7.955
44,48,7.949
46,48,7.899
48,48,8.018
50,48,8.222
52,48,8.060
54,48,7.779
56,48,7.620
58,48,7.441
60,48,7.629
62,48,7.528
64,48,7.240
66,48,7.076
68,48,7.158
70,48,7.148
72,48,7.438
74,48,7.914
76,48,8.171
78,48,8.279
80,48,8.282
82,48,8.243
84,48,8.121
86,48,8.064
88,48,7.982
90,48,7.880
92,48,7.806
94,48,7.680
96,48,7.170
98,48,6.289
100,48,5.341
102,48,4.803
104,48,4.711
106,48,4.794
108,48,5.373
110,48,5.615
112,48,5.112
114,48,4.695
116,48,4.547
118,48,4.583
120,48,5.384
122,48,5.067
124,48,5.844
126,48,6.633
128,48,7.205
130,48,7.917
132,48,8.171
134,48,8.168
136,48,8.325
138,48,8.331
140,48,8.289
142,48,8.301
144,48,8.381
146,48,8.361
148,48,8.363
150,48,8.345
150,50,8.369
148,50,8.376
146,50,8.379
144,50,8.373
142,50,8.345
140,50,8.326
138,50,8.316
136,50,8.111
134,50,8.026
132,50,7.845
130,50,7.878
128,50,7.745
126,50,7.705
124,50,7.807
122,50,7.744
120,50,7.437
118,50,7.121
116,50,6.678
114,50,6.592
112,50,6.230
110,50,5.919
108,50,5.754
106,50,5.510
104,50,5.102
102,50,4.971
100,50,4.297
98,50,3.675
96,50,2.748
94,50,2.830
92,50,3.211
90,50,4.412
88,50,6.042
86,50,7.305
84,50,7.879
82,50,8.290
80,50,8.386
78,50,8.398
76,50,8.361
74,50,8.279
72,50,8.126
70,50,7.964
68,50,7.730
66,50,7.682
64,50,7.759
62,50,7.882
60,50,7.924
58,50,8.066
56,50,8.173
54,50,8.304
52,50,8.295
50,50,8.144
48,50,7.800
46,50,7.239
44,50,6.385
42,50,6.528
40,50,7.124
38,50,7.805
36,50,8.245
34,50,8.375
32,50,8.455
30,50,8.380
28,50,8.281
26,50,8.236
24,50,7.971
22,50,7.936
20,50,7.930
18,50,8.181
16,50,8.432
14,50,8.494
12,50,8.456
10,50,8.433
8,50,8.293
6,50,8.158
4,50,8.024
2,50,7.977
0,50,8.158
0,52,7.891
2,52,7.832
4,52,7.920
6,52,8.153
8,52,8.411
10,52,8.476
12,52,8.470
14,52,8.413
16,52,8.347
18,52,8.034
20,52,7.979
22,52,8.065
24,52,8.004
26,52,8.222
28,52,8.372
30,52,8.450
32,52,8.322
34,52,8.350
36,52,8.290
38,52,8.184
40,52,7.976
42,52,7.890
44,52,8.017
46,52,8.221
48,52,8.283
50,52,8.309
52,52,8.130
54,52,7.884
56,52,7.594
58,52,7.325
60,52,6.959
62,52,7.271
64,52,7.342
66,52,7.238
68,52,7.741
70,52,7.814
72,52,7.980
74,52,8.118
76,52,8.279
78,52,8.297
80,52,8.318
82,52,8.258
84,52,8.199
86,52,8.084
88,52,7.857
90,52,7.889
92,52,7.846
94,52,7.834
96,52,7.340
98,52,6.506
100,52,5.767
102,52,5.079
104,52,4.799
106,52,4.845
108,52,5.077
110,52,5.179
112,52,5.097
114,52,4.811
116,52,4.247
118,52,4.111
120,52,4.155
122,52,4.911
124,52,5.957
126,52,7.059
128,52,7.350
130,52,7.925
132,52,8.203
134,52,8.341
136,52,8.370
138,52,8.373
140,52,8.401
142,52,8.408
144,52,8.402
146,52,8.399
148,52,8.381
150,52,8.371
150,54,8.356
148,54,8.389
146,54,8.394
144,54,8.397
142,54,8.394
140,54,8.315
138,54,8.366
136,54,8.283
134,54,8.066
132,54,8.083
130,54,7.894
128,54,7.775
126,54,7.659
124,54,7.469
122,54,7.319
120,54,7.037
118,54,6.780
116,54,6.453
114,54,6.137
112,54,5.850
110,54,5.653
108,54,5.668
106,54,5.744
104,54,5.793
102,54,5.622
100,54,4.978
98,54,3.827
96,54,3.128
94,54,2.392
92,54,2.768
90,54,3.648
88,54,5.263
86,54,6.608
84,54,7.746
82,54,8.188
80,54,8.374
78,54,8.420
76,54,8.404
74,54,8.353
72,54,8.241
70,54,7.986
68,54,7.878
66,54,7.942
64,54,7.771
62,54,7.936
60,54,8.001
58,54,8.062
56,54,8.202
54,54,8.304
52,54,8.312
50,54,8.162
48,54,7.875
46,54,7.269
44,54,6.619
42,54,6.324
40,54,6.992
38,54,7.532
36,54,8.002
34,54,8.197
32,54,8.394
30,54,8.442
28,54,8.340
26,54,8.326
24,54,8.217
22,54,7.999
20,54,8.048
18,54,8.160
16,54,8.398
14,54,8.458
12,54,8.438
10,54,8.413
8,54,8.335
6,54,8.178
4,54,8.117
2,54,7.947
0,54,8.035
0,56,7.658
2,56,7.778
4,56,8.017
6,56,8.240
8,56,8.445
10,56,8.460
12,56,8.450
14,56,8.385
16,56,8.170
18,56,7.969
20,56,7.919
22,56,8.095
24,56,8.075
26,56,8.292
28,56,8.482
30,56,8.461
32,56,8.353
34,56,8.264
36,56,8.314
38,56,8.042
40,56,7.910
42,56,7.941
44,56,8.207
46,56,8.337
48,56,8.399
50,56,8.327
52,56,8.124
54,56,7.823
56,56,7.291
58,56,6.796
60,56,6.698
62,56,6.954
64,56,7.398
66,56,7.562
68,56,8.015
70,56,8.094
72,56,8.217
74,56,8.316
76,56,8.317
78,56,8.192
80,56,8.118
82,56,7.903
84,56,7.838
86,56,7.786
88,56,7.808
90,56,7.947
92,56,8.174
94,56,8.011
96,56,7.255
98,56,6.609
100,56,5.727
102,56,5.009
104,56,4.508
106,56,4.607
108,56,4.116
110,56,4.295
112,56,4.770
114,56,3.992
116,56,3.505
118,56,3.580
120,56,3.977
122,56,5.204
124,56,6.232
126,56,6.898
128,56,7.523
130,56,8.046
132,56,8.266
134,56,8.342
136,56,8.385
138,56,8.403
140,56,8.394
142,56,8.367
144,56,8.343
146,56,8.358
148,56,8.265
150,56,8.127
150,58,8.188
148,58,8.211
146,58,8.305
144,58,8.362
142,58,8.371
140,58,8.400
138,58,8.404
136,58,8.398
134,58,8.371
132,58,8.285
130,58,8.167
128,58,7.936
126,58,7.580
124,58,7.344
122,58,6.979
120,58,6.427
118,58,5.915
116,58,5.603
114,58,5.117
112,58,4.923
110,58,5.059
108,58,5.399
106,58,5.499
104,58,5.709
102,58,5.810
100,58,5.433
98,58,4.920
96,58,4.038
94,58,2.497
92,58,2.701
90,58,3.209
88,58,4.414
86,58,5.837
84,58,7.242
82,58,7.982
80,58,8.265
78,58,8.390
76,58,8.402
74,58,8.404
72,58,8.371
70,58,8.338
68,58,8.251
66,58,8.059
64,58,7.881
62,58,7.800
60,58,7.707
58,58,7.765
56,58,7.898
54,58,8.076
52,58,8.049
50,58,7.966
48,58,7.705
46,58,7.402
44,58,7.192
42,58,7.330
40,58,7.516
38,58,7.586
36,58,8.035
34,58,8.171
32,58,8.356
30,58,8.416
28,58,8.440
26,58,8.430
24,58,8.333
22,58,8.256
20,58,8.076
18,58,8.013
16,58,8.155
14,58,8.359
12,58,8.435
10,58,8.446
8,58,8.448
6,58,8.364
4,58,7.895
2,58,7.713
0,58,7.473
0,60,7.200
2,60,7.684
4,60,7.961
6,60,8.128
8,60,8.267
10,60,8.341
12,60,8.342
14,60,8.207
16,60,8.004
18,60,7.943
20,60,8.044
22,60,8.321
24,60,8.418
26,60,8.473
28,60,8.491
30,60,8.422
32,60,8.342
34,60,8.084
36,60,7.908
38,60,7.908
40,60,8.064
42,60,8.193
44,60,8.445
46,60,8.467
48,60,8.440
50,60,8.309
52,60,8.004
54,60,7.114
56,60,6.247
58,60,5.969
60,60,6.305
62,60,6.923
64,60,7.771
66,60,8.097
68,60,8.276
70,60,8.325
72,60,8.330
74,60,8.327
76,60,8.291
78,60,8.019
80,60,7.791
82,60,7.724
84,60,7.775
86,60,7.941
88,60,8.062
90,60,8.242
92,60,8.243
94,60,7.983
96,60,7.378
98,60,6.548
100,60,5.574
102,60,4.528
104,60,3.912
106,60,3.396
108,60,3.201
110,60,4.052
112,60,3.617
114,60,3.710
116,60,4.145
118,60,4.092
120,60,4.915
122,60,5.638
124,60,6.678
126,60,7.341
128,60,7.697
130,60,8.039
132,60,8.205
134,60,8.305
136,60,8.362
138,60,8.322
140,60,8.306
142,60,8.291
144,60,8.102
146,60,8.083
148,60,7.938
150,60,8.001
150,62,8.016
148,62,7.875
146,62,8.046
144,62,8.256
142,62,8.344
140,62,8.308
138,62,8.384
136,62,8.374
134,62,8.388
132,62,8.352
130,62,8.244
128,62,8.117
126,62,7.997
124,62,7.723
122,62,7.208
120,62,6.369
118,62,5.728
116,62,5.104
114,62,4.533
112,62,4.431
110,62,4.832
108,62,4.786
106,62,5.057
104,62,5.579
102,62,5.650
100,62,5.541
98,62,5.031
96,62,4.295
94,62,3.524
92,62,3.286
90,62,3.617
88,62,4.408
86,62,5.650
84,62,6.882
82,62,7.657
80,62,7.979
78,62,8.268
76,62,8.331
74,62,8.343
72,62,8.400
70,62,8.383
68,62,8.335
66,62,8.333
64,62,8.216
62,62,8.014
60,62,7.793
58,62,7.571
56,62,7.327
54,62,7.014
52,62,6.922
50,62,7.251
48,62,7.364
46,62,7.393
44,62,7.571
42,62,7.776
40,62,7.882
38,62,7.902
36,62,7.847
34,62,8.009
32,62,8.124
30,62,8.294
28,62,8.384
26,62,8.443
24,62,8.386
22,62,8.362
20,62,8.245
18,62,8.050
16,62,8.012
14,62,8.096
12,62,8.255
10,62,8.445
8,62,8.421
6,62,8.186
4,62,7.853
2,62,7.451
0,62,6.981
0,64,6.908
2,64,7.505
4,64,7.745
6,64,7.892
8,64,7.948
10,64,7.929
12,64,7.984
14,64,7.936
16,64,7.948
18,64,8.111
20,64,8.232
22,64,8.434
24,64,8.493
26,64,8.498
28,64,8.463
30,64,8.348
32,64,8.146
34,64,7.913
36,64,7.908
38,64,8.006
40,64,8.234
42,64,8.370
44,64,8.434
46,64,8.455
48,64,8.315
50,64,8.173
52,64,7.916
54,64,7.221
56,64,6.370
58,64,6.275
60,64,6.618
62,64,7.098
64,64,7.608
66,64,7.870
68,64,8.176
70,64,8.257
72,64,8.319
74,64,8.332
76,64,7.995
78,64,7.892
80,64,7.775
82,64,7.737
84,64,7.851
86,64,7.971
88,64,8.317
90,64,8.399
92,64,8.343
94,64,8.078
96,64,7.463
98,64,6.504
100,64,5.303
102,64,3.777
104,64,2.695
106,64,2.456
108,64,2.975
110,64,3.415
112,64,3.666
114,64,3.935
116,64,4.534
118,64,4.896
120,64,5.457
122,64,6.258
124,64,6.888
126,64,7.386
128,64,7.743
130,64,7.994
132,64,8.064
134,64,8.183
136,64,8.230
138,64,8.157
140,64,8.117
142,64,8.018
144,64,7.961
146,64,7.956
148,64,7.832
150,64,7.789
150,66,7.903
148,66,7.857
146,66,7.889
144,66,8.032
142,66,8.094
140,66,8.201
138,66,8.314
136,66,8.372
134,66,8.398
132,66,8.367
130,66,8.343
128,66,8.296
126,66,8.175
124,66,7.943
122,66,7.573
120,66,7.037
118,66,6.527
116,66,5.548
114,66,4.824
112,66,4.094
110,66,3.836
108,66,4.094
106,66,4.477
104,66,5.019
102,66,5.322
100,66,5.420
98,66,5.094
96,66,4.626
94,66,4.318
92,66,4.489
90,66,4.654
88,66,4.882
86,66,6.050
84,66,7.038
82,66,7.667
80,66,7.924
78,66,7.987
76,66,8.177
74,66,8.307
72,66,8.322
70,66,8.361
68,66,8.391
66,66,8.376
64,66,8.313
62,66,8.270
60,66,7.929
58,66,7.515
56,66,6.832
54,66,6.088
52,66,5.861
50,66,6.100
48,66,6.687
46,66,7.231
44,66,7.752
42,66,8.060
40,66,8.169
38,66,8.087
36,66,7.927
34,66,7.919
32,66,7.984
30,66,8.215
28,66,8.356
26,66,8.427
24,66,8.466
22,66,8.447
20,66,8.348
18,66,8.223
16,66,8.088
14,66,8.050
12,66,8.202
10,66,8.365
8,66,8.376
6,66,8.174
4,66,7.892
2,66,7.690
0,66,7.262
0,68,7.602
2,68,7.855
4,68,8.021
6,68,8.026
8,68,7.894
10,68,7.803
12,68,7.775
14,68,7.850
16,68,8.014
18,68,8.175
20,68,8.342
22,68,8.483
24,68,8.495
26,68,8.473
28,68,8.365
30,68,8.177
32,68,7.995
34,68,7.961
36,68,8.028
38,68,8.267
40,68,8.368
42,68,8.444
44,68,8.451
46,68,8.426
48,68,8.329
50,68,8.150
52,68,7.749
54,68,7.284
56,68,6.954
58,68,6.963
60,68,6.407
62,68,6.773
64,68,7.113
66,68,7.425
68,68,7.801
70,68,7.904
72,68,7.972
74,68,7.973
76,68,7.927
78,68,7.794
80,68,7.834
82,68,7.913
84,68,8.011
86,68,8.236
88,68,8.408
90,68,8.412
92,68,8.374
94,68,8.179
96,68,7.577
98,68,6.311
100,68,4.507
102,68,3.523
104,68,2.871
106,68,2.869
108,68,3.039
110,68,4.182
112,68,4.164
114,68,4.801
116,68,4.928
118,68,5.198
120,68,5.881
122,68,6.536
124,68,7.098
126,68,7.568
128,68,7.870
130,68,8.030
132,68,8.176
134,68,8.085
136,68,8.009
138,68,7.997
140,68,7.999
142,68,7.810
144,68,7.775
146,68,7.844
148,68,7.817
150,68,7.830
150,70,7.891
148,70,7.799
146,70,7.820
144,70,7.849
142,70,8.046
140,70,8.050
138,70,8.162
136,70,8.197
134,70,8.335
132,70,8.377
130,70,8.365
128,70,8.353
126,70,8.307
124,70,8.187
122,70,8.005
120,70,7.558
118,70,6.793
116,70,5.772
114,70,4.852
112,70,4.285
110,70,3.609
108,70,3.512
106,70,3.614
104,70,4.625
102,70,5.065
100,70,5.081
98,70,4.973
96,70,4.946
94,70,4.792
92,70,5.153
90,70,5.546
88,70,5.932
86,70,6.813
84,70,7.471
82,70,7.820
80,70,7.919
78,70,7.957
76,70,8.015
74,70,8.050
72,70,8.178
70,70,8.207
68,70,8.213
66,70,8.244
64,70,8.223
62,70,8.220
60,70,8.091
58,70,7.413
56,70,6.614
54,70,5.213
52,70,4.614
50,70,5.269
48,70,5.870
46,70,7.082
44,70,7.791
42,70,8.180
40,70,8.289
38,70,8.253
36,70,8.156
34,70,8.094
32,70,7.962
30,70,8.086
28,70,8.326
26,70,8.398
24,70,8.474
22,70,8.489
20,70,8.469
18,70,8.356
16,70,8.189
14,70,8.032
12,70,8.071
10,70,8.212
8,70,8.383
6,70,8.352
4,70,8.288
2,70,8.212
0,70,7.951
0,72,7.936
2,72,8.274
4,72,8.328
6,72,8.303
8,72,8.183
10,72,7.991
12,72,7.870
14,72,8.061
16,72,8.189
18,72,8.427
20,72,8.456
22,72,8.498
24,72,8.482
26,72,8.394
28,72,8.191
30,72,8.079
32,72,7.977
34,72,8.089
36,72,8.258
38,72,8.409
40,72,8.460
42,72,8.470
44,72,8.453
46,72,8.397
48,72,8.131
50,72,7.889
52,72,7.734
54,72,7.574
56,72,7.453
58,72,7.385
60,72,7.000
62,72,6.587
64,72,6.500
66,72,6.606
68,72,6.725
70,72,7.374
72,72,7.612
74,72,7.593
76,72,7.606
78,72,7.607
80,72,7.778
82,72,8.109
84,72,8.236
86,72,8.363
88,72,8.413
90,72,8.414
92,72,8.379
94,72,8.173
96,72,7.496
98,72,6.354
100,72,5.003
102,72,3.653
104,72,2.900
106,72,3.007
108,72,4.089
110,72,4.884
112,72,5.313
114,72,5.395
116,72,5.353
118,72,5.590
120,72,5.964
122,72,6.411
124,72,6.917
126,72,7.337
128,72,7.769
130,72,7.922
132,72,7.794
134,72,7.842
136,72,7.815
138,72,7.820
140,72,7.752
142,72,7.771
144,72,7.841
146,72,7.877
148,72,7.911
150,72,8.195
150,74,8.179
148,74,8.032
146,74,7.872
144,74,7.789
142,74,7.806
140,74,7.791
138,74,7.874
136,74,8.056
134,74,8.129
132,74,8.274
130,74,8.308
128,74,8.314
126,74,8.326
124,74,8.228
122,74,8.037
120,74,7.750
118,74,7.199
116,74,6.444
114,74,5.601
112,74,4.546
110,74,3.874
108,74,3.355
106,74,3.405
104,74,3.642
102,74,4.294
100,74,4.530
98,74,5.015
96,74,4.959
94,74,5.168
92,74,5.732
90,74,6.358
88,74,6.935
86,74,7.462
84,74,7.935
82,74,8.077
80,74,7.994
78,74,7.846
76,74,7.675
74,74,7.504
72,74,7.300
70,74,7.241
68,74,7.247
66,74,7.431
64,74,7.649
62,74,7.908
60,74,7.954
58,74,7.442
56,74,6.295
54,74,5.229
52,74,3.972
50,74,3.883
48,74,4.713
46,74,6.341
44,74,7.611
42,74,8.165
40,74,8.381
38,74,8.389
36,74,8.366
34,74,8.356
32,74,8.016
30,74,7.967
28,74,8.011
26,74,8.156
24,74,8.377
22,74,8.486
20,74,8.496
18,74,8.494
16,74,8.430
14,74,8.267
12,74,8.080
10,74,8.063
8,74,8.210
6,74,8.418
4,74,8.458
2,74,8.417
0,74,8.224
0,76,8.092
2,76,8.313
4,76,8.326
6,76,8.174
8,76,8.073
10,76,8.019
12,76,8.131
14,76,8.249
16,76,8.415
18,76,8.482
20,76,8.498
22,76,8.453
24,76,8.440
26,76,8.263
28,76,8.074
30,76,7.985
32,76,8.074
34,76,8.294
36,76,8.341
38,76,8.420
40,76,8.472
42,76,8.443
44,76,8.401
46,76,8.220
48,76,8.048
50,76,7.886
52,76,7.974
54,76,8.094
56,76,7.893
58,76,7.654
60,76,7.069
62,76,6.365
64,76,5.843
66,76,5.669
68,76,5.590
70,76,6.385
72,76,6.876
74,76,7.075
76,76,6.909
78,76,7.011
80,76,7.157
82,76,7.447
84,76,7.822
86,76,8.137
88,76,8.283
90,76,8.322
92,76,8.233
94,76,7.954
96,76,7.440
98,76,6.319
100,76,5.171
102,76,4.059
104,76,3.612
106,76,4.200
108,76,5.089
110,76,5.531
112,76,5.769
114,76,5.641
116,76,5.502
118,76,5.547
120,76,5.787
122,76,6.259
124,76,6.776
126,76,7.103
128,76,7.396
130,76,7.572
132,76,7.747
134,76,7.736
136,76,7.762
138,76,7.802
140,76,7.866
142,76,7.835
144,76,8.094
146,76,8.253
148,76,8.200
150,76,8.295
150,78,8.333
148,78,8.257
146,78,8.084
144,78,7.934
142,78,7.836
140,78,7.827
138,78,7.760
136,78,7.818
134,78,7.914
132,78,7.795
130,78,7.982
128,78,8.118
126,78,8.219
124,78,8.140
122,78,7.995
120,78,7.686
118,78,7.275
116,78,6.766
114,78,6.142
112,78,5.092
110,78,4.681
108,78,3.957
106,78,3.362
104,78,3.584
102,78,3.732
100,78,3.808
98,78,4.700
96,78,5.012
94,78,5.447
92,78,5.987
90,78,6.766
88,78,7.400
86,78,7.871
84,78,7.983
82,78,8.288
80,78,8.232
78,78,7.977
76,78,7.378
74,78,6.818
72,78,6.084
70,78,5.894
68,78,6.180
66,78,6.774
64,78,7.233
62,78,7.662
60,78,7.787
58,78,7.416
56,78,6.426
54,78,4.944
52,78,4.095
50,78,3.926
48,78,4.831
46,78,6.335
44,78,7.709
42,78,8.147
40,78,8.374
38,78,8.444
36,78,8.445
34,78,8.401
32,78,8.266
30,78,8.078
28,78,7.967
26,78,8.095
24,78,8.288
22,78,8.387
20,78,8.466
18,78,8.503
16,78,8.474
14,78,8.399
12,78,8.109
10,78,8.022
8,78,8.144
6,78,8.252
4,78,8.289
2,78,8.353
0,78,8.154
0,80,8.054
2,80,8.110
4,80,7.968
6,80,7.903
8,80,7.871
10,80,8.056
12,80,8.196
14,80,8.357
16,80,8.453
18,80,8.499
20,80,8.483
22,80,8.414
24,80,8.242
26,80,8.125
28,80,8.006
30,80,8.066
32,80,8.206
34,80,8.467
36,80,8.466
38,80,8.478
40,80,8.418
42,80,8.299
44,80,8.188
46,80,8.046
48,80,7.930
50,80,7.975
52,80,8.134
54,80,8.194
56,80,8.171
58,80,7.864
60,80,7.119
62,80,5.876
64,80,4.786
66,80,4.386
68,80,4.415
70,80,5.457
72,80,6.571
74,80,6.873
76,80,6.968
78,80,6.916
80,80,6.817
82,80,6.957
84,80,7.319
86,80,7.776
88,80,7.976
90,80,8.126
92,80,8.017
94,80,7.683
96,80,7.283
98,80,6.572
100,80,5.690
102,80,5.209
104,80,5.004
106,80,5.082
108,80,5.224
110,80,5.524
112,80,5.761
114,80,5.596
116,80,5.426
118,80,5.192
120,80,5.364
122,80,5.519
124,80,5.898
126,80,6.308
128,80,6.898
130,80,7.332
132,80,7.576
134,80,7.675
136,80,7.831
138,80,8.116
140,80,8.062
142,80,8.134
144,80,8.230
146,80,8.346
148,80,8.362
150,80,8.398
150,82,8.419
148,82,8.341
146,82,8.255
144,82,8.171
142,82,8.045
140,82,8.067
138,82,7.803
136,82,7.770
134,82,7.774
132,82,7.797
130,82,8.054
128,82,8.023
126,82,8.001
124,82,7.995
122,82,7.767
120,82,7.538
118,82,7.162
116,82,6.721
114,82,6.244
112,82,5.785
110,82,5.174
108,82,4.426
106,82,3.903
104,82,3.739
102,82,3.517
100,82,3.392
98,82,3.606
96,82,4.079
94,82,5.015
92,82,5.874
90,82,6.854
88,82,7.436
86,82,7.945
84,82,8.220
82,82,8.349
80,82,8.305
78,82,8.115
76,82,7.709
74,82,6.896
72,82,6.250
70,82,5.983
68,82,6.187
66,82,6.395
64,82,7.240
62,82,7.732
60,82,7.621
58,82,7.047
56,82,6.192
54,82,5.187
52,82,4.817
50,82,4.604
48,82,5.302
46,82,6.662
44,82,7.636
42,82,7.961
40,82,8.217
38,82,8.388
36,82,8.449
34,82,8.455
32,82,8.375
30,82,8.150
28,82,8.000
26,82,7.973
24,82,8.055
22,82,8.184
20,82,8.471
18,82,8.504
16,82,8.500
14,82,8.490
12,82,8.423
10,82,8.062
8,82,8.030
6,82,7.952
4,82,8.010
2,82,7.979
0,82,8.016
0,84,7.879
2,84,7.796
4,84,7.562
6,84,7.452
8,84,7.783
10,84,8.069
12,84,8.348
14,84,8.470
16,84,8.499
18,84,8.477
20,84,8.449
22,84,8.288
24,84,8.039
26,84,7.997
28,84,8.030
30,84,8.290
32,84,8.441
34,84,8.474
36,84,8.479
38,84,8.459
40,84,8.416
42,84,8.268
44,84,7.995
46,84,7.927
48,84,7.991
50,84,8.081
52,84,8.160
54,84,8.218
56,84,8.174
58,84,7.890
60,84,7.019
62,84,5.506
64,84,3.877
66,84,3.078
68,84,3.524
70,84,5.143
72,84,6.609
74,84,7.283
76,84,7.488
78,84,7.384
80,84,7.264
82,84,7.234
84,84,7.351
86,84,7.616
88,84,7.924
90,84,7.926
92,84,7.753
94,84,7.650
96,84,7.296
98,84,6.779
100,84,6.139
102,84,5.837
104,84,5.637
106,84,5.653
108,84,5.591
110,84,5.591
112,84,5.613
114,84,5.248
116,84,4.898
118,84,4.712
120,84,4.675
122,84,5.077
124,84,5.384
126,84,6.148
128,84,6.765
130,84,7.276
132,84,7.695
134,84,7.982
136,84,8.102
138,84,8.054
140,84,8.149
142,84,8.319
144,84,8.381
146,84,8.366
148,84,8.391
150,84,8.423
150,86,8.424
148,86,8.412
146,86,8.417
144,86,8.378
142,86,8.250
140,86,8.081
138,86,7.910
136,86,8.019
134,86,7.865
132,86,7.692
130,86,7.714
128,86,7.690
126,86,7.790
124,86,7.641
122,86,7.523
120,86,7.269
118,86,6.952
116,86,6.574
114,86,6.169
112,86,5.793
110,86,5.495
108,86,4.798
106,86,4.675
104,86,4.382
102,86,3.537
100,86,3.528
98,86,3.492
96,86,3.705
94,86,4.734
92,86,5.734
90,86,6.590
88,86,7.433
86,86,7.990
84,86,8.236
82,86,8.374
80,86,8.370
78,86,8.264
76,86,7.982
74,86,7.818
72,86,7.509
70,86,7.133
68,86,7.217
66,86,7.701
64,86,7.952
62,86,7.745
60,86,7.309
58,86,6.636
56,86,5.878
54,86,5.449
52,86,5.263
50,86,5.194
48,86,5.884
46,86,6.778
44,86,7.137
42,86,7.428
40,86,7.922
38,86,8.212
36,86,8.391
34,86,8.437
32,86,8.452
30,86,8.376
28,86,8.079
26,86,7.987
24,86,8.052
22,86,8.158
20,86,8.389
18,86,8.477
16,86,8.503
14,86,8.487
12,86,8.435
10,86,8.335
8,86,8.127
6,86,7.939
4,86,7.801
2,86,7.885
0,86,8.060
0,88,7.979
2,88,7.589
4,88,7.515
6,88,7.459
8,88,7.667
10,88,8.124
12,88,8.396
14,88,8.493
16,88,8.501
18,88,8.463
20,88,8.383
22,88,8.253
24,88,8.007
26,88,8.045
28,88,8.130
30,88,8.404
32,88,8.463
34,88,8.479
36,88,8.481
38,88,8.432
40,88,8.264
42,88,8.127
44,88,7.958
46,88,8.006
48,88,8.113
50,88,8.106
52,88,8.145
54,88,8.132
56,88,8.071
58,88,7.936
60,88,7.176
62,88,5.389
64,88,3.447
66,88,2.776
68,88,3.315
70,88,4.712
72,88,6.576
74,88,7.607
76,88,8.071
78,88,8.133
80,88,8.095
82,88,8.000
84,88,7.863
86,88,7.989
88,88,8.095
90,88,7.762
92,88,7.759
94,88,7.648
96,88,7.608
98,88,7.397
100,88,6.903
102,88,6.351
104,88,6.051
106,88,5.846
108,88,5.693
110,88,5.610
112,88,5.319
114,88,4.696
116,88,4.491
118,88,4.487
120,88,4.552
122,88,4.932
124,88,5.149
126,88,5.871
128,88,6.812
130,88,7.464
132,88,7.645
134,88,7.819
136,88,8.014
138,88,8.263
140,88,8.334
142,88,8.331
144,88,8.382
146,88,8.418
148,88,8.421
150,88,8.425
150,90,8.411
148,90,8.424
146,90,8.413
144,90,8.402
142,90,8.335
140,90,8.303
138,90,8.215
136,90,8.102
134,90,7.924
132,90,7.705
130,90,7.659
128,90,7.587
126,90,7.414
124,90,7.261
122,90,7.216
120,90,7.166
118,90,6.865
116,90,6.061
114,90,6.141
112,90,5.894
110,90,5.656
108,90,5.527
106,90,5.335
104,90,5.322
102,90,4.020
100,90,3.930
98,90,3.922
96,90,3.855
94,90,4.556
92,90,5.124
90,90,6.528
88,90,7.234
86,90,7.935
84,90,8.234
82,90,8.361
80,90,8.428
78,90,8.420
76,90,8.346
74,90,8.228
72,90,7.994
70,90,7.814
68,90,7.810
66,90,7.655
64,90,7.439
62,90,7.344
60,90,6.802
58,90,6.340
56,90,5.893
54,90,5.635
52,90,5.662
50,90,6.447
48,90,7.067
46,90,7.189
44,90,7.177
42,90,7.435
40,90,7.736
38,90,8.129
36,90,8.323
34,90,8.470
32,90,8.473
30,90,8.429
28,90,8.274
26,90,8.194
24,90,8.019
22,90,8.016
20,90,8.174
18,90,8.351
16,90,8.464
14,90,8.503
12,90,8.495
10,90,8.349
8,90,8.260
6,90,8.023
4,90,7.857
2,90,7.943
0,90,8.044
0,92,8.119
2,92,7.821
4,92,7.738
6,92,7.912
8,92,8.224
10,92,8.388
12,92,8.481
14,92,8.485
16,92,8.451
18,92,8.254
20,92,8.078
22,92,8.010
24,92,8.003
26,92,8.154
28,92,8.314
30,92,8.479
32,92,8.482
34,92,8.475
36,92,8.449
38,92,8.243
40,92,7.996
42,92,7.977
44,92,8.033
46,92,8.220
48,92,8.278
50,92,8.282
52,92,8.211
54,92,8.122
56,92,8.008
58,92,7.463
60,92,6.846
62,92,5.651
64,92,4.077
66,92,3.260
68,92,4.583
70,92,5.785
72,92,7.085
74,92,7.758
76,92,8.165
78,92,8.303
80,92,8.254
82,92,8.291
84,92,8.111
86,92,7.945
88,92,7.794
90,92,7.819
92,92,7.837
94,92,7.984
96,92,7.813
98,92,7.819
100,92,7.424
102,92,6.855
104,92,6.350
106,92,6.010
108,92,5.695
110,92,5.183
112,92,4.563
114,92,4.532
116,92,3.965
118,92,3.843
120,92,3.917
122,92,4.422
124,92,5.280
126,92,6.315
128,92,7.213
130,92,7.741
132,92,8.028
134,92,8.159
136,92,8.324
138,92,8.370
140,92,8.392
142,92,8.389
144,92,8.382
146,92,8.360
148,92,8.351
150,92,8.289
150,94,8.230
148,94,8.337
146,94,8.356
144,94,8.386
142,94,8.380
140,94,8.369
138,94,8.327
136,94,8.164
134,94,8.144
132,94,8.065
130,94,7.858
128,94,7.608
126,94,7.454
124,94,7.226
122,94,6.941
120,94,6.358
118,94,6.201
116,94,6.326
114,94,5.710
112,94,5.867
110,94,5.914
108,94,5.917
106,94,5.882
104,94,5.834
102,94,5.564
100,94,5.573
98,94,5.282
96,94,4.854
94,94,4.764
92,94,5.319
90,94,6.070
88,94,6.929
86,94,7.621
84,94,8.111
82,94,8.325
80,94,8.419
78,94,8.451
76,94,8.455
74,94,8.398
72,94,8.352
70,94,8.255
68,94,8.081
66,94,7.789
64,94,7.516
62,94,7.130
60,94,6.536
58,94,6.329
56,94,6.035
54,94,6.208
52,94,6.487
50,94,7.017
48,94,7.541
46,94,7.881
44,94,7.658
42,94,7.568
40,94,7.809
38,94,7.994
36,94,8.175
34,94,8.328
32,94,8.472
30,94,8.475
28,94,8.401
26,94,8.385
24,94,8.186
22,94,7.911
20,94,7.950
18,94,8.139
16,94,8.409
14,94,8.467
12,94,8.494
10,94,8.494
8,94,8.380
6,94,8.111
4,94,8.021
2,94,7.966
0,94,8.244
0,96,7.964
2,96,7.927
4,96,8.171
6,96,8.285
8,96,8.386
10,96,8.496
12,96,8.470
14,96,8.388
16,96,8.284
18,96,8.149
20,96,7.989
22,96,8.065
24,96,8.151
26,96,8.361
28,96,8.422
30,96,8.435
32,96,8.429
34,96,8.389
36,96,8.191
38,96,7.975
40,96,7.914
42,96,7.986
44,96,8.056
46,96,8.334
48,96,8.420
50,96,8.413
52,96,8.318
54,96,8.183
56,96,8.010
58,96,7.880
60,96,7.224
62,96,5.987
64,96,5.362
66,96,4.910
68,96,5.273
70,96,6.457
72,96,7.253
74,96,7.811
76,96,8.176
78,96,8.293
80,96,8.094
82,96,7.945
84,96,7.914
86,96,7.955
88,96,7.827
90,96,7.972
92,96,8.127
94,96,8.210
96,96,8.167
98,96,7.903
100,96,7.545
102,96,7.046
104,96,6.554
106,96,5.987
108,96,5.354
110,96,4.939
112,96,4.553
114,96,4.093
116,96,4.128
118,96,3.967
120,96,4.558
122,96,5.352
124,96,6.131
126,96,6.989
128,96,7.487
130,96,7.834
132,96,8.190
134,96,8.332
136,96,8.353
138,96,8.366
140,96,8.357
142,96,8.286
144,96,8.238
146,96,8.138
148,96,8.183
150,96,8.144
150,98,7.912
148,98,8.052
146,98,8.185
144,98,8.275
142,98,8.322
140,98,8.327
138,98,8.311
136,98,8.336
134,98,8.300
132,98,8.284
130,98,8.217
128,98,7.793
126,98,7.612
124,98,7.398
122,98,7.057
120,98,6.782
118,98,6.443
116,98,6.235
114,98,6.352
112,98,5.902
110,98,5.834
108,98,6.248
106,98,6.413
104,98,6.421
102,98,6.310
100,98,6.264
98,98,6.067
96,98,6.242
94,98,6.268
92,98,6.154
90,98,6.263
88,98,6.891
86,98,7.376
84,98,7.910
82,98,8.196
80,98,8.406
78,98,8.449
76,98,8.452
74,98,8.451
72,98,8.443
70,98,8.345
68,98,8.190
66,98,7.960
64,98,7.615
62,98,7.272
60,98,6.685
58,98,6.128
56,98,6.061
54,98,6.397
52,98,6.932
50,98,7.409
48,98,7.885
46,98,8.094
44,98,8.037
42,98,7.933
40,98,7.855
38,98,7.927
36,98,8.141
34,98,8.324
32,98,8.418
30,98,8.455
28,98,8.444
26,98,8.390
24,98,8.246
22,98,7.956
20,98,7.743
18,98,7.834
16,98,8.127
14,98,8.354
12,98,8.489
10,98,8.486
8,98,8.453
6,98,8.380
4,98,8.064
2,98,8.051
0,98,8.160
0,100,7.901
2,100,7.978
4,100,8.212
6,100,8.356
8,100,8.494
10,100,8.489
12,100,8.475
14,100,8.386
16,100,8.218
18,100,8.022
20,100,8.004
22,100,8.001
24,100,8.290
26,100,8.380
28,100,8.368
30,100,8.357
32,100,8.228
34,100,8.185
36,100,8.012
38,100,7.879
40,100,7.881
42,100,8.118
44,100,8.272
46,100,8.397
48,100,8.457
50,100,8.429
52,100,8.371
54,100,8.175
56,100,8.081
58,100,7.645
60,100,7.126
62,100,6.699
64,100,6.050
66,100,6.041
68,100,6.369
70,100,6.968
72,100,7.547
74,100,8.010
76,100,8.198
78,100,8.130
80,100,7.956
82,100,7.887
84,100,7.865
86,100,7.869
88,100,8.173
90,100,8.220
92,100,8.208
94,100,8.246
96,100,8.200
98,100,8.020
100,100,7.676
102,100,7.202
104,100,6.675
106,100,6.054
108,100,5.242
110,100,4.989
112,100,4.533
114,100,4.454
116,100,4.577
118,100,5.115
120,100,5.673
122,100,6.120
124,100,7.199
126,100,7.671
128,100,7.907
130,100,8.161
132,100,8.307
134,100,8.355
136,100,8.345
138,100,8.344
140,100,8.241
142,100,8.142
144,100,8.124
146,100,8.041
148,100,7.839
150,100,7.730
150,102,7.623
148,102,7.669
146,102,7.922
144,102,8.056
142,102,8.214
140,102,8.275
138,102,8.317
136,102,8.336
134,102,8.345
132,102,8.356
130,102,8.248
128,102,8.104
126,102,7.944
124,102,7.853
122,102,7.446
120,102,7.070
118,102,6.771
116,102,6.796
114,102,6.535
112,102,6.235
110,102,6.507
108,102,6.508
106,102,6.848
104,102,6.880
102,102,6.936
100,102,6.925
98,102,6.878
96,102,6.810
94,102,6.658
92,102,6.354
90,102,6.544
88,102,7.085
86,102,7.340
84,102,7.910
82,102,8.114
80,102,8.247
78,102,8.331
76,102,8.386
74,102,8.457
72,102,8.443
70,102,8.387
68,102,8.372
66,102,8.271
64,102,7.867
62,102,7.515
60,102,7.000
58,102,6.604
56,102,6.368
54,102,6.132
52,102,6.726
50,102,7.442
48,102,7.948
46,102,8.187
44,102,8.288
42,102,8.209
40,102,8.027
38,102,7.922
36,102,8.005
34,102,8.111
32,102,8.379
30,102,8.452
28,102,8.457
26,102,8.437
24,102,8.360
22,102,8.021
20,102,7.798
18,102,7.711
16,102,7.914
14,102,8.276
12,102,8.422
10,102,8.490
8,102,8.481
6,102,8.414
4,102,8.295
2,102,8.091
0,102,7.949
0,104,7.967
2,104,8.100
4,104,8.391
6,104,8.458
8,104,8.482
10,104,8.493
12,104,8.403
14,104,8.228
16,104,8.027
18,104,7.968
20,104,8.112
22,104,8.219
24,104,8.368
26,104,8.374
28,104,8.356
30,104,8.300
32,104,8.157
34,104,7.864
36,104,7.851
38,104,7.922
40,104,8.082
42,104,8.260
44,104,8.393
46,104,8.455
48,104,8.463
50,104,8.433
52,104,8.371
54,104,8.046
56,104,7.849
58,104,7.610
60,104,7.246
62,104,6.865
64,104,6.691
66,104,6.877
68,104,6.985
70,104,7.474
72,104,7.817
74,104,8.066
76,104,8.094
78,104,8.099
80,104,7.852
82,104,7.824
84,104,7.859
86,104,8.074
88,104,8.266
90,104,8.297
92,104,8.297
94,104,8.324
96,104,8.265
98,104,7.973
100,104,7.469
102,104,6.804
104,104,6.333
106,104,6.002
108,104,5.353
110,104,5.356
112,104,5.077
114,104,5.156
116,104,5.399
118,104,6.004
120,104,6.986
122,104,7.389
124,104,7.725
126,104,8.004
128,104,8.146
130,104,8.289
132,104,8.351
134,104,8.360
136,104,8.341
138,104,8.312
140,104,8.158
142,104,7.964
144,104,7.919
146,104,7.746
148,104,7.704
150,104,7.501
150,106,7.724
148,106,7.716
146,106,8.053
144,106,7.904
142,106,8.002
140,106,8.266
138,106,8.291
136,106,8.338
134,106,8.370
132,106,8.377
130,106,8.377
128,106,8.316
126,106,8.297
124,106,8.150
122,106,7.810
120,106,7.509
118,106,7.162
116,106,6.795
114,106,6.494
112,106,6.212
110,106,6.067
108,106,6.333
106,106,6.652
104,106,6.918
102,106,6.932
100,106,6.990
98,106,6.913
96,106,6.915
94,106,6.928
92,106,6.899
90,106,6.868
88,106,7.076
86,106,7.586
84,106,7.704
82,106,7.863
80,106,8.153
78,106,8.233
76,106,8.329
74,106,8.430
72,106,8.446
70,106,8.445
68,106,8.413
66,106,8.328
64,106,8.202
62,106,7.963
60,106,7.238
58,106,6.532
56,106,5.921
54,106,5.681
52,106,6.415
50,106,7.392
48,106,7.896
46,106,8.241
44,106,8.375
42,106,8.347
40,106,8.078
38,106,8.090
36,106,7.976
34,106,7.970
32,106,8.249
30,106,8.364
28,106,8.448
26,106,8.447
24,106,8.397
22,106,8.304
20,106,8.043
18,106,7.820
16,106,7.861
14,106,8.214
12,106,8.324
10,106,8.478
8,106,8.477
6,106,8.471
4,106,8.396
2,106,8.207
0,106,7.964
0,108,7.939
2,108,8.228
4,108,8.398
6,108,8.459
8,108,8.470
10,108,8.435
12,108,8.330
14,108,8.081
16,108,7.965
18,108,8.039
20,108,8.149
22,108,8.364
24,108,8.410
26,108,8.407
28,108,8.379
30,108,8.284
32,108,8.001
34,108,8.032
36,108,7.878
38,108,8.088
40,108,8.325
42,108,8.396
44,108,8.446
46,108,8.464
48,108,8.406
50,108,8.374
52,108,8.122
54,108,7.888
56,108,7.791
58,108,7.797
60,108,7.435
62,108,7.271
64,108,6.847
66,108,7.023
68,108,7.183
70,108,7.499
72,108,7.789
74,108,7.931
76,108,7.887
78,108,7.919
80,108,7.849
82,108,7.883
84,108,8.101
86,108,8.127
88,108,8.320
90,108,8.392
92,108,8.392
94,108,8.374
96,108,8.269
98,108,7.912
100,108,7.367
102,108,6.759
104,108,6.165
106,108,5.601
108,108,5.194
110,108,5.164
112,108,5.502
114,108,5.546
116,108,6.555
118,108,6.822
120,108,7.338
122,108,7.666
124,108,7.930
126,108,8.153
128,108,8.244
130,108,8.312
132,108,8.338
134,108,8.287
136,108,8.217
138,108,8.103
140,108,7.955
142,108,7.929
144,108,7.715
146,108,7.719
148,108,7.541
150,108,7.586
150,110,7.664
148,110,7.570
146,110,7.688
144,110,7.822
142,110,8.006
140,110,8.146
138,110,8.194
136,110,8.328
134,110,8.361
132,110,8.378
130,110,8.389
128,110,8.380
126,110,8.323
124,110,8.216
122,110,8.099
120,110,7.672
118,110,7.389
116,110,7.110
114,110,6.641
112,110,6.202
110,110,5.987
108,110,5.817
106,110,6.336
104,110,6.351
102,110,6.422
100,110,6.567
98,110,6.573
96,110,6.724
94,110,6.892
92,110,7.134
90,110,7.269
88,110,7.592
86,110,7.551
84,110,7.657
82,110,7.772
80,110,7.844
78,110,8.215
76,110,8.174
74,110,8.240
72,110,8.450
70,110,8.458
68,110,8.448
66,110,8.401
64,110,8.169
62,110,7.837
60,110,7.620
58,110,6.451
56,110,5.740
54,110,5.992
52,110,6.280
50,110,6.969
48,110,7.695
46,110,8.191
44,110,8.368
42,110,8.397
40,110,8.290
38,110,8.141
36,110,7.913
34,110,7.959
32,110,8.087
30,110,8.241
28,110,8.357
26,110,8.422
24,110,8.453
22,110,8.386
20,110,8.312
18,110,8.101
16,110,7.868
14,110,7.959
12,110,8.135
10,110,8.356
8,110,8.463
6,110,8.431
4,110,8.365
2,110,8.184
0,110,7.880
0,112,7.914
2,112,8.196
4,112,8.309
6,112,8.366
8,112,8.375
10,112,8.258
12,112,8.047
14,112,7.929
16,112,7.988
18,112,8.205
20,112,8.320
22,112,8.413
24,112,8.439
26,112,8.405
28,112,8.372
30,112,8.308
32,112,7.974
34,112,7.898
36,112,8.122
38,112,8.208
40,112,8.331
42,112,8.387
44,112,8.449
46,112,8.436
48,112,8.261
50,112,8.077
52,112,8.062
54,112,8.041
56,112,7.789
58,112,7.897
60,112,7.707
62,112,7.293
64,112,7.187
66,112,7.044
68,112,6.977
70,112,7.333
72,112,7.362
74,112,7.625
76,112,7.703
78,112,7.868
80,112,7.817
82,112,8.079
84,112,8.045
86,112,8.318
88,112,8.373
90,112,8.416
92,112,8.417
94,112,8.368
96,112,8.211
98,112,7.920
100,112,7.195
102,112,6.261
104,112,5.428
106,112,4.895
108,112,4.706
110,112,4.850
112,112,4.797
114,112,5.695
116,112,6.656
118,112,7.166
120,112,7.377
122,112,7.812
124,112,8.029
126,112,8.125
128,112,8.197
130,112,8.255
132,112,8.254
134,112,8.216
136,112,7.976
138,112,7.992
140,112,7.851
142,112,7.650
144,112,7.647
146,112,7.701
148,112,7.757
150,112,7.924
150,114,7.851
148,114,7.702
146,114,7.668
144,114,7.802
142,114,7.865
140,114,8.084
138,114,8.147
136,114,8.322
134,114,8.322
132,114,8.305
130,114,8.360
128,114,8.399
126,114,8.394
124,114,8.293
122,114,8.206
120,114,8.156
118,114,7.731
116,114,7.380
114,114,6.729
112,114,6.343
110,114,5.868
108,114,5.595
106,114,5.650
104,114,5.554
102,114,5.736
100,114,6.199
98,114,6.519
96,114,6.646
94,114,6.866
92,114,7.205
90,114,7.493
88,114,7.875
86,114,7.989
84,114,7.932
82,114,7.803
80,114,7.800
78,114,7.876
76,114,8.076
74,114,8.256
72,114,8.370
70,114,8.419
68,114,8.417
66,114,8.427
64,114,8.350
62,114,8.074
60,114,7.636
58,114,6.602
56,114,5.584
54,114,5.027
52,114,5.178
50,114,6.688
48,114,7.519
46,114,8.111
44,114,8.325
42,114,8.403
40,114,8.355
38,114,8.129
36,114,8.004
34,114,7.882
32,114,7.957
30,114,8.142
28,114,8.195
26,114,8.347
24,114,8.439
22,114,8.438
20,114,8.381
18,114,8.241
16,114,8.015
14,114,7.906
12,114,8.008
10,114,8.210
8,114,8.273
6,114,8.269
4,114,8.126
2,114,7.934
0,114,7.460
0,116,7.357
2,116,7.729
4,116,7.803
6,116,7.851
8,116,7.795
10,116,7.898
12,116,7.573
14,116,7.788
16,116,8.072
18,116,8.152
20,116,8.410
22,116,8.432
24,116,8.432
26,116,8.405
28,116,8.300
30,116,7.985
32,116,7.897
34,116,7.925
36,116,8.054
38,116,8.294
40,116,8.421
42,116,8.421
44,116,8.401
46,116,8.272
48,116,8.080
50,116,8.026
52,116,7.880
54,116,7.785
56,116,7.968
58,116,8.134
60,116,7.972
62,116,7.557
64,116,7.100
66,116,6.798
68,116,6.577
70,116,6.416
72,116,7.028
74,116,7.431
76,116,7.647
78,116,7.833
80,116,8.120
82,116,8.237
84,116,8.359
86,116,8.412
88,116,8.415
90,116,8.416
92,116,8.302
94,116,8.274
96,116,8.000
98,116,7.947
100,116,7.280
102,116,6.158
104,116,5.268
106,116,4.828
108,116,5.239
110,116,5.578
112,116,5.663
114,116,6.166
116,116,6.686
118,116,7.336
120,116,7.637
122,116,7.860
124,116,8.006
126,116,8.135
128,116,8.138
130,116,8.163
132,116,8.025
134,116,7.955
136,116,7.779
138,116,7.693
140,116,7.699
142,116,7.730
144,116,7.782
146,116,7.921
148,116,7.976
150,116,8.200
150,118,8.039
148,118,7.874
146,118,7.716
144,118,7.724
142,118,7.687
140,118,7.856
138,118,7.730
136,118,8.023
134,118,8.164
132,118,8.206
130,118,8.280
128,118,8.324
126,118,8.385
124,118,8.332
122,118,8.288
120,118,8.222
118,118,8.122
116,118,7.883
114,118,7.084
112,118,6.714
110,118,6.294
108,118,5.729
106,118,5.339
104,118,5.050
102,118,5.493
100,118,6.171
98,118,6.074
96,118,6.416
94,118,7.126
92,118,7.472
90,118,7.751
88,118,7.958
86,118,8.099
84,118,8.062
82,118,7.985
80,118,7.847
78,118,7.833
76,118,7.855
74,118,8.126
72,118,8.267
70,118,8.332
68,118,8.357
66,118,8.404
64,118,8.352
62,118,8.185
60,118,7.726
58,118,6.892
56,118,6.280
54,118,5.209
52,118,5.030
50,118,5.939
48,118,7.219
46,118,7.916
44,118,8.269
42,118,8.362
40,118,8.370
38,118,8.244
36,118,8.040
34,118,7.799
32,118,7.656
30,118,7.710
28,118,8.005
26,118,8.148
24,118,8.287
22,118,8.360
20,118,8.383
18,118,8.334
16,118,8.183
14,118,8.002
12,118,7.748
10,118,7.872
8,118,7.667
6,118,7.450
4,118,7.111
2,118,6.762
0,118,6.170
0,120,5.602
2,120,6.154
4,120,6.254
6,120,6.229
8,120,5.871
10,120,6.016
12,120,6.453
14,120,6.982
16,120,7.705
18,120,8.186
20,120,8.314
22,120,8.332
24,120,8.293
26,120,8.193
28,120,7.911
30,120,7.801
32,120,7.822
34,120,7.886
36,120,8.116
38,120,8.278
40,120,8.301
42,120,8.252
44,120,8.209
46,120,7.965
48,120,7.848
50,120,7.793
52,120,7.733
54,120,8.002
56,120,8.231
58,120,8.190
60,120,7.939
62,120,7.465
64,120,6.758
66,120,6.045
68,120,6.063
70,120,6.320
72,120,6.652
74,120,7.253
76,120,7.651
78,120,7.946
80,120,8.282
82,120,8.356
84,120,8.338
86,120,8.435
88,120,8.425
90,120,8.368
92,120,8.229
94,120,8.099
96,120,7.828
98,120,7.409
100,120,6.728
102,120,6.322
104,120,5.734
106,120,5.586
108,120,5.709
110,120,6.002
112,120,6.729
114,120,6.988
116,120,7.060
118,120,7.492
120,120,7.618
122,120,7.752
124,120,8.035
126,120,8.079
128,120,8.062
130,120,7.900
132,120,7.869
134,120,7.797
136,120,7.742
138,120,7.724
140,120,7.769
142,120,7.816
144,120,7.935
146,120,8.076
148,120,8.149
150,120,8.212
150,122,8.153
148,122,8.076
146,122,7.985
144,122,7.741
142,122,7.720
140,122,7.724
138,122,7.701
136,122,7.755
134,122,7.870
132,122,8.150
130,122,8.223
128,122,8.344
126,122,8.388
124,122,8.358
122,122,8.351
120,122,8.280
118,122,8.211
116,122,8.003
114,122,7.751
112,122,7.460
110,122,6.947
108,122,6.058
106,122,5.883
104,122,5.692
102,122,5.849
100,122,6.367
98,122,6.808
96,122,6.990
94,122,7.425
92,122,7.557
90,122,7.888
88,122,8.036
86,122,8.131
84,122,8.269
82,122,8.175
80,122,7.950
78,122,7.890
76,122,7.840
74,122,7.847
72,122,7.887
70,122,8.039
68,122,8.229
66,122,8.355
64,122,8.322
62,122,8.166
60,122,7.768
58,122,7.183
56,122,6.210
54,122,5.174
52,122,4.589
50,122,5.476
48,122,6.836
46,122,7.457
44,122,7.919
42,122,8.162
40,122,8.124
38,122,7.930
36,122,7.593
34,122,7.084
32,122,6.808
30,122,6.752
28,122,6.990
26,122,7.341
24,122,7.772
22,122,7.982
20,122,8.058
18,122,8.040
16,122,7.891
14,122,7.607
12,122,7.008
10,122,6.578
8,122,6.176
6,122,5.781
4,122,5.250
2,122,4.585
0,122,3.913
0,124,3.066
2,124,3.898
4,124,4.238
6,124,3.532
8,124,3.030
10,124,3.218
12,124,4.209
14,124,5.424
16,124,6.502
18,124,7.502
20,124,7.783
22,124,7.798
24,124,7.631
26,124,7.424
28,124,7.325
30,124,7.295
32,124,7.517
34,124,7.742
36,124,7.870
38,124,7.864
40,124,7.807
42,124,7.634
44,124,7.335
46,124,6.903
48,124,6.989
50,124,7.175
52,124,7.681
54,124,7.958
56,124,8.065
58,124,8.139
60,124,7.888
62,124,7.295
64,124,6.567
66,124,5.563
68,124,5.387
70,124,5.802
72,124,6.394
74,124,7.191
76,124,7.895
78,124,8.141
80,124,8.342
82,124,8.400
84,124,8.413
86,124,8.434
88,124,8.392
90,124,8.320
92,124,8.280
94,124,7.802
96,124,7.592
98,124,7.194
100,124,7.034
102,124,6.818
104,124,6.452
106,124,6.470
108,124,6.996
110,124,7.095
112,124,7.295
114,124,7.400
116,124,7.523
118,124,7.666
120,124,7.730
122,124,7.876
124,124,7.952
126,124,7.896
128,124,7.845
130,124,7.814
132,124,7.717
134,124,7.721
136,124,7.730
138,124,7.780
140,124,7.791
142,124,7.880
144,124,8.201
146,124,8.235
148,124,8.266
150,124,8.293
150,126,8.319
148,126,8.246
146,126,8.114
144,126,8.066
142,126,7.939
140,126,7.871
138,126,7.705
136,126,7.771
134,126,7.920
132,126,7.987
130,126,8.002
128,126,8.060
126,126,8.131
124,126,8.328
122,126,8.344
120,126,8.327
118,126,8.267
116,126,8.177
114,126,7.995
112,126,7.641
110,126,7.278
108,126,6.841
106,126,6.728
104,126,6.396
102,126,6.475
100,126,6.562
98,126,6.962
96,126,6.960
94,126,7.359
92,126,7.790
90,126,7.892
88,126,8.136
86,126,8.260
84,126,8.274
82,126,8.296
80,126,8.330
78,126,8.215
76,126,7.967
74,126,7.884
72,126,7.981
70,126,8.085
68,126,8.163
66,126,8.234
64,126,8.295
62,126,8.111
60,126,7.639
58,126,7.022
56,126,6.033
54,126,4.648
52,126,5.153
50,126,5.350
48,126,6.215
46,126,7.135
44,126,7.031
42,126,7.269
40,126,7.213
38,126,6.691
36,126,5.988
34,126,5.132
32,126,4.577
30,126,4.995
28,126,4.962
26,126,6.038
24,126,6.358
22,126,6.722
20,126,6.952
18,126,6.954
16,126,6.752
14,126,6.159
12,126,5.248
10,126,4.233
8,126,3.513
6,126,3.410
4,126,3.548
2,126,3.149
0,126,2.700
0,128,2.703
2,128,3.155
4,128,2.976
6,128,2.130
8,128,1.279
10,128,1.248
12,128,2.120
14,128,3.582
16,128,5.215
18,128,5.946
20,128,6.323
22,128,6.375
24,128,5.697
26,128,5.476
28,128,5.524
30,128,5.798
32,128,6.660
34,128,6.896
36,128,6.783
38,128,6.734
40,128,6.475
42,128,6.043
44,128,5.663
46,128,5.324
48,128,4.933
50,128,5.699
52,128,6.493
54,128,7.319
56,128,7.752
58,128,7.894
60,128,7.649
62,128,7.061
64,128,6.245
66,128,5.088
68,128,4.477
70,128,5.174
72,128,6.271
74,128,7.409
76,128,7.996
78,128,8.263
80,128,8.372
82,128,8.420
84,128,8.419
86,128,8.414
88,128,8.317
90,128,8.154
92,128,8.028
94,128,7.873
96,128,7.501
98,128,7.315
100,128,7.322
102,128,7.439
104,128,7.315
106,128,7.450
108,128,7.651
110,128,7.705
112,128,7.666
114,128,7.651
116,128,7.657
118,128,7.459
120,128,7.495
122,128,7.879
124,128,7.729
126,128,7.645
128,128,7.574
130,128,7.663
132,128,7.675
134,128,7.722
136,128,7.940
138,128,8.048
140,128,8.170
142,128,8.291
144,128,8.305
146,128,8.356
148,128,8.381
150,128,8.393
150,130,8.397
148,130,8.367
146,130,8.285
144,130,8.292
142,130,8.128
140,130,8.068
138,130,7.800
136,130,7.735
134,130,7.765
132,130,7.699
130,130,7.927
128,130,7.950
126,130,7.955
124,130,8.134
122,130,8.280
120,130,8.265
118,130,8.228
116,130,8.212
114,130,8.090
112,130,7.961
110,130,7.771
108,130,7.504
106,130,7.164
104,130,6.872
102,130,6.747
100,130,6.972
98,130,6.771
96,130,7.144
94,130,7.516
92,130,7.607
90,130,7.867
88,130,8.156
86,130,8.282
84,130,8.380
82,130,8.387
80,130,8.386
78,130,8.344
76,130,8.215
74,130,8.052
72,130,7.846
70,130,7.784
68,130,7.870
66,130,8.024
64,130,8.111
62,130,7.994
60,130,7.607
58,130,7.108
56,130,6.463
54,130,5.893
52,130,5.457
50,130,5.485
48,130,5.288
46,130,5.384
44,130,5.260
42,130,5.166
40,130,5.280
38,130,4.893
36,130,4.560
34,130,4.027
32,130,3.415
30,130,2.815
28,130,2.804
26,130,3.200
24,130,4.014
22,130,4.246
20,130,4.811
18,130,5.313
16,130,5.278
14,130,4.872
12,130,3.832
10,130,2.763
8,130,1.501
6,130,2.349
4,130,2.609
2,130,2.737
0,130,3.082
0,132,3.400
2,132,2.754
4,132,1.816
6,132,1.274
8,132,3.403
10,132,6.598
12,132,1.515
14,132,2.938
16,132,4.067
18,132,4.487
20,132,4.495
22,132,3.992
24,132,3.507
26,132,3.234
28,132,4.179
30,132,4.493
32,132,5.046
34,132,5.530
36,132,5.506
38,132,5.215
40,132,4.846
42,132,4.152
44,132,2.958
46,132,2.461
48,132,2.756
50,132,3.554
52,132,4.779
54,132,6.167
56,132,6.775
58,132,7.022
60,132,7.001
62,132,6.290
64,132,5.097
66,132,4.369
68,132,4.480
70,132,5.369
72,132,6.436
74,132,7.510
76,132,8.099
78,132,8.343
80,132,8.403
82,132,8.404
84,132,8.370
86,132,8.274
88,132,8.179
90,132,8.002
92,132,7.894
94,132,7.684
96,132,7.672
98,132,7.745
100,132,7.706
102,132,7.748
104,132,7.793
106,132,7.853
108,132,7.889
110,132,7.889
112,132,7.791
114,132,7.659
116,132,7.528
118,132,7.420
120,132,7.517
122,132,7.687
124,132,7.505
126,132,7.521
128,132,7.585
130,132,7.687
132,132,7.776
134,132,7.935
136,132,8.027
138,132,8.284
140,132,8.281
142,132,8.236
144,132,8.328
146,132,8.394
148,132,8.401
150,132,8.358
150,134,8.364
148,134,8.380
146,134,8.385
144,134,8.354
142,134,8.231
140,134,8.147
138,134,8.059
136,134,7.931
134,134,7.748
132,134,7.703
130,134,7.763
128,134,7.771
126,134,7.799
124,134,8.085
122,134,8.192
120,134,8.216
118,134,8.274
116,134,8.197
114,134,8.145
112,134,8.045
110,134,7.906
108,134,7.786
106,134,7.707
104,134,7.398
102,134,7.294
100,134,7.101
98,134,7.111
96,134,7.059
94,134,7.264
92,134,7.762
90,134,7.899
88,134,8.117
86,134,8.263
84,134,8.366
82,134,8.423
80,134,8.415
78,134,8.254
76,134,8.343
74,134,8.245
72,134,7.913
70,134,7.822
68,134,7.791
66,134,7.828
64,134,7.835
62,134,7.941
60,134,7.608
58,134,7.085
56,134,6.512
54,134,5.711
52,134,5.350
50,134,5.077
48,134,4.443
46,134,3.938
44,134,3.236
42,134,3.059
40,134,3.319
38,134,3.428
36,134,3.461
34,134,3.190
32,134,3.070
30,134,2.902
28,134,2.349
26,134,2.093
24,134,2.247
22,134,2.314
20,134,3.464
18,134,4.063
16,134,4.208
14,134,4.260
12,134,3.429
10,134,2.407
8,134,1.372
6,134,1.557
4,134,1.148
2,134,2.640
0,134,3.455
0,136,3.882
2,136,2.885
4,136,1.787
6,136,7.944
8,136,7.187
10,136,1.231
12,136,2.340
14,136,3.294
16,136,3.868
18,136,3.762
20,136,3.406
22,136,3.136
24,136,2.440
26,136,2.180
28,136,2.828
30,136,3.729
32,136,4.199
34,136,4.491
36,136,4.469
38,136,4.058
40,136,3.474
42,136,2.685
44,136,1.273
46,136,1.238
48,136,1.353
50,136,2.335
52,136,3.444
54,136,4.538
56,136,5.326
58,136,5.569
60,136,5.299
62,136,4.715
64,136,4.338
66,136,4.112
68,136,4.603
70,136,5.864
72,136,7.262
74,136,7.896
76,136,8.246
78,136,8.367
80,136,8.398
82,136,8.361
84,136,8.256
86,136,8.204
88,136,8.067
90,136,7.918
92,136,7.832
94,136,7.819
96,136,7.695
98,136,7.729
100,136,7.898
102,136,8.058
104,136,8.075
106,136,7.958
108,136,8.032
110,136,7.878
112,136,7.838
114,136,7.744
116,136,7.215
118,136,7.137
120,136,7.465
122,136,7.416
124,136,7.418
126,136,7.615
128,136,7.773
130,136,7.863
132,136,8.080
134,136,8.268
136,136,8.318
138,136,8.257
140,136,8.350
142,136,8.386
144,136,8.400
146,136,8.399
148,136,8.391
150,136,8.354
150,138,8.358
148,138,8.320
146,138,8.374
144,138,8.283
142,138,8.394
140,138,8.333
138,138,8.221
136,138,8.199
134,138,7.977
132,138,7.911
130,138,7.799
128,138,7.690
126,138,7.768
124,138,7.744
122,138,7.865
120,138,8.062
118,138,7.993
116,138,8.085
114,138,8.162
112,138,8.114
110,138,8.058
108,138,7.994
106,138,7.825
104,138,7.881
102,138,7.645
100,138,7.546
98,138,7.351
96,138,7.246
94,138,7.442
92,138,7.554
90,138,7.746
88,138,8.045
86,138,8.286
84,138,8.370
82,138,8.411
80,138,8.437
78,138,8.435
76,138,8.345
74,138,8.270
72,138,8.232
70,138,8.032
68,138,7.865
66,138,7.726
64,138,7.819
62,138,7.848
60,138,7.568
58,138,6.980
56,138,6.479
54,138,6.096
52,138,5.703
50,138,5.424
48,138,4.056
46,138,3.771
44,138,2.481
42,138,2.297
40,138,2.533
38,138,3.222
36,138,3.388
34,138,3.672
32,138,3.687
30,138,3.340
28,138,2.842
26,138,2.740
24,138,2.447
22,138,2.839
20,138,3.223
18,138,4.070
16,138,4.522
14,138,4.626
12,138,4.415
10,138,3.674
8,138,2.990
6,138,2.239
4,138,2.639
2,138,3.283
0,138,4.434
0,140,4.611
2,140,3.379
4,140,2.662
6,140,2.702
8,140,3.055
10,140,3.710
12,140,4.430
14,140,4.687
16,140,4.648
18,140,3.902
20,140,3.024
22,140,2.698
24,140,2.618
26,140,2.969
28,140,3.810
30,140,4.385
32,140,4.559
34,140,4.585
36,140,4.325
38,140,3.881
40,140,3.067
42,140,1.807
44,140,1.333
46,140,1.590
48,140,2.026
50,140,2.776
52,140,3.650
54,140,4.201
56,140,4.495
58,140,4.365
60,140,4.146
62,140,3.912
64,140,3.533
66,140,3.847
68,140,4.935
70,140,6.423
72,140,7.302
74,140,8.027
76,140,8.264
78,140,8.363
80,140,8.330
82,140,8.257
84,140,8.008
86,140,7.944
88,140,7.836
90,140,7.766
92,140,7.778
94,140,8.037
96,140,8.140
98,140,8.181
100,140,8.120
102,140,8.148
104,140,8.174
106,140,8.141
108,140,8.050
110,140,7.892
112,140,7.797
114,140,7.574
116,140,7.343
118,140,7.185
120,140,7.194
122,140,7.344
124,140,7.515
126,140,7.734
128,140,7.960
130,140,8.165
132,140,8.250
134,140,8.351
136,140,8.324
138,140,8.386
140,140,8.396
142,140,8.374
144,140,8.383
146,140,8.362
148,140,8.310
150,140,8.234
150,142,8.232
148,142,8.331
146,142,8.364
144,142,8.381
142,142,8.390
140,142,8.376
138,142,8.338
136,142,8.262
134,142,8.242
132,142,8.039
130,142,7.945
128,142,7.811
126,142,7.684
124,142,7.679
122,142,7.711
120,142,7.899
118,142,8.024
116,142,8.130
114,142,8.095
112,142,8.102
110,142,8.077
108,142,8.111
106,142,8.118
104,142,8.014
102,142,8.009
100,142,7.913
98,142,7.817
96,142,7.693
94,142,7.400
92,142,7.455
90,142,7.526
88,142,7.913
86,142,8.086
84,142,8.216
82,142,8.355
80,142,8.425
78,142,8.442
76,142,8.421
74,142,8.382
72,142,8.258
70,142,8.045
68,142,7.938
66,142,7.718
64,142,7.592
62,142,7.422
60,142,7.352
58,142,6.911
56,142,6.701
54,142,6.403
52,142,6.010
50,142,5.861
48,142,5.388
46,142,4.221
44,142,3.337
42,142,3.044
40,142,3.129
38,142,3.642
36,142,4.758
34,142,5.059
32,142,5.164
30,142,5.088
28,142,4.949
26,142,4.689
24,142,4.298
22,142,4.030
20,142,4.537
18,142,4.965
16,142,5.768
14,142,6.156
12,142,6.161
10,142,5.902
8,142,5.196
6,142,4.581
4,142,4.642
2,142,5.045
0,142,6.085
0,144,6.155
2,144,5.667
4,144,5.133
6,144,5.417
8,144,5.760
10,144,6.077
12,144,6.314
14,144,6.321
16,144,5.768
18,144,5.563
20,144,4.826
22,144,4.346
24,144,4.686
26,144,5.064
28,144,5.643
30,144,5.695
32,144,5.738
34,144,5.560
36,144,4.897
38,144,4.501
40,144,3.958
42,144,3.057
44,144,3.303
46,144,3.358
48,144,3.912
50,144,4.419
52,144,4.687
54,144,4.840
56,144,4.744
58,144,4.345
60,144,3.774
62,144,3.730
64,144,3.926
66,144,4.569
68,144,5.662
70,144,6.786
72,144,7.517
74,144,8.045
76,144,8.227
78,144,8.267
80,144,8.330
82,144,8.247
84,144,7.826
86,144,7.765
88,144,7.785
90,144,7.806
92,144,7.849
94,144,8.109
96,144,8.211
98,144,8.312
100,144,8.300
102,144,8.259
104,144,8.233
106,144,8.172
108,144,8.015
110,144,7.752
112,144,7.756
114,144,7.653
116,144,7.242
118,144,7.186
120,144,7.367
122,144,7.418
124,144,7.707
126,144,7.945
128,144,8.081
130,144,8.266
132,144,8.354
134,144,8.364
136,144,8.373
138,144,8.391
140,144,8.384
142,144,8.355
144,144,8.286
146,144,8.294
148,144,8.227
150,144,8.165
150,146,8.175
148,146,8.279
146,146,8.345
144,146,8.359
142,146,8.364
140,146,8.387
138,146,8.384
136,146,8.363
134,146,8.300
132,146,8.131
130,146,8.008
128,146,7.988
126,146,7.901
124,146,7.711
122,146,7.709
120,146,7.751
118,146,7.888
116,146,7.965
114,146,7.819
112,146,7.985
110,146,8.172
108,146,8.163
106,146,8.182
104,146,8.216
102,146,8.181
100,146,8.084
98,146,8.078
96,146,7.620
94,146,7.677
92,146,7.597
90,146,7.629
88,146,7.714
86,146,7.776
84,146,8.057
82,146,8.224
80,146,8.385
78,146,8.433
76,146,8.435
74,146,8.434
72,146,8.322
70,146,8.196
68,146,8.241
66,146,7.915
64,146,7.613
62,146,7.396
60,146,7.061
58,146,6.993
56,146,7.025
54,146,6.981
52,146,6.907
50,146,6.872
48,146,6.633
46,146,5.965
44,146,5.247
42,146,4.854
40,146,4.907
38,146,5.463
36,146,6.157
34,146,6.567
32,146,6.801
30,146,6.970
28,146,6.949
26,146,6.979
24,146,6.570
22,146,6.106
20,146,6.093
18,146,6.452
16,146,6.936
14,146,7.484
12,146,7.571
10,146,7.548
8,146,7.363
6,146,6.985
4,146,6.696
2,146,6.882
0,146,7.428
0,148,7.496
2,148,7.044
4,148,7.060
6,148,7.264
8,148,7.569
10,148,7.709
12,148,7.674
14,148,7.634
16,148,7.405
18,148,6.644
20,148,6.460
22,148,6.423
24,148,6.689
26,148,7.045
28,148,7.217
30,148,7.169
32,148,7.148
34,148,6.750
36,148,6.538
38,148,5.858
40,148,5.407
42,148,5.669
44,148,5.499
46,148,5.737
48,148,6.189
50,148,6.238
52,148,6.197
54,148,6.221
56,148,5.957
58,148,5.710
60,148,5.124
62,148,4.916
64,148,5.120
66,148,5.767
68,148,6.249
70,148,7.192
72,148,7.739
74,148,8.114
76,148,8.259
78,148,8.236
80,148,8.189
82,148,8.052
84,148,7.863
86,148,7.772
88,148,7.832
90,148,7.923
92,148,8.251
94,148,8.308
96,148,8.344
98,148,8.359
100,148,8.336
102,148,8.285
104,148,8.252
106,148,8.168
108,148,8.094
110,148,7.834
112,148,7.694
114,148,7.530
116,148,7.340
118,148,7.353
120,148,7.513
122,148,7.662
124,148,7.962
126,148,8.119
128,148,8.280
130,148,8.339
132,148,8.385
134,148,8.382
136,148,8.394
138,148,8.364
140,148,8.333
142,148,8.268
144,148,8.220
146,148,8.210
148,148,7.984
150,148,7.882
150,150,7.843
148,150,8.187
146,150,8.223
144,150,8.316
142,150,8.337
140,150,8.380
138,150,8.365
136,150,8.338
134,150,8.266
132,150,8.309
130,150,8.247
128,150,8.151
126,150,7.811
124,150,7.799
122,150,7.778
120,150,7.653
118,150,7.664
116,150,7.912
114,150,7.869
112,150,7.898
110,150,8.135
108,150,8.225
106,150,8.287
104,150,8.311
102,150,8.297
100,150,8.264
98,150,8.236
96,150,8.018
94,150,7.882
92,150,7.877
90,150,7.660
88,150,7.694
86,150,7.789
84,150,7.905
82,150,8.219
80,150,8.296
78,150,8.399
76,150,8.432
74,150,8.424
72,150,8.403
70,150,8.321
68,150,8.187
66,150,8.122
64,150,7.852
62,150,7.532
60,150,7.480
58,150,7.255
56,150,7.079
54,150,7.482
52,150,7.698
50,150,7.708
48,150,7.569
46,150,7.428
44,150,7.267
42,150,6.860
40,150,6.625
38,150,6.910
36,150,7.349
34,150,7.781
32,150,7.858
30,150,7.962
28,150,8.050
26,150,8.018
24,150,7.887
22,150,7.467
20,150,7.413
18,150,7.580
16,150,7.856
14,150,8.113
12,150,8.180
10,150,8.213
8,150,8.001
6,150,7.685
4,150,7.656
2,150,7.584
0,150,7.900
