0,0,1.630
2,0,1.623
4,0,1.622
6,0,1.623
8,0,1.625
10,0,1.630
12,0,1.630
14,0,1.629
16,0,1.625
18,0,1.627
20,0,1.626
22,0,1.629
24,0,1.637
26,0,1.644
28,0,1.654
30,0,1.657
32,0,1.662
34,0,1.665
36,0,1.670
38,0,1.673
40,0,1.691
42,0,1.705
44,0,1.705
46,0,1.716
48,0,1.724
50,0,1.739
52,0,1.745
54,0,1.762
56,0,1.772
58,0,1.767
60,0,1.777
62,0,1.792
64,0,1.828
66,0,1.840
68,0,1.860
70,0,1.872
72,0,1.895
74,0,1.936
76,0,1.925
78,0,1.919
80,0,1.934
82,0,1.943
84,0,1.965
86,0,1.980
88,0,1.992
90,0,1.997
92,0,2.014
94,0,2.017
96,0,2.047
98,0,2.062
100,0,2.099
102,0,2.145
104,0,2.155
106,0,2.185
108,0,2.208
110,0,2.234
112,0,2.252
114,0,2.274
116,0,2.299
118,0,2.316
120,0,2.346
122,0,2.353
124,0,2.381
126,0,2.409
128,0,2.444
130,0,2.465
132,0,2.493
134,0,2.513
136,0,2.536
138,0,2.562
140,0,2.589
142,0,2.608
144,0,2.623
146,0,2.653
148,0,2.668
150,0,2.693
150,2,2.759
148,2,2.721
146,2,2.706
144,2,2.684
142,2,2.665
140,2,2.630
138,2,2.617
136,2,2.588
134,2,2.544
132,2,2.525
130,2,2.501
128,2,2.464
126,2,2.432
124,2,2.408
122,2,2.379
120,2,2.356
118,2,2.327
116,2,2.292
114,2,2.258
112,2,2.232
110,2,2.209
108,2,2.182
106,2,2.149
104,2,2.124
102,2,2.128
100,2,2.110
98,2,2.078
96,2,2.063
94,2,2.044
92,2,2.023
90,2,2.005
88,2,1.984
86,2,1.960
84,2,1.935
82,2,1.914
80,2,1.893
78,2,1.867
76,2,1.866
74,2,1.859
72,2,1.840
70,2,1.839
68,2,1.832
66,2,1.824
64,2,1.810
62,2,1.799
60,2,1.794
58,2,1.796
56,2,1.780
54,2,1.764
52,2,1.750
50,2,1.736
48,2,1.721
46,2,1.702
44,2,1.687
42,2,1.671
40,2,1.668
38,2,1.667
36,2,1.663
34,2,1.656
32,2,1.646
30,2,1.637
28,2,1.628
26,2,1.622
24,2,1.618
22,2,1.615
20,2,1.616
18,2,1.617
16,2,1.621
14,2,1.623
12,2,1.624
10,2,1.627
8,2,1.630
6,2,1.639
4,2,1.654
2,2,1.671
0,2,1.686
0,4,1.665
2,4,1.660
4,4,1.652
6,4,1.646
8,4,1.642
10,4,1.635
12,4,1.623
14,4,1.616
16,4,1.615
18,4,1.616
20,4,1.616
22,4,1.618
24,4,1.620
26,4,1.621
28,4,1.622
30,4,1.621
32,4,1.622
34,4,1.622
36,4,1.626
38,4,1.632
40,4,1.638
42,4,1.641
44,4,1.647
46,4,1.651
48,4,1.666
50,4,1.674
52,4,1.671
54,4,1.670
56,4,1.679
58,4,1.685
60,4,1.695
62,4,1.713
64,4,1.724
66,4,1.735
68,4,1.754
70,4,1.769
72,4,1.779
74,4,1.780
76,4,1.785
78,4,1.797
80,4,1.797
82,4,1.812
84,4,1.826
86,4,1.833
88,4,1.834
90,4,1.829
92,4,1.836
94,4,1.857
96,4,1.884
98,4,1.903
100,4,1.922
102,4,1.960
104,4,1.976
106,4,1.994
108,4,2.012
110,4,2.030
112,4,2.048
114,4,2.072
116,4,2.076
118,4,2.085
120,4,2.108
122,4,2.138
124,4,2.173
126,4,2.200
128,4,2.215
130,4,2.238
132,4,2.270
134,4,2.303
136,4,2.325
138,4,2.339
140,4,2.367
142,4,2.402
144,4,2.435
146,4,2.447
148,4,2.448
150,4,2.481
150,6,2.559
148,6,2.547
146,6,2.542
144,6,2.504
142,6,2.475
140,6,2.447
138,6,2.423
136,6,2.413
134,6,2.384
132,6,2.365
130,6,2.310
128,6,2.283
126,6,2.279
124,6,2.254
122,6,2.218
120,6,2.169
118,6,2.136
116,6,2.113
114,6,2.098
112,6,2.067
110,6,2.047
108,6,2.054
106,6,2.054
104,6,2.038
102,6,2.011
100,6,1.995
98,6,1.987
96,6,1.950
94,6,1.937
92,6,1.924
90,6,1.918
88,6,1.902
86,6,1.877
84,6,1.872
82,6,1.850
80,6,1.832
78,6,1.814
76,6,1.796
74,6,1.798
72,6,1.789
70,6,1.789
68,6,1.786
66,6,1.775
64,6,1.762
62,6,1.761
60,6,1.749
58,6,1.736
56,6,1.729
54,6,1.717
52,6,1.710
50,6,1.698
48,6,1.688
46,6,1.676
44,6,1.660
42,6,1.649
40,6,1.645
38,6,1.645
36,6,1.641
34,6,1.633
32,6,1.625
30,6,1.619
28,6,1.614
26,6,1.612
24,6,1.613
22,6,1.615
20,6,1.619
18,6,1.624
16,6,1.630
14,6,1.636
12,6,1.639
10,6,1.639
8,6,1.644
6,6,1.659
4,6,1.685
2,6,1.698
0,6,1.710
0,8,1.687
2,8,1.680
4,8,1.674
6,8,1.668
8,8,1.659
10,8,1.651
12,8,1.643
14,8,1.631
16,8,1.622
18,8,1.618
20,8,1.619
22,8,1.622
24,8,1.622
26,8,1.621
28,8,1.620
30,8,1.619
32,8,1.618
34,8,1.618
36,8,1.620
38,8,1.623
40,8,1.626
42,8,1.631
44,8,1.635
46,8,1.642
48,8,1.649
50,8,1.664
52,8,1.668
54,8,1.670
56,8,1.675
58,8,1.678
60,8,1.686
62,8,1.700
64,8,1.712
66,8,1.727
68,8,1.737
70,8,1.752
72,8,1.768
74,8,1.773
76,8,1.776
78,8,1.783
80,8,1.789
82,8,1.799
84,8,1.811
86,8,1.814
88,8,1.815
90,8,1.823
92,8,1.836
94,8,1.847
96,8,1.875
98,8,1.897
100,8,1.913
102,8,1.924
104,8,1.944
106,8,1.955
108,8,1.970
110,8,1.989
112,8,2.001
114,8,2.023
116,8,2.037
118,8,2.057
120,8,2.070
122,8,2.086
124,8,2.106
126,8,2.127
128,8,2.149
130,8,2.195
132,8,2.233
134,8,2.254
136,8,2.275
138,8,2.299
140,8,2.315
142,8,2.329
144,8,2.356
146,8,2.395
148,8,2.413
150,8,2.433
150,10,2.538
148,10,2.508
146,10,2.491
144,10,2.465
142,10,2.445
140,10,2.439
138,10,2.413
136,10,2.383
134,10,2.352
132,10,2.333
130,10,2.290
128,10,2.277
126,10,2.255
124,10,2.211
122,10,2.171
120,10,2.153
118,10,2.132
116,10,2.094
114,10,2.070
112,10,2.081
110,10,2.065
108,10,2.028
106,10,2.025
104,10,2.016
102,10,1.992
100,10,1.964
98,10,1.973
96,10,1.962
94,10,1.946
92,10,1.935
90,10,1.928
88,10,1.908
86,10,1.888
84,10,1.876
82,10,1.858
80,10,1.841
78,10,1.823
76,10,1.811
74,10,1.803
72,10,1.806
70,10,1.804
68,10,1.792
66,10,1.772
64,10,1.761
62,10,1.746
60,10,1.737
58,10,1.736
56,10,1.732
54,10,1.725
52,10,1.715
50,10,1.700
48,10,1.691
46,10,1.681
44,10,1.671
42,10,1.661
40,10,1.650
38,10,1.640
36,10,1.635
34,10,1.632
32,10,1.627
30,10,1.623
28,10,1.621
26,10,1.617
24,10,1.614
22,10,1.615
20,10,1.617
18,10,1.624
16,10,1.630
14,10,1.636
12,10,1.643
10,10,1.637
8,10,1.648
6,10,1.673
4,10,1.688
2,10,1.698
0,10,1.709
0,12,1.680
2,12,1.678
4,12,1.670
6,12,1.657
8,12,1.653
10,12,1.646
12,12,1.636
14,12,1.631
16,12,1.622
18,12,1.616
20,12,1.615
22,12,1.620
24,12,1.624
26,12,1.625
28,12,1.622
30,12,1.620
32,12,1.618
34,12,1.619
36,12,1.621
38,12,1.624
40,12,1.631
42,12,1.635
44,12,1.642
46,12,1.646
48,12,1.659
50,12,1.663
52,12,1.667
54,12,1.678
56,12,1.691
58,12,1.701
60,12,1.707
62,12,1.714
64,12,1.730
66,12,1.740
68,12,1.757
70,12,1.767
72,12,1.776
74,12,1.779
76,12,1.786
78,12,1.796
80,12,1.806
82,12,1.829
84,12,1.844
86,12,1.849
88,12,1.836
90,12,1.849
92,12,1.860
94,12,1.884
96,12,1.902
98,12,1.928
100,12,1.943
102,12,1.961
104,12,1.980
106,12,1.988
108,12,1.991
110,12,2.003
112,12,2.022
114,12,2.058
116,12,2.103
118,12,2.087
120,12,2.104
122,12,2.107
124,12,2.119
126,12,2.143
128,12,2.158
130,12,2.196
132,12,2.249
134,12,2.299
136,12,2.312
138,12,2.315
140,12,2.339
142,12,2.370
144,12,2.403
146,12,2.431
148,12,2.467
150,12,2.449
150,14,2.548
148,14,2.493
146,14,2.457
144,14,2.463
142,14,2.469
140,14,2.441
138,14,2.422
136,14,2.410
134,14,2.388
132,14,2.343
130,14,2.314
128,14,2.286
126,14,2.286
124,14,2.282
122,14,2.249
120,14,2.211
118,14,2.183
116,14,2.157
114,14,2.138
112,14,2.113
110,14,2.107
108,14,2.098
106,14,2.073
104,14,2.051
102,14,2.033
100,14,2.018
98,14,2.010
96,14,2.004
94,14,1.988
92,14,1.976
90,14,1.961
88,14,1.942
86,14,1.922
84,14,1.905
82,14,1.882
80,14,1.866
78,14,1.861
76,14,1.855
74,14,1.852
72,14,1.843
70,14,1.836
68,14,1.816
66,14,1.794
64,14,1.771
62,14,1.763
60,14,1.759
58,14,1.754
56,14,1.747
54,14,1.748
52,14,1.735
50,14,1.720
48,14,1.707
46,14,1.695
44,14,1.684
42,14,1.672
40,14,1.660
38,14,1.651
36,14,1.648
34,14,1.649
32,14,1.646
30,14,1.640
28,14,1.636
26,14,1.628
24,14,1.619
22,14,1.614
20,14,1.613
18,14,1.618
16,14,1.626
14,14,1.628
12,14,1.627
10,14,1.629
8,14,1.639
6,14,1.654
4,14,1.667
2,14,1.676
0,14,1.685
0,16,1.667
2,16,1.657
4,16,1.653
6,16,1.647
8,16,1.643
10,16,1.640
12,16,1.635
14,16,1.627
16,16,1.621
18,16,1.616
20,16,1.615
22,16,1.616
24,16,1.620
26,16,1.624
28,16,1.625
30,16,1.623
32,16,1.623
34,16,1.630
36,16,1.635
38,16,1.644
40,16,1.655
42,16,1.665
44,16,1.672
46,16,1.682
48,16,1.683
50,16,1.682
52,16,1.689
54,16,1.702
56,16,1.717
58,16,1.727
60,16,1.740
62,16,1.755
64,16,1.764
66,16,1.775
68,16,1.793
70,16,1.802
72,16,1.809
74,16,1.815
76,16,1.819
78,16,1.827
80,16,1.843
82,16,1.868
84,16,1.894
86,16,1.904
88,16,1.905
90,16,1.915
92,16,1.917
94,16,1.934
96,16,1.960
98,16,1.987
100,16,1.998
102,16,2.011
104,16,2.033
106,16,2.062
108,16,2.061
110,16,2.078
112,16,2.099
114,16,2.115
116,16,2.134
118,16,2.146
120,16,2.165
122,16,2.179
124,16,2.206
126,16,2.243
128,16,2.266
130,16,2.279
132,16,2.304
134,16,2.323
136,16,2.366
138,16,2.394
140,16,2.416
142,16,2.425
144,16,2.454
146,16,2.478
148,16,2.483
150,16,2.510
150,18,2.619
148,18,2.612
146,18,2.598
144,18,2.567
142,18,2.555
140,18,2.528
138,18,2.507
136,18,2.491
134,18,2.455
132,18,2.432
130,18,2.412
128,18,2.386
126,18,2.352
124,18,2.332
122,18,2.303
120,18,2.277
118,18,2.257
116,18,2.241
114,18,2.210
112,18,2.193
110,18,2.186
108,18,2.165
106,18,2.148
104,18,2.126
102,18,2.113
100,18,2.096
98,18,2.085
96,18,2.067
94,18,2.054
92,18,2.032
90,18,2.022
88,18,2.003
86,18,1.984
84,18,1.973
82,18,1.962
80,18,1.948
78,18,1.936
76,18,1.927
74,18,1.928
72,18,1.917
70,18,1.901
68,18,1.876
66,18,1.855
64,18,1.833
62,18,1.825
60,18,1.812
58,18,1.802
56,18,1.790
54,18,1.789
52,18,1.778
50,18,1.759
48,18,1.750
46,18,1.736
44,18,1.716
42,18,1.698
40,18,1.682
38,18,1.679
36,18,1.676
34,18,1.673
32,18,1.670
30,18,1.666
28,18,1.655
26,18,1.642
24,18,1.632
22,18,1.623
20,18,1.617
18,18,1.617
16,18,1.620
14,18,1.619
12,18,1.618
10,18,1.620
8,18,1.627
6,18,1.638
4,18,1.644
2,18,1.646
0,18,1.650
0,20,1.635
2,20,1.632
4,20,1.629
6,20,1.627
8,20,1.626
10,20,1.624
12,20,1.625
14,20,1.623
16,20,1.622
18,20,1.621
20,20,1.622
22,20,1.624
24,20,1.627
26,20,1.630
28,20,1.634
30,20,1.636
32,20,1.639
34,20,1.649
36,20,1.661
38,20,1.675
40,20,1.690
42,20,1.700
44,20,1.712
46,20,1.721
48,20,1.725
50,20,1.727
52,20,1.734
54,20,1.742
56,20,1.761
58,20,1.778
60,20,1.791
62,20,1.812
64,20,1.826
66,20,1.845
68,20,1.859
70,20,1.861
72,20,1.865
74,20,1.885
76,20,1.903
78,20,1.908
80,20,1.927
82,20,1.954
84,20,1.980
86,20,1.997
88,20,2.008
90,20,2.026
92,20,2.032
94,20,2.054
96,20,2.069
98,20,2.079
100,20,2.090
102,20,2.103
104,20,2.129
106,20,2.154
108,20,2.173
110,20,2.182
112,20,2.197
114,20,2.223
116,20,2.253
118,20,2.269
120,20,2.291
122,20,2.307
124,20,2.327
126,20,2.349
128,20,2.374
130,20,2.398
132,20,2.420
134,20,2.442
136,20,2.467
138,20,2.507
140,20,2.546
142,20,2.571
144,20,2.592
146,20,2.612
148,20,2.617
150,20,2.652
150,22,2.742
148,22,2.729
146,22,2.719
144,22,2.696
142,22,2.684
140,22,2.671
138,22,2.635
136,22,2.596
134,22,2.563
132,22,2.542
130,22,2.503
128,22,2.478
126,22,2.450
124,22,2.415
122,22,2.388
120,22,2.365
118,22,2.352
116,22,2.327
114,22,2.306
112,22,2.285
110,22,2.274
108,22,2.274
106,22,2.265
104,22,2.248
102,22,2.217
100,22,2.206
98,22,2.205
96,22,2.190
94,22,2.161
92,22,2.149
90,22,2.134
88,22,2.113
86,22,2.097
84,22,2.083
82,22,2.065
80,22,2.054
78,22,2.039
76,22,2.022
74,22,2.008
72,22,2.000
70,22,1.998
68,22,1.987
66,22,1.957
64,22,1.934
62,22,1.916
60,22,1.894
58,22,1.875
56,22,1.871
54,22,1.872
52,22,1.856
50,22,1.836
48,22,1.817
46,22,1.796
44,22,1.779
42,22,1.756
40,22,1.736
38,22,1.726
36,22,1.717
34,22,1.712
32,22,1.705
30,22,1.693
28,22,1.676
26,22,1.667
24,22,1.658
22,22,1.644
20,22,1.634
18,22,1.629
16,22,1.623
14,22,1.619
12,22,1.622
10,22,1.626
8,22,1.623
6,22,1.619
4,22,1.620
2,22,1.621
0,22,1.623
0,24,1.616
2,24,1.614
4,24,1.613
6,24,1.615
8,24,1.617
10,24,1.619
12,24,1.621
14,24,1.626
16,24,1.633
18,24,1.642
20,24,1.646
22,24,1.647
24,24,1.647
26,24,1.647
28,24,1.656
30,24,1.671
32,24,1.682
34,24,1.688
36,24,1.700
38,24,1.714
40,24,1.725
42,24,1.738
44,24,1.755
46,24,1.769
48,24,1.779
50,24,1.792
52,24,1.802
54,24,1.811
56,24,1.824
58,24,1.836
60,24,1.858
62,24,1.881
64,24,1.906
66,24,1.926
68,24,1.945
70,24,1.958
72,24,1.963
74,24,1.972
76,24,1.991
78,24,2.017
80,24,2.038
82,24,2.058
84,24,2.076
86,24,2.091
88,24,2.099
90,24,2.111
92,24,2.129
94,24,2.146
96,24,2.166
98,24,2.184
100,24,2.201
102,24,2.218
104,24,2.243
106,24,2.260
108,24,2.299
110,24,2.308
112,24,2.313
114,24,2.329
116,24,2.349
118,24,2.375
120,24,2.384
122,24,2.392
124,24,2.401
126,24,2.427
128,24,2.457
130,24,2.474
132,24,2.501
134,24,2.538
136,24,2.576
138,24,2.608
140,24,2.642
142,24,2.680
144,24,2.709
146,24,2.738
148,24,2.770
150,24,2.814
150,26,2.893
148,26,2.876
146,26,2.860
144,26,2.838
142,26,2.814
140,26,2.785
138,26,2.766
136,26,2.733
134,26,2.689
132,26,2.647
130,26,2.623
128,26,2.598
126,26,2.557
124,26,2.510
122,26,2.466
120,26,2.436
118,26,2.409
116,26,2.389
114,26,2.380
112,26,2.374
110,26,2.367
108,26,2.361
106,26,2.359
104,26,2.350
102,26,2.343
100,26,2.333
98,26,2.321
96,26,2.307
94,26,2.301
92,26,2.288
90,26,2.275
88,26,2.260
86,26,2.240
84,26,2.220
82,26,2.203
80,26,2.181
78,26,2.154
76,26,2.140
74,26,2.126
72,26,2.120
70,26,2.109
68,26,2.084
66,26,2.063
64,26,2.047
62,26,2.022
60,26,2.001
58,26,1.970
56,26,1.957
54,26,1.956
52,26,1.944
50,26,1.937
48,26,1.914
46,26,1.887
44,26,1.857
42,26,1.832
40,26,1.809
38,26,1.797
36,26,1.788
34,26,1.767
32,26,1.749
30,26,1.734
28,26,1.725
26,26,1.717
24,26,1.704
22,26,1.684
20,26,1.668
18,26,1.660
16,26,1.652
14,26,1.645
12,26,1.643
10,26,1.642
8,26,1.633
6,26,1.625
4,26,1.619
2,26,1.616
0,26,1.615
0,28,1.619
2,28,1.620
4,28,1.622
6,28,1.625
8,28,1.631
10,28,1.638
12,28,1.643
14,28,1.651
16,28,1.665
18,28,1.671
20,28,1.680
22,28,1.685
24,28,1.693
26,28,1.703
28,28,1.705
30,28,1.714
32,28,1.733
34,28,1.740
36,28,1.756
38,28,1.777
40,28,1.797
42,28,1.813
44,28,1.820
46,28,1.838
48,28,1.863
50,28,1.877
52,28,1.890
54,28,1.901
56,28,1.916
58,28,1.940
60,28,1.966
62,28,1.991
64,28,2.018
66,28,2.045
68,28,2.064
70,28,2.075
72,28,2.083
74,28,2.089
76,28,2.103
78,28,2.125
80,28,2.170
82,28,2.193
84,28,2.212
86,28,2.218
88,28,2.219
90,28,2.234
92,28,2.255
94,28,2.283
96,28,2.309
98,28,2.333
100,28,2.349
102,28,2.376
104,28,2.398
106,28,2.410
108,28,2.420
110,28,2.436
112,28,2.447
114,28,2.460
116,28,2.469
118,28,2.470
120,28,2.469
122,28,2.470
124,28,2.479
126,28,2.507
128,28,2.526
130,28,2.553
132,28,2.619
134,28,2.669
136,28,2.708
138,28,2.744
140,28,2.780
142,28,2.815
144,28,2.842
146,28,2.883
148,28,2.925
150,28,2.950
150,30,3.045
148,30,3.019
146,30,2.993
144,30,2.976
142,30,2.948
140,30,2.924
138,30,2.908
136,30,2.879
134,30,2.851
132,30,2.811
130,30,2.771
128,30,2.733
126,30,2.689
124,30,2.642
122,30,2.587
120,30,2.550
118,30,2.543
116,30,2.538
114,30,2.519
112,30,2.518
110,30,2.524
108,30,2.527
106,30,2.524
104,30,2.498
102,30,2.483
100,30,2.478
98,30,2.462
96,30,2.452
94,30,2.457
92,30,2.454
90,30,2.436
88,30,2.404
86,30,2.391
84,30,2.378
82,30,2.363
80,30,2.342
78,30,2.314
76,30,2.289
74,30,2.270
72,30,2.254
70,30,2.232
68,30,2.214
66,30,2.192
64,30,2.161
62,30,2.134
60,30,2.103
58,30,2.083
56,30,2.076
54,30,2.077
52,30,2.065
50,30,2.046
48,30,2.027
46,30,2.004
44,30,1.979
42,30,1.942
40,30,1.928
38,30,1.910
36,30,1.882
34,30,1.862
32,30,1.841
30,30,1.823
28,30,1.800
26,30,1.780
24,30,1.760
22,30,1.738
20,30,1.723
18,30,1.713
16,30,1.705
14,30,1.694
12,30,1.682
10,30,1.673
8,30,1.665
6,30,1.656
4,30,1.644
2,30,1.634
0,30,1.630
0,32,1.642
2,32,1.646
4,32,1.655
6,32,1.663
8,32,1.671
10,32,1.677
12,32,1.686
14,32,1.697
16,32,1.711
18,32,1.727
20,32,1.736
22,32,1.735
24,32,1.749
26,32,1.777
28,32,1.787
30,32,1.791
32,32,1.799
34,32,1.816
36,32,1.841
38,32,1.870
40,32,1.885
42,32,1.897
44,32,1.919
46,32,1.935
48,32,1.958
50,32,1.986
52,32,2.013
54,32,2.030
56,32,2.046
58,32,2.062
60,32,2.096
62,32,2.125
64,32,2.145
66,32,2.171
68,32,2.189
70,32,2.199
72,32,2.205
74,32,2.219
76,32,2.248
78,32,2.268
80,32,2.309
82,32,2.331
84,32,2.345
86,32,2.379
88,32,2.393
90,32,2.403
92,32,2.412
94,32,2.441
96,32,2.473
98,32,2.503
100,32,2.520
102,32,2.534
104,32,2.550
106,32,2.567
108,32,2.583
110,32,2.590
112,32,2.605
114,32,2.627
116,32,2.643
118,32,2.657
120,32,2.658
122,32,2.655
124,32,2.656
126,32,2.664
128,32,2.685
130,32,2.722
132,32,2.772
134,32,2.823
136,32,2.857
138,32,2.905
140,32,2.957
142,32,2.978
144,32,3.023
146,32,3.063
148,32,3.078
150,32,3.096
150,34,3.193
148,34,3.187
146,34,3.159
144,34,3.131
142,34,3.111
140,34,3.095
138,34,3.074
136,34,3.037
134,34,3.007
132,34,2.961
130,34,2.924
128,34,2.884
126,34,2.855
124,34,2.831
122,34,2.813
120,34,2.788
118,34,2.767
116,34,2.759
114,34,2.765
112,34,2.772
110,34,2.768
108,34,2.746
106,34,2.728
104,34,2.708
102,34,2.683
100,34,2.666
98,34,2.651
96,34,2.631
94,34,2.622
92,34,2.612
90,34,2.599
88,34,2.583
86,34,2.573
84,34,2.552
82,34,2.530
80,34,2.495
78,34,2.478
76,34,2.458
74,34,2.439
72,34,2.410
70,34,2.384
68,34,2.359
66,34,2.315
64,34,2.270
62,34,2.235
60,34,2.222
58,34,2.219
56,34,2.211
54,34,2.208
52,34,2.198
50,34,2.187
48,34,2.164
46,34,2.133
44,34,2.107
42,34,2.082
40,34,2.054
38,34,2.030
36,34,1.999
34,34,1.969
32,34,1.957
30,34,1.941
28,34,1.902
26,34,1.874
24,34,1.846
22,34,1.824
20,34,1.806
18,34,1.785
16,34,1.768
14,34,1.751
12,34,1.741
10,34,1.727
8,34,1.717
6,34,1.706
4,34,1.687
2,34,1.670
0,34,1.662
0,36,1.682
2,36,1.689
4,36,1.705
6,36,1.714
8,36,1.728
10,36,1.736
12,36,1.746
14,36,1.761
16,36,1.785
18,36,1.796
20,36,1.805
22,36,1.813
24,36,1.824
26,36,1.848
28,36,1.869
30,36,1.890
32,36,1.905
34,36,1.906
36,36,1.930
38,36,1.963
40,36,1.990
42,36,2.000
44,36,2.027
46,36,2.064
48,36,2.082
50,36,2.093
52,36,2.118
54,36,2.159
56,36,2.196
58,36,2.212
60,36,2.233
62,36,2.260
64,36,2.284
66,36,2.315
68,36,2.329
70,36,2.327
72,36,2.321
74,36,2.329
76,36,2.345
78,36,2.363
80,36,2.407
82,36,2.448
84,36,2.488
86,36,2.528
88,36,2.553
90,36,2.571
92,36,2.589
94,36,2.619
96,36,2.644
98,36,2.667
100,36,2.686
102,36,2.700
104,36,2.722
106,36,2.732
108,36,2.744
110,36,2.768
112,36,2.785
114,36,2.816
116,36,2.844
118,36,2.863
120,36,2.885
122,36,2.904
124,36,2.906
126,36,2.904
128,36,2.907
130,36,2.927
132,36,2.951
134,36,2.977
136,36,3.022
138,36,3.063
140,36,3.097
142,36,3.132
144,36,3.172
146,36,3.212
148,36,3.241
150,36,3.265
150,38,3.345
148,38,3.336
146,38,3.325
144,38,3.304
142,38,3.273
140,38,3.239
138,38,3.216
136,38,3.186
134,38,3.148
132,38,3.124
130,38,3.093
128,38,3.066
126,38,3.052
124,38,3.038
122,38,3.022
120,38,3.010
118,38,3.000
116,38,2.996
114,38,2.999
112,38,2.990
110,38,2.969
108,38,2.948
106,38,2.930
104,38,2.909
102,38,2.883
100,38,2.861
98,38,2.845
96,38,2.809
94,38,2.792
92,38,2.778
90,38,2.770
88,38,2.758
86,38,2.727
84,38,2.707
82,38,2.699
80,38,2.680
78,38,2.653
76,38,2.620
74,38,2.598
72,38,2.581
70,38,2.545
68,38,2.507
66,38,2.459
64,38,2.417
62,38,2.395
60,38,2.385
58,38,2.376
56,38,2.382
54,38,2.376
52,38,2.360
50,38,2.336
48,38,2.301
46,38,2.288
44,38,2.265
42,38,2.227
40,38,2.206
38,38,2.180
36,38,2.135
34,38,2.090
32,38,2.082
30,38,2.061
28,38,2.029
26,38,2.003
24,38,1.977
22,38,1.952
20,38,1.930
18,38,1.911
16,38,1.880
14,38,1.852
12,38,1.831
10,38,1.806
8,38,1.792
6,38,1.780
4,38,1.760
2,38,1.739
0,38,1.726
0,40,1.755
2,40,1.752
4,40,1.769
6,40,1.787
8,40,1.809
10,40,1.836
12,40,1.856
14,40,1.863
16,40,1.881
18,40,1.898
20,40,1.907
22,40,1.933
24,40,1.958
26,40,1.973
28,40,1.997
30,40,2.026
32,40,2.040
34,40,2.057
36,40,2.085
38,40,2.113
40,40,2.137
42,40,2.152
44,40,2.180
46,40,2.207
48,40,2.235
50,40,2.237
52,40,2.258
54,40,2.318
56,40,2.344
58,40,2.366
60,40,2.403
62,40,2.429
64,40,2.453
66,40,2.476
68,40,2.492
70,40,2.502
72,40,2.503
74,40,2.515
76,40,2.523
78,40,2.539
80,40,2.571
82,40,2.598
84,40,2.641
86,40,2.678
88,40,2.704
90,40,2.744
92,40,2.765
94,40,2.784
96,40,2.805
98,40,2.833
100,40,2.868
102,40,2.897
104,40,2.906
106,40,2.921
108,40,2.931
110,40,2.945
112,40,2.974
114,40,3.007
116,40,3.044
118,40,3.082
120,40,3.113
122,40,3.116
124,40,3.122
126,40,3.138
128,40,3.144
130,40,3.157
132,40,3.176
134,40,3.181
136,40,3.211
138,40,3.249
140,40,3.285
142,40,3.316
144,40,3.333
146,40,3.365
148,40,3.408
150,40,3.417
150,42,3.510
148,42,3.498
146,42,3.476
144,42,3.468
142,42,3.453
140,42,3.434
138,42,3.399
136,42,3.365
134,42,3.337
132,42,3.320
130,42,3.298
128,42,3.288
126,42,3.291
124,42,3.266
122,42,3.277
120,42,3.262
118,42,3.228
116,42,3.214
114,42,3.194
112,42,3.181
110,42,3.172
108,42,3.136
106,42,3.105
104,42,3.077
102,42,3.049
100,42,3.033
98,42,3.020
96,42,3.009
94,42,2.999
92,42,2.979
90,42,2.956
88,42,2.936
86,42,2.926
84,42,2.904
82,42,2.886
80,42,2.859
78,42,2.847
76,42,2.814
74,42,2.772
72,42,2.733
70,42,2.713
68,42,2.679
66,42,2.642
64,42,2.626
62,42,2.611
60,42,2.606
58,42,2.602
56,42,2.572
54,42,2.555
52,42,2.546
50,42,2.514
48,42,2.484
46,42,2.460
44,42,2.440
42,42,2.408
40,42,2.354
38,42,2.336
36,42,2.305
34,42,2.268
32,42,2.233
30,42,2.207
28,42,2.190
26,42,2.172
24,42,2.156
22,42,2.114
20,42,2.079
18,42,2.040
16,42,1.992
14,42,1.974
12,42,1.957
10,42,1.931
8,42,1.898
6,42,1.876
4,42,1.859
2,42,1.842
0,42,1.819
0,44,1.848
2,44,1.872
4,44,1.890
6,44,1.912
8,44,1.931
10,44,1.954
12,44,1.978
14,44,1.996
16,44,2.009
18,44,2.019
20,44,2.054
22,44,2.075
24,44,2.097
26,44,2.111
28,44,2.125
30,44,2.154
32,44,2.189
34,44,2.218
36,44,2.251
38,44,2.283
40,44,2.308
42,44,2.333
44,44,2.333
46,44,2.351
48,44,2.375
50,44,2.408
52,44,2.438
54,44,2.476
56,44,2.520
58,44,2.536
60,44,2.565
62,44,2.591
64,44,2.618
66,44,2.646
68,44,2.662
70,44,2.678
72,44,2.701
74,44,2.726
76,44,2.738
78,44,2.743
80,44,2.754
82,44,2.781
84,44,2.814
86,44,2.843
88,44,2.886
90,44,2.923
92,44,2.951
94,44,2.975
96,44,3.001
98,44,3.018
100,44,3.053
102,44,3.080
104,44,3.094
106,44,3.111
108,44,3.129
110,44,3.146
112,44,3.170
114,44,3.196
116,44,3.234
118,44,3.273
120,44,3.299
122,44,3.321
124,44,3.331
126,44,3.351
128,44,3.384
130,44,3.405
132,44,3.411
134,44,3.422
136,44,3.439
138,44,3.459
140,44,3.479
142,44,3.505
144,44,3.515
146,44,3.539
148,44,3.563
150,44,3.596
150,46,3.674
148,46,3.664
146,46,3.648
144,46,3.635
142,46,3.615
140,46,3.596
138,46,3.581
136,46,3.566
134,46,3.553
132,46,3.532
130,46,3.522
128,46,3.514
126,46,3.505
124,46,3.486
122,46,3.451
120,46,3.429
118,46,3.407
116,46,3.402
114,46,3.392
112,46,3.375
110,46,3.354
108,46,3.325
106,46,3.305
104,46,3.280
102,46,3.256
100,46,3.240
98,46,3.226
96,46,3.213
94,46,3.199
92,46,3.180
90,46,3.167
88,46,3.152
86,46,3.133
84,46,3.106
82,46,3.075
80,46,3.067
78,46,3.040
76,46,3.008
74,46,2.959
72,46,2.926
70,46,2.908
68,46,2.890
66,46,2.876
64,46,2.860
62,46,2.842
60,46,2.805
58,46,2.785
56,46,2.770
54,46,2.736
52,46,2.707
50,46,2.677
48,46,2.654
46,46,2.637
44,46,2.613
42,46,2.574
40,46,2.544
38,46,2.507
36,46,2.477
34,46,2.450
32,46,2.421
30,46,2.403
28,46,2.364
26,46,2.349
24,46,2.312
22,46,2.255
20,46,2.189
18,46,2.149
16,46,2.122
14,46,2.083
12,46,2.063
10,46,2.052
8,46,2.024
6,46,2.005
4,46,1.992
2,46,1.971
0,46,1.929
0,48,1.973
2,48,1.989
4,48,2.014
6,48,2.042
8,48,2.065
10,48,2.089
12,48,2.114
14,48,2.125
16,48,2.147
18,48,2.165
20,48,2.183
22,48,2.199
24,48,2.207
26,48,2.218
28,48,2.248
30,48,2.289
32,48,2.332
34,48,2.365
36,48,2.412
38,48,2.452
40,48,2.488
42,48,2.502
44,48,2.518
46,48,2.541
48,48,2.586
50,48,2.612
52,48,2.634
54,48,2.652
56,48,2.686
58,48,2.718
60,48,2.752
62,48,2.777
64,48,2.789
66,48,2.811
68,48,2.831
70,48,2.866
72,48,2.901
74,48,2.920
76,48,2.931
78,48,2.950
80,48,2.980
82,48,2.998
84,48,3.022
86,48,3.045
88,48,3.067
90,48,3.104
92,48,3.141
94,48,3.171
96,48,3.200
98,48,3.232
100,48,3.254
102,48,3.269
104,48,3.284
106,48,3.309
108,48,3.330
110,48,3.346
112,48,3.361
114,48,3.384
116,48,3.413
118,48,3.439
120,48,3.461
122,48,3.487
124,48,3.506
126,48,3.528
128,48,3.546
130,48,3.563
132,48,3.577
134,48,3.609
136,48,3.627
138,48,3.627
140,48,3.645
142,48,3.664
144,48,3.687
146,48,3.702
148,48,3.720
150,48,3.738
150,50,3.793
148,50,3.785
146,50,3.771
144,50,3.762
142,50,3.763
140,50,3.742
138,50,3.716
136,50,3.708
134,50,3.700
132,50,3.684
130,50,3.666
128,50,3.649
126,50,3.639
124,50,3.620
122,50,3.601
120,50,3.589
118,50,3.574
116,50,3.555
114,50,3.536
112,50,3.530
110,50,3.515
108,50,3.497
106,50,3.480
104,50,3.458
102,50,3.435
100,50,3.413
98,50,3.392
96,50,3.386
94,50,3.377
92,50,3.362
90,50,3.340
88,50,3.323
86,50,3.308
84,50,3.293
82,50,3.264
80,50,3.235
78,50,3.213
76,50,3.194
74,50,3.177
72,50,3.135
70,50,3.113
68,50,3.110
66,50,3.075
64,50,3.051
62,50,3.029
60,50,3.014
58,50,2.985
56,50,2.939
54,50,2.916
52,50,2.899
50,50,2.876
48,50,2.836
46,50,2.803
44,50,2.778
42,50,2.740
40,50,2.714
38,50,2.692
36,50,2.661
34,50,2.639
32,50,2.613
30,50,2.580
28,50,2.541
26,50,2.490
24,50,2.443
22,50,2.397
20,50,2.357
18,50,2.314
16,50,2.275
14,50,2.250
12,50,2.241
10,50,2.219
8,50,2.187
6,50,2.172
4,50,2.146
2,50,2.118
0,50,2.077
0,52,2.122
2,52,2.147
4,52,2.174
6,52,2.197
8,52,2.211
10,52,2.237
12,52,2.264
14,52,2.289
16,52,2.324
18,52,2.333
20,52,2.349
22,52,2.368
24,52,2.385
26,52,2.393
28,52,2.413
30,52,2.445
32,52,2.486
34,52,2.531
36,52,2.557
38,52,2.601
40,52,2.647
42,52,2.682
44,52,2.719
46,52,2.739
48,52,2.756
50,52,2.784
52,52,2.808
54,52,2.825
56,52,2.856
58,52,2.893
60,52,2.936
62,52,2.943
64,52,2.961
66,52,2.987
68,52,3.020
70,52,3.061
72,52,3.082
74,52,3.114
76,52,3.138
78,52,3.167
80,52,3.182
82,52,3.204
84,52,3.220
86,52,3.247
88,52,3.273
90,52,3.293
92,52,3.324
94,52,3.351
96,52,3.387
98,52,3.399
100,52,3.420
102,52,3.447
104,52,3.463
106,52,3.481
108,52,3.502
110,52,3.525
112,52,3.543
114,52,3.564
116,52,3.587
118,52,3.608
120,52,3.626
122,52,3.645
124,52,3.661
126,52,3.674
128,52,3.689
130,52,3.726
132,52,3.738
134,52,3.748
136,52,3.762
138,52,3.776
140,52,3.783
142,52,3.801
144,52,3.814
146,52,3.833
148,52,3.849
150,52,3.863
150,54,3.913
148,54,3.904
146,54,3.902
144,54,3.885
142,54,3.870
140,54,3.853
138,54,3.842
136,54,3.829
134,54,3.818
132,54,3.828
130,54,3.805
128,54,3.786
126,54,3.769
124,54,3.764
122,54,3.753
120,54,3.735
118,54,3.718
116,54,3.703
114,54,3.691
112,54,3.676
110,54,3.667
108,54,3.651
106,54,3.642
104,54,3.618
102,54,3.592
100,54,3.570
98,54,3.556
96,54,3.542
94,54,3.525
92,54,3.516
90,54,3.500
88,54,3.481
86,54,3.464
84,54,3.454
82,54,3.433
80,54,3.410
78,54,3.388
76,54,3.371
74,54,3.353
72,54,3.330
70,54,3.303
68,54,3.281
66,54,3.258
64,54,3.238
62,54,3.212
60,54,3.186
58,54,3.149
56,54,3.123
54,54,3.106
52,54,3.086
50,54,3.057
48,54,3.024
46,54,2.993
44,54,2.967
42,54,2.931
40,54,2.893
38,54,2.867
36,54,2.838
34,54,2.803
32,54,2.766
30,54,2.743
28,54,2.707
26,54,2.665
24,54,2.613
22,54,2.579
20,54,2.545
18,54,2.517
16,54,2.481
14,54,2.444
12,54,2.418
10,54,2.387
8,54,2.350
6,54,2.321
4,54,2.289
2,54,2.265
0,54,2.229
0,56,2.278
2,56,2.297
4,56,2.322
6,56,2.349
8,56,2.374
10,56,2.399
12,56,2.429
14,56,2.453
16,56,2.472
18,56,2.500
20,56,2.539
22,56,2.573
24,56,2.592
26,56,2.603
28,56,2.617
30,56,2.650
32,56,2.683
34,56,2.721
36,56,2.754
38,56,2.782
40,56,2.816
42,56,2.839
44,56,2.881
46,56,2.912
48,56,2.929
50,56,2.957
52,56,2.975
54,56,2.996
56,56,3.050
58,56,3.071
60,56,3.099
62,56,3.125
64,56,3.150
66,56,3.184
68,56,3.216
70,56,3.221
72,56,3.254
74,56,3.296
76,56,3.304
78,56,3.323
80,56,3.360
82,56,3.394
84,56,3.410
86,56,3.433
88,56,3.443
90,56,3.472
92,56,3.500
94,56,3.520
96,56,3.529
98,56,3.551
100,56,3.580
102,56,3.605
104,56,3.616
106,56,3.626
108,56,3.641
110,56,3.665
112,56,3.688
114,56,3.702
116,56,3.729
118,56,3.753
120,56,3.767
122,56,3.787
124,56,3.804
126,56,3.813
128,56,3.834
130,56,3.849
132,56,3.859
134,56,3.868
136,56,3.877
138,56,3.887
140,56,3.896
142,56,3.904
144,56,3.916
146,56,3.934
148,56,3.952
150,56,3.967
150,58,4.006
148,58,4.000
146,58,3.990
144,58,3.982
142,58,3.976
140,58,3.960
138,58,3.946
136,58,3.938
134,58,3.933
132,58,3.929
130,58,3.921
128,58,3.908
126,58,3.901
124,58,3.897
122,58,3.886
120,58,3.870
118,58,3.848
116,58,3.829
114,58,3.819
112,58,3.812
110,58,3.804
108,58,3.790
106,58,3.763
104,58,3.747
102,58,3.733
100,58,3.724
98,58,3.694
96,58,3.684
94,58,3.679
92,58,3.672
90,58,3.660
88,58,3.642
86,58,3.628
84,58,3.605
82,58,3.582
80,58,3.560
78,58,3.552
76,58,3.535
74,58,3.494
72,58,3.491
70,58,3.481
68,58,3.461
66,58,3.422
64,58,3.388
62,58,3.362
60,58,3.340
58,58,3.311
56,58,3.289
54,58,3.274
52,58,3.253
50,58,3.228
48,58,3.195
46,58,3.177
44,58,3.152
42,58,3.113
40,58,3.071
38,58,3.043
36,58,3.008
34,58,2.977
32,58,2.950
30,58,2.919
28,58,2.878
26,58,2.846
24,58,2.814
22,58,2.777
20,58,2.742
18,58,2.718
16,58,2.671
14,58,2.607
12,58,2.594
10,58,2.563
8,58,2.523
6,58,2.482
4,58,2.451
2,58,2.433
0,58,2.391
0,60,2.429
2,60,2.452
4,60,2.483
6,60,2.519
8,60,2.550
10,60,2.580
12,60,2.605
14,60,2.615
16,60,2.636
18,60,2.666
20,60,2.694
22,60,2.725
24,60,2.748
26,60,2.773
28,60,2.816
30,60,2.852
32,60,2.879
34,60,2.896
36,60,2.925
38,60,2.958
40,60,2.980
42,60,3.007
44,60,3.034
46,60,3.064
48,60,3.097
50,60,3.129
52,60,3.141
54,60,3.177
56,60,3.215
58,60,3.264
60,60,3.285
62,60,3.315
64,60,3.328
66,60,3.366
68,60,3.393
70,60,3.405
72,60,3.420
74,60,3.435
76,60,3.477
78,60,3.506
80,60,3.523
82,60,3.549
84,60,3.580
86,60,3.596
88,60,3.608
90,60,3.625
92,60,3.652
94,60,3.677
96,60,3.703
98,60,3.725
100,60,3.746
102,60,3.761
104,60,3.773
106,60,3.780
108,60,3.796
110,60,3.811
112,60,3.826
114,60,3.845
116,60,3.868
118,60,3.891
120,60,3.904
122,60,3.911
124,60,3.925
126,60,3.941
128,60,3.953
130,60,3.967
132,60,3.979
134,60,3.983
136,60,3.991
138,60,3.998
140,60,4.013
142,60,4.017
144,60,4.023
146,60,4.042
148,60,4.058
150,60,4.069
150,62,4.102
148,62,4.096
146,62,4.088
144,62,4.080
142,62,4.071
140,62,4.059
138,62,4.055
136,62,4.049
134,62,4.039
132,62,4.030
130,62,4.027
128,62,4.019
126,62,4.006
124,62,3.995
122,62,3.985
120,62,3.981
118,62,3.973
116,62,3.953
114,62,3.939
112,62,3.924
110,62,3.917
108,62,3.910
106,62,3.898
104,62,3.880
102,62,3.873
100,62,3.865
98,62,3.855
96,62,3.841
94,62,3.831
92,62,3.820
90,62,3.810
88,62,3.798
86,62,3.773
84,62,3.749
82,62,3.719
80,62,3.692
78,62,3.677
76,62,3.667
74,62,3.649
72,62,3.627
70,62,3.610
68,62,3.603
66,62,3.580
64,62,3.547
62,62,3.519
60,62,3.492
58,62,3.479
56,62,3.464
54,62,3.438
52,62,3.413
50,62,3.401
48,62,3.376
46,62,3.321
44,62,3.298
42,62,3.285
40,62,3.241
38,62,3.202
36,62,3.174
34,62,3.147
32,62,3.120
30,62,3.093
28,62,3.067
26,62,3.034
24,62,2.975
22,62,2.948
20,62,2.924
18,62,2.883
16,62,2.843
14,62,2.794
12,62,2.755
10,62,2.733
8,62,2.694
6,62,2.661
4,62,2.629
2,62,2.580
0,62,2.546
0,64,2.606
2,64,2.625
4,64,2.653
6,64,2.682
8,64,2.707
10,64,2.736
12,64,2.762
14,64,2.787
16,64,2.823
18,64,2.848
20,64,2.864
22,64,2.890
24,64,2.913
26,64,2.960
28,64,2.996
30,64,3.022
32,64,3.058
34,64,3.087
36,64,3.111
38,64,3.139
40,64,3.168
42,64,3.192
44,64,3.218
46,64,3.241
48,64,3.255
50,64,3.282
52,64,3.321
54,64,3.358
56,64,3.383
58,64,3.420
60,64,3.452
62,64,3.477
64,64,3.502
66,64,3.516
68,64,3.536
70,64,3.559
72,64,3.587
74,64,3.595
76,64,3.606
78,64,3.641
80,64,3.673
82,64,3.688
84,64,3.719
86,64,3.721
88,64,3.737
90,64,3.752
92,64,3.784
94,64,3.800
96,64,3.827
98,64,3.827
100,64,3.845
102,64,3.869
104,64,3.895
106,64,3.929
108,64,3.939
110,64,3.945
112,64,3.956
114,64,3.973
116,64,3.981
118,64,3.997
120,64,4.002
122,64,4.007
124,64,4.021
126,64,4.043
128,64,4.065
130,64,4.067
132,64,4.067
134,64,4.082
136,64,4.090
138,64,4.097
140,64,4.102
142,64,4.107
144,64,4.120
146,64,4.127
148,64,4.135
150,64,4.145
150,66,4.170
148,66,4.166
146,66,4.162
144,66,4.158
142,66,4.154
140,66,4.145
138,66,4.139
136,66,4.133
134,66,4.124
132,66,4.114
130,66,4.107
128,66,4.101
126,66,4.095
124,66,4.089
122,66,4.083
120,66,4.075
118,66,4.062
116,66,4.051
114,66,4.045
112,66,4.031
110,66,4.020
108,66,4.012
106,66,3.994
104,66,3.985
102,66,3.980
100,66,3.976
98,66,3.966
96,66,3.950
94,66,3.938
92,66,3.927
90,66,3.915
88,66,3.900
86,66,3.883
84,66,3.856
82,66,3.830
80,66,3.806
78,66,3.782
76,66,3.772
74,66,3.755
72,66,3.743
70,66,3.733
68,66,3.719
66,66,3.700
64,66,3.669
62,66,3.652
60,66,3.639
58,66,3.623
56,66,3.606
54,66,3.586
52,66,3.566
50,66,3.542
48,66,3.512
46,66,3.497
44,66,3.465
42,66,3.424
40,66,3.402
38,66,3.373
36,66,3.344
34,66,3.311
32,66,3.280
30,66,3.257
28,66,3.241
26,66,3.216
24,66,3.178
22,66,3.137
20,66,3.094
18,66,3.052
16,66,3.016
14,66,2.976
12,66,2.941
10,66,2.909
8,66,2.880
6,66,2.845
4,66,2.814
2,66,2.786
0,66,2.729
0,68,2.775
2,68,2.803
4,68,2.835
6,68,2.861
8,68,2.896
10,68,2.924
12,68,2.952
14,68,2.978
16,68,2.999
18,68,3.023
20,68,3.044
22,68,3.073
24,68,3.093
26,68,3.126
28,68,3.157
30,68,3.183
32,68,3.217
34,68,3.247
36,68,3.276
38,68,3.316
40,68,3.341
42,68,3.342
44,68,3.368
46,68,3.406
48,68,3.430
50,68,3.446
52,68,3.461
54,68,3.494
56,68,3.524
58,68,3.567
60,68,3.590
62,68,3.608
64,68,3.630
66,68,3.655
68,68,3.680
70,68,3.705
72,68,3.714
74,68,3.724
76,68,3.738
78,68,3.754
80,68,3.780
82,68,3.801
84,68,3.818
86,68,3.830
88,68,3.833
90,68,3.851
92,68,3.877
94,68,3.892
96,68,3.918
98,68,3.943
100,68,3.969
102,68,3.988
104,68,4.005
106,68,4.018
108,68,4.029
110,68,4.042
112,68,4.048
114,68,4.056
116,68,4.065
118,68,4.077
120,68,4.087
122,68,4.099
124,68,4.107
126,68,4.121
128,68,4.136
130,68,4.145
132,68,4.150
134,68,4.154
136,68,4.158
138,68,4.166
140,68,4.170
142,68,4.180
144,68,4.187
146,68,4.189
148,68,4.194
150,68,4.202
150,70,4.219
148,70,4.216
146,70,4.213
144,70,4.210
142,70,4.206
140,70,4.203
138,70,4.198
136,70,4.193
134,70,4.187
132,70,4.183
130,70,4.181
128,70,4.179
126,70,4.171
124,70,4.169
122,70,4.165
120,70,4.153
118,70,4.143
116,70,4.135
114,70,4.120
112,70,4.104
110,70,4.103
108,70,4.096
106,70,4.087
104,70,4.083
102,70,4.077
100,70,4.068
98,70,4.057
96,70,4.043
94,70,4.029
92,70,4.012
90,70,3.997
88,70,3.984
86,70,3.972
84,70,3.955
82,70,3.938
80,70,3.918
78,70,3.891
76,70,3.874
74,70,3.866
72,70,3.852
70,70,3.837
68,70,3.811
66,70,3.801
64,70,3.797
62,70,3.778
60,70,3.760
58,70,3.743
56,70,3.732
54,70,3.707
52,70,3.685
50,70,3.656
48,70,3.635
46,70,3.615
44,70,3.597
42,70,3.566
40,70,3.539
38,70,3.515
36,70,3.484
34,70,3.460
32,70,3.441
30,70,3.423
28,70,3.411
26,70,3.395
24,70,3.364
22,70,3.318
20,70,3.256
18,70,3.211
16,70,3.174
14,70,3.137
12,70,3.110
10,70,3.096
8,70,3.086
6,70,3.052
4,70,3.005
2,70,2.950
0,70,2.908
0,72,2.965
2,72,2.974
4,72,3.001
6,72,3.043
8,72,3.074
10,72,3.111
12,72,3.145
14,72,3.181
16,72,3.207
18,72,3.222
20,72,3.222
22,72,3.221
24,72,3.239
26,72,3.276
28,72,3.306
30,72,3.338
32,72,3.361
34,72,3.397
36,72,3.454
38,72,3.498
40,72,3.515
42,72,3.518
44,72,3.519
46,72,3.559
48,72,3.569
50,72,3.579
52,72,3.597
54,72,3.624
56,72,3.652
58,72,3.672
60,72,3.693
62,72,3.724
64,72,3.742
66,72,3.756
68,72,3.773
70,72,3.804
72,72,3.826
74,72,3.844
76,72,3.859
78,72,3.869
80,72,3.877
82,72,3.892
84,72,3.909
86,72,3.923
88,72,3.936
90,72,3.951
92,72,3.968
94,72,3.991
96,72,4.011
98,72,4.029
100,72,4.042
102,72,4.058
104,72,4.074
106,72,4.093
108,72,4.106
110,72,4.120
112,72,4.133
114,72,4.144
116,72,4.147
118,72,4.152
120,72,4.158
122,72,4.167
124,72,4.176
126,72,4.187
128,72,4.200
130,72,4.210
132,72,4.213
134,72,4.213
136,72,4.222
138,72,4.223
140,72,4.225
142,72,4.229
144,72,4.233
146,72,4.236
148,72,4.237
150,72,4.240
150,74,4.251
148,74,4.250
146,74,4.248
144,74,4.247
142,74,4.246
140,74,4.243
138,74,4.242
136,74,4.240
134,74,4.239
132,74,4.235
130,74,4.228
128,74,4.224
126,74,4.222
124,74,4.224
122,74,4.220
120,74,4.215
118,74,4.204
116,74,4.197
114,74,4.189
112,74,4.182
110,74,4.175
108,74,4.169
106,74,4.162
104,74,4.154
102,74,4.146
100,74,4.138
98,74,4.126
96,74,4.110
94,74,4.090
92,74,4.076
90,74,4.063
88,74,4.056
86,74,4.054
84,74,4.046
82,74,4.033
80,74,4.012
78,74,3.993
76,74,3.978
74,74,3.963
72,74,3.946
70,74,3.934
68,74,3.921
66,74,3.912
64,74,3.891
62,74,3.881
60,74,3.875
58,74,3.862
56,74,3.841
54,74,3.816
52,74,3.792
50,74,3.765
48,74,3.747
46,74,3.726
44,74,3.704
42,74,3.682
40,74,3.661
38,74,3.623
36,74,3.595
34,74,3.579
32,74,3.575
30,74,3.577
28,74,3.574
26,74,3.552
24,74,3.486
22,74,3.416
20,74,3.370
18,74,3.343
16,74,3.325
14,74,3.296
12,74,3.245
10,74,3.239
8,74,3.244
6,74,3.219
4,74,3.162
2,74,3.096
0,74,3.041
0,76,3.094
2,76,3.112
4,76,3.134
6,76,3.171
8,76,3.212
10,76,3.258
12,76,3.310
14,76,3.328
16,76,3.347
18,76,3.366
20,76,3.375
22,76,3.378
24,76,3.387
26,76,3.413
28,76,3.435
30,76,3.448
32,76,3.471
34,76,3.494
36,76,3.555
38,76,3.627
40,76,3.661
42,76,3.685
44,76,3.692
46,76,3.687
48,76,3.684
50,76,3.693
52,76,3.710
54,76,3.733
56,76,3.756
58,76,3.786
60,76,3.805
62,76,3.824
64,76,3.838
66,76,3.857
68,76,3.881
70,76,3.901
72,76,3.926
74,76,3.941
76,76,3.948
78,76,3.956
80,76,3.968
82,76,3.982
84,76,3.994
86,76,4.006
88,76,4.023
90,76,4.040
92,76,4.056
94,76,4.073
96,76,4.087
98,76,4.100
100,76,4.113
102,76,4.122
104,76,4.128
106,76,4.140
108,76,4.155
110,76,4.172
112,76,4.189
114,76,4.205
116,76,4.210
118,76,4.215
120,76,4.220
122,76,4.227
124,76,4.233
126,76,4.240
128,76,4.247
130,76,4.252
132,76,4.255
134,76,4.257
136,76,4.256
138,76,4.257
140,76,4.260
142,76,4.260
144,76,4.260
146,76,4.259
148,76,4.261
150,76,4.261
150,78,4.265
148,78,4.265
146,78,4.265
144,78,4.265
142,78,4.265
140,78,4.265
138,78,4.264
136,78,4.263
134,78,4.264
132,78,4.265
130,78,4.266
128,78,4.265
126,78,4.265
124,78,4.263
122,78,4.259
120,78,4.254
118,78,4.249
116,78,4.241
114,78,4.234
112,78,4.227
110,78,4.219
108,78,4.213
106,78,4.208
104,78,4.204
102,78,4.196
100,78,4.187
98,78,4.178
96,78,4.169
94,78,4.154
92,78,4.139
90,78,4.126
88,78,4.118
86,78,4.112
84,78,4.105
82,78,4.095
80,78,4.084
78,78,4.077
76,78,4.062
74,78,4.045
72,78,4.031
70,78,4.021
68,78,4.014
66,78,4.010
64,78,3.993
62,78,3.977
60,78,3.959
58,78,3.944
56,78,3.927
54,78,3.902
52,78,3.894
50,78,3.879
48,78,3.860
46,78,3.837
44,78,3.815
42,78,3.784
40,78,3.753
38,78,3.724
36,78,3.705
34,78,3.694
32,78,3.694
30,78,3.709
28,78,3.715
26,78,3.675
24,78,3.606
22,78,3.562
20,78,3.522
18,78,3.468
16,78,3.438
14,78,3.412
12,78,3.384
10,78,3.373
8,78,3.358
6,78,3.321
4,78,3.269
2,78,3.220
0,78,3.179
0,80,3.217
2,80,3.241
4,80,3.272
6,80,3.303
8,80,3.322
10,80,3.362
12,80,3.399
14,80,3.427
16,80,3.455
18,80,3.474
20,80,3.478
22,80,3.492
24,80,3.509
26,80,3.531
28,80,3.537
30,80,3.569
32,80,3.619
34,80,3.651
36,80,3.672
38,80,3.712
40,80,3.771
42,80,3.804
44,80,3.796
46,80,3.793
48,80,3.795
50,80,3.801
52,80,3.805
54,80,3.823
56,80,3.856
58,80,3.877
60,80,3.900
62,80,3.917
64,80,3.933
66,80,3.954
68,80,3.972
70,80,3.988
72,80,4.004
74,80,4.023
76,80,4.040
78,80,4.045
80,80,4.053
82,80,4.075
84,80,4.087
86,80,4.091
88,80,4.103
90,80,4.115
92,80,4.127
94,80,4.141
96,80,4.152
98,80,4.159
100,80,4.163
102,80,4.170
104,80,4.183
106,80,4.197
108,80,4.210
110,80,4.220
112,80,4.230
114,80,4.237
116,80,4.243
118,80,4.246
120,80,4.251
122,80,4.254
124,80,4.259
126,80,4.266
128,80,4.274
130,80,4.279
132,80,4.281
134,80,4.280
136,80,4.276
138,80,4.274
140,80,4.272
142,80,4.273
144,80,4.272
146,80,4.270
148,80,4.269
150,80,4.267
150,82,4.266
148,82,4.267
146,82,4.269
144,82,4.271
142,82,4.272
140,82,4.274
138,82,4.274
136,82,4.273
134,82,4.274
132,82,4.273
130,82,4.276
128,82,4.279
126,82,4.280
124,82,4.281
122,82,4.278
120,82,4.273
118,82,4.267
116,82,4.261
114,82,4.253
112,82,4.249
110,82,4.246
108,82,4.244
106,82,4.239
104,82,4.235
102,82,4.231
100,82,4.226
98,82,4.220
96,82,4.211
94,82,4.202
92,82,4.192
90,82,4.182
88,82,4.176
86,82,4.174
84,82,4.163
82,82,4.157
80,82,4.151
78,82,4.142
76,82,4.133
74,82,4.126
72,82,4.117
70,82,4.108
68,82,4.098
66,82,4.080
64,82,4.063
62,82,4.047
60,82,4.034
58,82,4.024
56,82,4.008
54,82,3.982
52,82,3.970
50,82,3.964
48,82,3.952
46,82,3.932
44,82,3.912
42,82,3.881
40,82,3.856
38,82,3.834
36,82,3.820
34,82,3.812
32,82,3.805
30,82,3.807
28,82,3.813
26,82,3.803
24,82,3.743
22,82,3.695
20,82,3.652
18,82,3.604
16,82,3.558
14,82,3.525
12,82,3.508
10,82,3.487
8,82,3.454
6,82,3.411
4,82,3.365
2,82,3.328
0,82,3.301
0,84,3.349
2,84,3.369
4,84,3.390
6,84,3.411
8,84,3.433
10,84,3.462
12,84,3.484
14,84,3.511
16,84,3.536
18,84,3.583
20,84,3.599
22,84,3.605
24,84,3.619
26,84,3.646
28,84,3.671
30,84,3.711
32,84,3.745
34,84,3.780
36,84,3.809
38,84,3.845
40,84,3.892
42,84,3.923
44,84,3.917
46,84,3.904
48,84,3.895
50,84,3.903
52,84,3.921
54,84,3.940
56,84,3.954
58,84,3.972
60,84,3.993
62,84,4.012
64,84,4.030
66,84,4.042
68,84,4.048
70,84,4.057
72,84,4.078
74,84,4.092
76,84,4.098
78,84,4.112
80,84,4.129
82,84,4.142
84,84,4.153
86,84,4.162
88,84,4.169
90,84,4.175
92,84,4.184
94,84,4.192
96,84,4.200
98,84,4.204
100,84,4.211
102,84,4.217
104,84,4.225
106,84,4.234
108,84,4.243
110,84,4.252
112,84,4.256
114,84,4.260
116,84,4.263
118,84,4.264
120,84,4.266
122,84,4.269
124,84,4.273
126,84,4.278
128,84,4.283
130,84,4.287
132,84,4.286
134,84,4.284
136,84,4.280
138,84,4.277
140,84,4.275
142,84,4.274
144,84,4.272
146,84,4.270
148,84,4.265
150,84,4.263
150,86,4.257
148,86,4.258
146,86,4.261
144,86,4.262
142,86,4.265
140,86,4.268
138,86,4.270
136,86,4.272
134,86,4.275
132,86,4.278
130,86,4.280
128,86,4.282
126,86,4.284
124,86,4.285
122,86,4.284
120,86,4.280
118,86,4.276
116,86,4.272
114,86,4.268
112,86,4.265
110,86,4.264
108,86,4.262
106,86,4.261
104,86,4.260
102,86,4.256
100,86,4.251
98,86,4.249
96,86,4.245
94,86,4.240
92,86,4.232
90,86,4.224
88,86,4.219
86,86,4.214
84,86,4.207
82,86,4.203
80,86,4.201
78,86,4.202
76,86,4.198
74,86,4.189
72,86,4.173
70,86,4.160
68,86,4.148
66,86,4.133
64,86,4.117
62,86,4.106
60,86,4.098
58,86,4.085
56,86,4.074
54,86,4.067
52,86,4.059
50,86,4.047
48,86,4.033
46,86,4.019
44,86,4.001
42,86,3.980
40,86,3.959
38,86,3.941
36,86,3.931
34,86,3.928
32,86,3.919
30,86,3.905
28,86,3.887
26,86,3.869
24,86,3.847
22,86,3.815
20,86,3.769
18,86,3.710
16,86,3.676
14,86,3.650
12,86,3.619
10,86,3.586
8,86,3.564
6,86,3.530
4,86,3.490
2,86,3.463
0,86,3.435
0,88,3.477
2,88,3.491
4,88,3.519
6,88,3.538
8,88,3.546
10,88,3.566
12,88,3.596
14,88,3.632
16,88,3.668
18,88,3.691
20,88,3.713
22,88,3.727
24,88,3.746
26,88,3.758
28,88,3.777
30,88,3.805
32,88,3.838
34,88,3.878
36,88,3.911
38,88,3.941
40,88,3.963
42,88,3.974
44,88,3.983
46,88,3.991
48,88,3.995
50,88,3.998
52,88,4.010
54,88,4.026
56,88,4.040
58,88,4.054
60,88,4.078
62,88,4.092
64,88,4.101
66,88,4.113
68,88,4.118
70,88,4.122
72,88,4.131
74,88,4.146
76,88,4.153
78,88,4.161
80,88,4.176
82,88,4.190
84,88,4.202
86,88,4.212
88,88,4.224
90,88,4.230
92,88,4.234
94,88,4.233
96,88,4.236
98,88,4.238
100,88,4.243
102,88,4.248
104,88,4.254
106,88,4.259
108,88,4.264
110,88,4.268
112,88,4.271
114,88,4.273
116,88,4.273
118,88,4.272
120,88,4.271
122,88,4.271
124,88,4.272
126,88,4.276
128,88,4.279
130,88,4.280
132,88,4.278
134,88,4.275
136,88,4.271
138,88,4.267
140,88,4.262
142,88,4.257
144,88,4.252
146,88,4.246
148,88,4.242
150,88,4.240
150,90,4.229
148,90,4.228
146,90,4.229
144,90,4.230
142,90,4.238
140,90,4.244
138,90,4.247
136,90,4.251
134,90,4.256
132,90,4.262
130,90,4.267
128,90,4.271
126,90,4.273
124,90,4.275
122,90,4.276
120,90,4.275
118,90,4.274
116,90,4.272
114,90,4.272
112,90,4.271
110,90,4.273
108,90,4.274
106,90,4.275
104,90,4.275
102,90,4.274
100,90,4.270
98,90,4.266
96,90,4.260
94,90,4.254
92,90,4.250
90,90,4.245
88,90,4.241
86,90,4.240
84,90,4.242
82,90,4.249
80,90,4.255
78,90,4.259
76,90,4.254
74,90,4.241
72,90,4.220
70,90,4.197
68,90,4.177
66,90,4.160
64,90,4.154
62,90,4.155
60,90,4.144
58,90,4.136
56,90,4.133
54,90,4.126
52,90,4.114
50,90,4.105
48,90,4.097
46,90,4.084
44,90,4.067
42,90,4.050
40,90,4.038
38,90,4.028
36,90,4.020
34,90,4.007
32,90,3.990
30,90,3.976
28,90,3.958
26,90,3.927
24,90,3.902
22,90,3.881
20,90,3.856
18,90,3.824
16,90,3.798
14,90,3.773
12,90,3.743
10,90,3.702
8,90,3.666
6,90,3.627
4,90,3.595
2,90,3.569
0,90,3.554
0,92,3.582
2,92,3.589
4,92,3.610
6,92,3.639
8,92,3.657
10,92,3.678
12,92,3.702
14,92,3.720
16,92,3.748
18,92,3.785
20,92,3.803
22,92,3.820
24,92,3.838
26,92,3.865
28,92,3.881
30,92,3.896
32,92,3.920
34,92,3.946
36,92,3.962
38,92,3.977
40,92,3.997
42,92,4.023
44,92,4.041
46,92,4.051
48,92,4.066
50,92,4.081
52,92,4.088
54,92,4.097
56,92,4.105
58,92,4.113
60,92,4.128
62,92,4.143
64,92,4.159
66,92,4.166
68,92,4.172
70,92,4.173
72,92,4.178
74,92,4.184
76,92,4.188
78,92,4.191
80,92,4.196
82,92,4.212
84,92,4.231
86,92,4.250
88,92,4.267
90,92,4.277
92,92,4.281
94,92,4.275
96,92,4.266
98,92,4.261
100,92,4.257
102,92,4.261
104,92,4.264
106,92,4.268
108,92,4.272
110,92,4.275
112,92,4.279
114,92,4.280
116,92,4.278
118,92,4.274
120,92,4.270
122,92,4.266
124,92,4.264
126,92,4.263
128,92,4.263
130,92,4.262
132,92,4.259
134,92,4.254
136,92,4.247
138,92,4.239
140,92,4.229
142,92,4.220
144,92,4.214
146,92,4.210
148,92,4.207
150,92,4.200
150,94,4.180
148,94,4.184
146,94,4.188
144,94,4.194
142,94,4.199
140,94,4.204
138,94,4.208
136,94,4.215
134,94,4.221
132,94,4.230
130,94,4.241
128,94,4.251
126,94,4.256
124,94,4.256
122,94,4.256
120,94,4.258
118,94,4.263
116,94,4.267
114,94,4.270
112,94,4.274
110,94,4.277
108,94,4.280
106,94,4.283
104,94,4.282
102,94,4.280
100,94,4.275
98,94,4.270
96,94,4.264
94,94,4.259
92,94,4.257
90,94,4.254
88,94,4.254
86,94,4.262
84,94,4.270
82,94,4.281
80,94,4.289
78,94,4.289
76,94,4.283
74,94,4.268
72,94,4.246
70,94,4.218
68,94,4.198
66,94,4.188
64,94,4.189
62,94,4.188
60,94,4.184
58,94,4.177
56,94,4.171
54,94,4.160
52,94,4.149
50,94,4.138
48,94,4.131
46,94,4.120
44,94,4.111
42,94,4.104
40,94,4.096
38,94,4.082
36,94,4.071
34,94,4.067
32,94,4.057
30,94,4.043
28,94,4.018
26,94,3.993
24,94,3.972
22,94,3.960
20,94,3.937
18,94,3.913
16,94,3.884
14,94,3.855
12,94,3.817
10,94,3.774
8,94,3.752
6,94,3.716
4,94,3.677
2,94,3.655
0,94,3.641
0,96,3.668
2,96,3.687
4,96,3.702
6,96,3.714
8,96,3.724
10,96,3.761
12,96,3.785
14,96,3.802
16,96,3.826
18,96,3.853
20,96,3.879
22,96,3.894
24,96,3.915
26,96,3.938
28,96,3.963
30,96,3.979
32,96,3.997
34,96,4.021
36,96,4.035
38,96,4.046
40,96,4.065
42,96,4.084
44,96,4.102
46,96,4.113
48,96,4.124
50,96,4.132
52,96,4.140
54,96,4.145
56,96,4.152
58,96,4.163
60,96,4.175
62,96,4.182
64,96,4.186
66,96,4.192
68,96,4.196
70,96,4.209
72,96,4.216
74,96,4.219
76,96,4.222
78,96,4.223
80,96,4.218
82,96,4.224
84,96,4.242
86,96,4.269
88,96,4.292
90,96,4.305
92,96,4.308
94,96,4.303
96,96,4.290
98,96,4.276
100,96,4.268
102,96,4.264
104,96,4.263
106,96,4.264
108,96,4.268
110,96,4.272
112,96,4.275
114,96,4.277
116,96,4.276
118,96,4.271
120,96,4.265
122,96,4.258
124,96,4.253
126,96,4.246
128,96,4.240
130,96,4.236
132,96,4.233
134,96,4.228
136,96,4.216
138,96,4.205
140,96,4.188
142,96,4.176
144,96,4.166
146,96,4.161
148,96,4.158
150,96,4.152
150,98,4.131
148,98,4.130
146,98,4.130
144,98,4.136
142,98,4.149
140,98,4.158
138,98,4.167
136,98,4.178
134,98,4.190
132,98,4.204
130,98,4.216
128,98,4.224
126,98,4.226
124,98,4.230
122,98,4.235
120,98,4.240
118,98,4.247
116,98,4.253
114,98,4.260
112,98,4.266
110,98,4.272
108,98,4.276
106,98,4.279
104,98,4.278
102,98,4.276
100,98,4.273
98,98,4.271
96,98,4.268
94,98,4.267
92,98,4.267
90,98,4.266
88,98,4.267
86,98,4.273
84,98,4.284
82,98,4.294
80,98,4.297
78,98,4.297
76,98,4.292
74,98,4.278
72,98,4.261
70,98,4.246
68,98,4.233
66,98,4.225
64,98,4.222
62,98,4.219
60,98,4.219
58,98,4.214
56,98,4.208
54,98,4.193
52,98,4.181
50,98,4.176
48,98,4.171
46,98,4.168
44,98,4.165
42,98,4.156
40,98,4.143
38,98,4.133
36,98,4.122
34,98,4.111
32,98,4.110
30,98,4.100
28,98,4.081
26,98,4.062
24,98,4.039
22,98,4.023
20,98,4.004
18,98,3.980
16,98,3.953
14,98,3.924
12,98,3.894
10,98,3.855
8,98,3.825
6,98,3.790
4,98,3.755
2,98,3.726
0,98,3.707
0,100,3.729
2,100,3.742
4,100,3.757
6,100,3.782
8,100,3.800
10,100,3.826
12,100,3.849
14,100,3.866
16,100,3.887
18,100,3.912
20,100,3.934
22,100,3.951
24,100,3.979
26,100,4.001
28,100,4.021
30,100,4.041
32,100,4.060
34,100,4.079
36,100,4.095
38,100,4.111
40,100,4.124
42,100,4.133
44,100,4.148
46,100,4.162
48,100,4.164
50,100,4.170
52,100,4.180
54,100,4.186
56,100,4.195
58,100,4.203
60,100,4.210
62,100,4.211
64,100,4.214
66,100,4.217
68,100,4.222
70,100,4.232
72,100,4.241
74,100,4.247
76,100,4.249
78,100,4.248
80,100,4.245
82,100,4.249
84,100,4.259
86,100,4.277
88,100,4.293
90,100,4.305
92,100,4.307
94,100,4.304
96,100,4.295
98,100,4.281
100,100,4.270
102,100,4.265
104,100,4.264
106,100,4.261
108,100,4.260
110,100,4.258
112,100,4.259
114,100,4.260
116,100,4.259
118,100,4.254
120,100,4.249
122,100,4.243
124,100,4.232
126,100,4.218
128,100,4.211
130,100,4.205
132,100,4.196
134,100,4.189
136,100,4.180
138,100,4.167
140,100,4.149
142,100,4.128
144,100,4.114
146,100,4.108
148,100,4.098
150,100,4.090
150,102,4.067
148,102,4.078
146,102,4.090
144,102,4.092
142,102,4.098
140,102,4.111
138,102,4.123
136,102,4.141
134,102,4.153
132,102,4.166
130,102,4.179
128,102,4.189
126,102,4.195
124,102,4.203
122,102,4.211
120,102,4.218
118,102,4.228
116,102,4.238
114,102,4.244
112,102,4.250
110,102,4.255
108,102,4.258
106,102,4.259
104,102,4.259
102,102,4.260
100,102,4.260
98,102,4.263
96,102,4.267
94,102,4.271
92,102,4.274
90,102,4.275
88,102,4.276
86,102,4.279
84,102,4.283
82,102,4.288
80,102,4.291
78,102,4.291
76,102,4.287
74,102,4.279
72,102,4.270
70,102,4.262
68,102,4.257
66,102,4.253
64,102,4.252
62,102,4.251
60,102,4.245
58,102,4.237
56,102,4.226
54,102,4.217
52,102,4.213
50,102,4.208
48,102,4.204
46,102,4.200
44,102,4.200
42,102,4.190
40,102,4.176
38,102,4.164
36,102,4.161
34,102,4.155
32,102,4.147
30,102,4.133
28,102,4.115
26,102,4.099
24,102,4.085
22,102,4.071
20,102,4.054
18,102,4.031
16,102,4.006
14,102,3.983
12,102,3.951
10,102,3.919
8,102,3.886
6,102,3.857
4,102,3.822
2,102,3.785
0,102,3.767
0,104,3.791
2,104,3.802
4,104,3.817
6,104,3.830
8,104,3.851
10,104,3.878
12,104,3.903
14,104,3.925
16,104,3.948
18,104,3.971
20,104,3.991
22,104,4.011
24,104,4.033
26,104,4.051
28,104,4.069
30,104,4.085
32,104,4.101
34,104,4.118
36,104,4.132
38,104,4.145
40,104,4.152
42,104,4.164
44,104,4.180
46,104,4.193
48,104,4.199
50,104,4.200
52,104,4.205
54,104,4.209
56,104,4.218
58,104,4.226
60,104,4.234
62,104,4.236
64,104,4.234
66,104,4.236
68,104,4.238
70,104,4.245
72,104,4.254
74,104,4.262
76,104,4.266
78,104,4.266
80,104,4.264
82,104,4.265
84,104,4.270
86,104,4.278
88,104,4.285
90,104,4.291
92,104,4.293
94,104,4.289
96,104,4.282
98,104,4.275
100,104,4.269
102,104,4.265
104,104,4.261
106,104,4.256
108,104,4.248
110,104,4.242
112,104,4.240
114,104,4.236
116,104,4.233
118,104,4.227
120,104,4.223
122,104,4.216
124,104,4.207
126,104,4.200
128,104,4.188
130,104,4.173
132,104,4.160
134,104,4.151
136,104,4.140
138,104,4.121
140,104,4.101
142,104,4.087
144,104,4.072
146,104,4.064
148,104,4.054
150,104,4.048
150,106,4.026
148,106,4.029
146,106,4.031
144,106,4.039
142,106,4.047
140,106,4.063
138,106,4.080
136,106,4.093
134,106,4.105
132,106,4.121
130,106,4.140
128,106,4.144
126,106,4.154
124,106,4.165
122,106,4.177
120,106,4.192
118,106,4.202
116,106,4.207
114,106,4.214
112,106,4.221
110,106,4.224
108,106,4.227
106,106,4.226
104,106,4.228
102,106,4.233
100,106,4.242
98,106,4.250
96,106,4.258
94,106,4.266
92,106,4.270
90,106,4.274
88,106,4.274
86,106,4.273
84,106,4.275
82,106,4.275
80,106,4.277
78,106,4.278
76,106,4.279
74,106,4.277
72,106,4.274
70,106,4.271
68,106,4.268
66,106,4.268
64,106,4.267
62,106,4.267
60,106,4.264
58,106,4.259
56,106,4.252
54,106,4.247
52,106,4.239
50,106,4.235
48,106,4.234
46,106,4.231
44,106,4.225
42,106,4.218
40,106,4.212
38,106,4.205
36,106,4.198
34,106,4.186
32,106,4.180
30,106,4.170
28,106,4.158
26,106,4.144
24,106,4.134
22,106,4.123
20,106,4.099
18,106,4.074
16,106,4.057
14,106,4.037
12,106,4.010
10,106,3.985
8,106,3.954
6,106,3.923
4,106,3.891
2,106,3.864
0,106,3.842
0,108,3.862
2,108,3.869
4,108,3.885
6,108,3.908
8,108,3.922
10,108,3.950
12,108,3.978
14,108,3.999
16,108,4.011
18,108,4.031
20,108,4.050
22,108,4.068
24,108,4.090
26,108,4.106
28,108,4.118
30,108,4.131
32,108,4.144
34,108,4.161
36,108,4.172
38,108,4.182
40,108,4.193
42,108,4.198
44,108,4.204
46,108,4.213
48,108,4.223
50,108,4.231
52,108,4.238
54,108,4.239
56,108,4.244
58,108,4.247
60,108,4.254
62,108,4.255
64,108,4.252
66,108,4.254
68,108,4.260
70,108,4.264
72,108,4.266
74,108,4.270
76,108,4.273
78,108,4.272
80,108,4.270
82,108,4.269
84,108,4.269
86,108,4.271
88,108,4.271
90,108,4.272
92,108,4.270
94,108,4.266
96,108,4.263
98,108,4.260
100,108,4.258
102,108,4.255
104,108,4.250
106,108,4.245
108,108,4.234
110,108,4.219
112,108,4.209
114,108,4.203
116,108,4.201
118,108,4.198
120,108,4.191
122,108,4.180
124,108,4.169
126,108,4.160
128,108,4.150
130,108,4.135
132,108,4.118
134,108,4.108
136,108,4.091
138,108,4.076
140,108,4.056
142,108,4.036
144,108,4.022
146,108,4.003
148,108,3.989
150,108,3.979
150,110,3.948
148,110,3.958
146,110,3.974
144,110,3.986
142,110,3.996
140,110,4.010
138,110,4.030
136,110,4.039
134,110,4.050
132,110,4.063
130,110,4.081
128,110,4.099
126,110,4.111
124,110,4.123
122,110,4.139
120,110,4.149
118,110,4.163
116,110,4.177
114,110,4.186
112,110,4.192
110,110,4.194
108,110,4.195
106,110,4.194
104,110,4.194
102,110,4.199
100,110,4.205
98,110,4.220
96,110,4.229
94,110,4.237
92,110,4.244
90,110,4.253
88,110,4.261
86,110,4.264
84,110,4.266
82,110,4.267
80,110,4.269
78,110,4.271
76,110,4.274
74,110,4.273
72,110,4.269
70,110,4.267
68,110,4.267
66,110,4.268
64,110,4.271
62,110,4.275
60,110,4.276
58,110,4.273
56,110,4.268
54,110,4.264
52,110,4.257
50,110,4.251
48,110,4.248
46,110,4.245
44,110,4.243
42,110,4.245
40,110,4.242
38,110,4.237
36,110,4.226
34,110,4.213
32,110,4.202
30,110,4.197
28,110,4.190
26,110,4.183
24,110,4.175
22,110,4.166
20,110,4.147
18,110,4.131
16,110,4.121
14,110,4.091
12,110,4.068
10,110,4.055
8,110,4.033
6,110,4.003
4,110,3.972
2,110,3.941
0,110,3.921
0,112,3.949
2,112,3.951
4,112,3.960
6,112,3.981
8,112,4.004
10,112,4.020
12,112,4.037
14,112,4.057
16,112,4.077
18,112,4.095
20,112,4.109
22,112,4.117
24,112,4.131
26,112,4.146
28,112,4.159
30,112,4.170
32,112,4.181
34,112,4.195
36,112,4.207
38,112,4.214
40,112,4.224
42,112,4.228
44,112,4.232
46,112,4.235
48,112,4.243
50,112,4.252
52,112,4.257
54,112,4.262
56,112,4.265
58,112,4.265
60,112,4.263
62,112,4.262
64,112,4.262
66,112,4.264
68,112,4.270
70,112,4.273
72,112,4.275
74,112,4.278
76,112,4.277
78,112,4.272
80,112,4.266
82,112,4.263
84,112,4.261
86,112,4.261
88,112,4.263
90,112,4.262
92,112,4.255
94,112,4.251
96,112,4.247
98,112,4.243
100,112,4.239
102,112,4.232
104,112,4.218
106,112,4.204
108,112,4.190
110,112,4.178
112,112,4.165
114,112,4.159
116,112,4.157
118,112,4.150
120,112,4.145
122,112,4.136
124,112,4.130
126,112,4.120
128,112,4.102
130,112,4.086
132,112,4.064
134,112,4.050
136,112,4.033
138,112,4.017
140,112,3.999
142,112,3.980
144,112,3.965
146,112,3.945
148,112,3.929
150,112,3.916
150,114,3.884
148,114,3.894
146,114,3.910
144,114,3.917
142,114,3.937
140,114,3.957
138,114,3.969
136,114,3.985
134,114,4.001
132,114,4.013
130,114,4.025
128,114,4.041
126,114,4.053
124,114,4.072
122,114,4.091
120,114,4.102
118,114,4.108
116,114,4.122
114,114,4.135
112,114,4.141
110,114,4.145
108,114,4.145
106,114,4.143
104,114,4.146
102,114,4.149
100,114,4.156
98,114,4.167
96,114,4.180
94,114,4.194
92,114,4.211
90,114,4.226
88,114,4.237
86,114,4.242
84,114,4.245
82,114,4.250
80,114,4.253
78,114,4.256
76,114,4.258
74,114,4.255
72,114,4.249
70,114,4.247
68,114,4.247
66,114,4.251
64,114,4.259
62,114,4.269
60,114,4.274
58,114,4.272
56,114,4.271
54,114,4.270
52,114,4.267
50,114,4.260
48,114,4.256
46,114,4.256
44,114,4.256
42,114,4.259
40,114,4.259
38,114,4.255
36,114,4.247
34,114,4.237
32,114,4.232
30,114,4.226
28,114,4.223
26,114,4.217
24,114,4.208
22,114,4.203
20,114,4.188
18,114,4.172
16,114,4.151
14,114,4.130
12,114,4.117
10,114,4.099
8,114,4.081
6,114,4.055
4,114,4.024
2,114,3.991
0,114,3.971
0,116,3.989
2,116,3.995
4,116,4.010
6,116,4.026
8,116,4.045
10,116,4.066
12,116,4.079
14,116,4.097
16,116,4.117
18,116,4.138
20,116,4.144
22,116,4.154
24,116,4.165
26,116,4.180
28,116,4.192
30,116,4.202
32,116,4.213
34,116,4.226
36,116,4.236
38,116,4.243
40,116,4.248
42,116,4.251
44,116,4.253
46,116,4.254
48,116,4.255
50,116,4.262
52,116,4.270
54,116,4.274
56,116,4.275
58,116,4.271
60,116,4.267
62,116,4.263
64,116,4.261
66,116,4.265
68,116,4.268
70,116,4.268
72,116,4.267
74,116,4.268
76,116,4.264
78,116,4.252
80,116,4.242
82,116,4.235
84,116,4.232
86,116,4.233
88,116,4.236
90,116,4.235
92,116,4.228
94,116,4.222
96,116,4.216
98,116,4.212
100,116,4.204
102,116,4.192
104,116,4.172
106,116,4.153
108,116,4.137
110,116,4.120
112,116,4.106
114,116,4.092
116,116,4.091
118,116,4.086
120,116,4.080
122,116,4.073
124,116,4.071
126,116,4.046
128,116,4.028
130,116,4.013
132,116,3.995
134,116,3.978
136,116,3.963
138,116,3.945
140,116,3.925
142,116,3.901
144,116,3.881
146,116,3.865
148,116,3.847
150,116,3.827
150,118,3.788
148,118,3.811
146,118,3.823
144,118,3.837
142,118,3.851
140,118,3.864
138,118,3.886
136,118,3.903
134,118,3.918
132,118,3.936
130,118,3.954
128,118,3.972
126,118,3.987
124,118,4.005
122,118,4.025
120,118,4.041
118,118,4.054
116,118,4.072
114,118,4.079
112,118,4.074
110,118,4.077
108,118,4.086
106,118,4.094
104,118,4.098
102,118,4.104
100,118,4.116
98,118,4.129
96,118,4.145
94,118,4.158
92,118,4.175
90,118,4.189
88,118,4.203
86,118,4.214
84,118,4.221
82,118,4.225
80,118,4.229
78,118,4.230
76,118,4.229
74,118,4.225
72,118,4.221
70,118,4.215
68,118,4.215
66,118,4.220
64,118,4.230
62,118,4.245
60,118,4.260
58,118,4.265
56,118,4.265
54,118,4.267
52,118,4.266
50,118,4.266
48,118,4.266
46,118,4.266
44,118,4.266
42,118,4.271
40,118,4.273
38,118,4.269
36,118,4.261
34,118,4.252
32,118,4.250
30,118,4.248
28,118,4.246
26,118,4.240
24,118,4.233
22,118,4.220
20,118,4.210
18,118,4.200
16,118,4.183
14,118,4.169
12,118,4.164
10,118,4.152
8,118,4.132
6,118,4.106
4,118,4.077
2,118,4.064
0,118,4.040
0,120,4.064
2,120,4.068
4,120,4.077
6,120,4.085
8,120,4.096
10,120,4.111
12,120,4.127
14,120,4.146
16,120,4.164
18,120,4.175
20,120,4.185
22,120,4.195
24,120,4.201
26,120,4.206
28,120,4.217
30,120,4.229
32,120,4.235
34,120,4.243
36,120,4.250
38,120,4.257
40,120,4.262
42,120,4.266
44,120,4.267
46,120,4.266
48,120,4.266
50,120,4.270
52,120,4.276
54,120,4.280
56,120,4.278
58,120,4.272
60,120,4.267
62,120,4.263
64,120,4.261
66,120,4.260
68,120,4.259
70,120,4.254
72,120,4.251
74,120,4.247
76,120,4.236
78,120,4.220
80,120,4.206
82,120,4.194
84,120,4.192
86,120,4.195
88,120,4.202
90,120,4.202
92,120,4.199
94,120,4.194
96,120,4.188
98,120,4.181
100,120,4.169
102,120,4.151
104,120,4.125
106,120,4.106
108,120,4.093
110,120,4.078
112,120,4.047
114,120,4.027
116,120,4.022
118,120,4.022
120,120,4.017
122,120,4.010
124,120,4.003
126,120,3.996
128,120,3.979
130,120,3.960
132,120,3.939
134,120,3.910
136,120,3.883
138,120,3.863
140,120,3.845
142,120,3.821
144,120,3.801
146,120,3.780
148,120,3.756
150,120,3.737
150,122,3.688
148,122,3.705
146,122,3.721
144,122,3.753
142,122,3.769
140,122,3.786
138,122,3.810
136,122,3.823
134,122,3.840
132,122,3.856
130,122,3.877
128,122,3.906
126,122,3.938
124,122,3.959
122,122,3.973
120,122,3.992
118,122,4.010
116,122,4.009
114,122,4.008
112,122,4.017
110,122,4.024
108,122,4.027
106,122,4.034
104,122,4.048
102,122,4.066
100,122,4.083
98,122,4.094
96,122,4.109
94,122,4.131
92,122,4.148
90,122,4.158
88,122,4.169
86,122,4.182
84,122,4.193
82,122,4.197
80,122,4.201
78,122,4.201
76,122,4.200
74,122,4.195
72,122,4.187
70,122,4.183
68,122,4.187
66,122,4.195
64,122,4.208
62,122,4.226
60,122,4.241
58,122,4.247
56,122,4.248
54,122,4.254
52,122,4.261
50,122,4.265
48,122,4.269
46,122,4.269
44,122,4.273
42,122,4.279
40,122,4.282
38,122,4.278
36,122,4.270
34,122,4.264
32,122,4.266
30,122,4.266
28,122,4.260
26,122,4.252
24,122,4.246
22,122,4.237
20,122,4.226
18,122,4.219
16,122,4.208
14,122,4.198
12,122,4.190
10,122,4.178
8,122,4.164
6,122,4.133
4,122,4.106
2,122,4.092
0,122,4.079
0,124,4.093
2,124,4.098
4,124,4.106
6,124,4.114
8,124,4.126
10,124,4.136
12,124,4.149
14,124,4.166
16,124,4.184
18,124,4.199
20,124,4.211
22,124,4.222
24,124,4.229
26,124,4.233
28,124,4.237
30,124,4.242
32,124,4.248
34,124,4.255
36,124,4.262
38,124,4.269
40,124,4.272
42,124,4.276
44,124,4.278
46,124,4.277
48,124,4.273
50,124,4.274
52,124,4.277
54,124,4.281
56,124,4.281
58,124,4.274
60,124,4.266
62,124,4.260
64,124,4.257
66,124,4.249
68,124,4.242
70,124,4.235
72,124,4.229
74,124,4.219
76,124,4.203
78,124,4.184
80,124,4.165
82,124,4.150
84,124,4.144
86,124,4.145
88,124,4.153
90,124,4.154
92,124,4.153
94,124,4.149
96,124,4.144
98,124,4.134
100,124,4.119
102,124,4.102
104,124,4.085
106,124,4.064
108,124,4.042
110,124,4.022
112,124,4.007
114,124,3.986
116,124,3.970
118,124,3.949
120,124,3.937
122,124,3.933
124,124,3.934
126,124,3.935
128,124,3.922
130,124,3.897
132,124,3.866
134,124,3.833
136,124,3.804
138,124,3.772
140,124,3.752
142,124,3.735
144,124,3.718
146,124,3.694
148,124,3.667
150,124,3.630
150,126,3.589
148,126,3.605
146,126,3.629
144,126,3.656
142,126,3.680
140,126,3.696
138,126,3.719
136,126,3.738
134,126,3.755
132,126,3.776
130,126,3.816
128,126,3.839
126,126,3.864
124,126,3.880
122,126,3.901
120,126,3.921
118,126,3.936
116,126,3.944
114,126,3.943
112,126,3.938
110,126,3.948
108,126,3.961
106,126,3.969
104,126,3.988
102,126,4.007
100,126,4.031
98,126,4.049
96,126,4.068
94,126,4.081
92,126,4.093
90,126,4.102
88,126,4.115
86,126,4.128
84,126,4.141
82,126,4.149
80,126,4.152
78,126,4.154
76,126,4.158
74,126,4.160
72,126,4.157
70,126,4.156
68,126,4.164
66,126,4.175
64,126,4.189
62,126,4.206
60,126,4.217
58,126,4.222
56,126,4.226
54,126,4.233
52,126,4.244
50,126,4.252
48,126,4.261
46,126,4.264
44,126,4.268
42,126,4.271
40,126,4.275
38,126,4.278
36,126,4.277
34,126,4.277
32,126,4.278
30,126,4.278
28,126,4.275
26,126,4.270
24,126,4.265
22,126,4.260
20,126,4.252
18,126,4.242
16,126,4.234
14,126,4.232
12,126,4.225
10,126,4.211
8,126,4.194
6,126,4.169
4,126,4.149
2,126,4.138
0,126,4.121
0,128,4.136
2,128,4.136
4,128,4.142
6,128,4.148
8,128,4.158
10,128,4.170
12,128,4.182
14,128,4.195
16,128,4.209
18,128,4.223
20,128,4.232
22,128,4.242
24,128,4.251
26,128,4.254
28,128,4.253
30,128,4.258
32,128,4.265
34,128,4.269
36,128,4.274
38,128,4.276
40,128,4.278
42,128,4.280
44,128,4.281
46,128,4.279
48,128,4.275
50,128,4.272
52,128,4.271
54,128,4.268
56,128,4.262
58,128,4.256
60,128,4.249
62,128,4.241
64,128,4.234
66,128,4.226
68,128,4.218
70,128,4.203
72,128,4.191
74,128,4.183
76,128,4.172
78,128,4.152
80,128,4.134
82,128,4.117
84,128,4.107
86,128,4.104
88,128,4.108
90,128,4.103
92,128,4.094
94,128,4.092
96,128,4.082
98,128,4.070
100,128,4.058
102,128,4.042
104,128,4.022
106,128,3.995
108,128,3.969
110,128,3.954
112,128,3.930
114,128,3.898
116,128,3.878
118,128,3.863
120,128,3.848
122,128,3.836
124,128,3.837
126,128,3.831
128,128,3.814
130,128,3.791
132,128,3.766
134,128,3.736
136,128,3.699
138,128,3.671
140,128,3.638
142,128,3.612
144,128,3.585
146,128,3.564
148,128,3.548
150,128,3.515
150,130,3.461
148,130,3.481
146,130,3.514
144,130,3.540
142,130,3.561
140,130,3.583
138,130,3.604
136,130,3.621
134,130,3.641
132,130,3.662
130,130,3.692
128,130,3.721
126,130,3.760
124,130,3.797
122,130,3.798
120,130,3.803
118,130,3.815
116,130,3.837
114,130,3.838
112,130,3.839
110,130,3.855
108,130,3.868
106,130,3.884
104,130,3.905
102,130,3.928
100,130,3.954
98,130,3.971
96,130,3.993
94,130,4.015
92,130,4.031
90,130,4.048
88,130,4.058
86,130,4.069
84,130,4.082
82,130,4.096
80,130,4.102
78,130,4.104
76,130,4.108
74,130,4.119
72,130,4.120
70,130,4.127
68,130,4.138
66,130,4.155
64,130,4.174
62,130,4.186
60,130,4.193
58,130,4.197
56,130,4.201
54,130,4.211
52,130,4.222
50,130,4.231
48,130,4.239
46,130,4.246
44,130,4.251
42,130,4.255
40,130,4.262
38,130,4.271
36,130,4.275
34,130,4.276
32,130,4.278
30,130,4.280
28,130,4.282
26,130,4.282
24,130,4.280
22,130,4.276
20,130,4.265
18,130,4.253
16,130,4.247
14,130,4.248
12,130,4.242
10,130,4.230
8,130,4.213
6,130,4.199
4,130,4.178
2,130,4.170
0,130,4.157
0,132,4.170
2,132,4.171
4,132,4.179
6,132,4.184
8,132,4.191
10,132,4.198
12,132,4.207
14,132,4.216
16,132,4.226
18,132,4.238
20,132,4.249
22,132,4.256
24,132,4.261
26,132,4.262
28,132,4.260
30,132,4.262
32,132,4.269
34,132,4.278
36,132,4.283
38,132,4.283
40,132,4.283
42,132,4.280
44,132,4.277
46,132,4.272
48,132,4.267
50,132,4.263
52,132,4.259
54,132,4.250
56,132,4.242
58,132,4.235
60,132,4.227
62,132,4.218
64,132,4.207
66,132,4.196
68,132,4.181
70,132,4.167
72,132,4.154
74,132,4.151
76,132,4.144
78,132,4.123
80,132,4.103
82,132,4.083
84,132,4.069
86,132,4.064
88,132,4.058
90,132,4.047
92,132,4.038
94,132,4.029
96,132,4.015
98,132,4.003
100,132,3.993
102,132,3.961
104,132,3.943
106,132,3.922
108,132,3.900
110,132,3.875
112,132,3.844
114,132,3.812
116,132,3.781
118,132,3.757
120,132,3.741
122,132,3.733
124,132,3.729
126,132,3.719
128,132,3.700
130,132,3.683
132,132,3.655
134,132,3.618
136,132,3.579
138,132,3.544
140,132,3.523
142,132,3.489
144,132,3.467
146,132,3.444
148,132,3.426
150,132,3.399
150,134,3.354
148,134,3.375
146,134,3.399
144,134,3.408
142,134,3.437
140,134,3.463
138,134,3.488
136,134,3.509
134,134,3.535
132,134,3.557
130,134,3.578
128,134,3.596
126,134,3.638
124,134,3.666
122,134,3.681
120,134,3.689
118,134,3.702
116,134,3.718
114,134,3.725
112,134,3.750
110,134,3.771
108,134,3.776
106,134,3.796
104,134,3.836
102,134,3.849
100,134,3.861
98,134,3.888
96,134,3.914
94,134,3.935
92,134,3.959
90,134,3.976
88,134,3.992
86,134,4.009
84,134,4.020
82,134,4.027
80,134,4.037
78,134,4.049
76,134,4.056
74,134,4.064
72,134,4.077
70,134,4.095
68,134,4.109
66,134,4.123
64,134,4.135
62,134,4.146
60,134,4.154
58,134,4.162
56,134,4.171
54,134,4.184
52,134,4.195
50,134,4.208
48,134,4.218
46,134,4.225
44,134,4.231
42,134,4.240
40,134,4.250
38,134,4.256
36,134,4.263
34,134,4.268
32,134,4.271
30,134,4.278
28,134,4.285
26,134,4.289
24,134,4.290
22,134,4.286
20,134,4.274
18,134,4.261
16,134,4.254
14,134,4.257
12,134,4.255
10,134,4.245
8,134,4.231
6,134,4.217
4,134,4.202
2,134,4.195
0,134,4.190
0,136,4.199
2,136,4.200
4,136,4.209
6,136,4.215
8,136,4.217
10,136,4.219
12,136,4.224
14,136,4.232
16,136,4.241
18,136,4.252
20,136,4.260
22,136,4.267
24,136,4.270
26,136,4.267
28,136,4.264
30,136,4.267
32,136,4.272
34,136,4.282
36,136,4.288
38,136,4.287
40,136,4.283
42,136,4.278
44,136,4.270
46,136,4.260
48,136,4.255
50,136,4.247
52,136,4.237
54,136,4.228
56,136,4.216
58,136,4.202
60,136,4.190
62,136,4.181
64,136,4.171
66,136,4.161
68,136,4.140
70,136,4.126
72,136,4.112
74,136,4.105
76,136,4.095
78,136,4.084
80,136,4.066
82,136,4.044
84,136,4.026
86,136,4.009
88,136,3.998
90,136,3.983
92,136,3.967
94,136,3.952
96,136,3.938
98,136,3.925
100,136,3.896
102,136,3.872
104,136,3.855
106,136,3.819
108,136,3.795
110,136,3.764
112,136,3.733
114,136,3.703
116,136,3.674
118,136,3.650
120,136,3.634
122,136,3.612
124,136,3.583
126,136,3.573
128,136,3.557
130,136,3.529
132,136,3.503
134,136,3.475
136,136,3.438
138,136,3.400
140,136,3.375
142,136,3.363
144,136,3.336
146,136,3.296
148,136,3.271
150,136,3.239
150,138,3.226
148,138,3.225
146,138,3.260
144,138,3.290
142,138,3.304
140,138,3.310
138,138,3.340
136,138,3.379
134,138,3.417
132,138,3.425
130,138,3.435
128,138,3.458
126,138,3.482
124,138,3.502
122,138,3.529
120,138,3.557
118,138,3.581
116,138,3.591
114,138,3.608
112,138,3.630
110,138,3.647
108,138,3.671
106,138,3.694
104,138,3.721
102,138,3.751
100,138,3.759
98,138,3.783
96,138,3.814
94,138,3.845
92,138,3.871
90,138,3.894
88,138,3.912
86,138,3.930
84,138,3.948
82,138,3.963
80,138,3.973
78,138,3.982
76,138,3.993
74,138,4.009
72,138,4.024
70,138,4.041
68,138,4.056
66,138,4.074
64,138,4.088
62,138,4.100
60,138,4.111
58,138,4.121
56,138,4.133
54,138,4.152
52,138,4.165
50,138,4.176
48,138,4.187
46,138,4.197
44,138,4.208
42,138,4.223
40,138,4.232
38,138,4.236
36,138,4.244
34,138,4.254
32,138,4.264
30,138,4.274
28,138,4.284
26,138,4.290
24,138,4.289
22,138,4.285
20,138,4.276
18,138,4.265
16,138,4.261
14,138,4.265
12,138,4.263
10,138,4.254
8,138,4.241
6,138,4.226
4,138,4.216
2,138,4.213
0,138,4.208
0,140,4.216
2,140,4.215
4,140,4.221
6,140,4.225
8,140,4.228
10,140,4.232
12,140,4.233
14,140,4.239
16,140,4.247
18,140,4.259
20,140,4.268
22,140,4.273
24,140,4.276
26,140,4.274
28,140,4.268
30,140,4.267
32,140,4.271
34,140,4.276
36,140,4.279
38,140,4.279
40,140,4.276
42,140,4.270
44,140,4.257
46,140,4.245
48,140,4.237
50,140,4.221
52,140,4.210
54,140,4.204
56,140,4.194
58,140,4.177
60,140,4.163
62,140,4.152
64,140,4.143
66,140,4.119
68,140,4.102
70,140,4.085
72,140,4.064
74,140,4.044
76,140,4.028
78,140,4.016
80,140,3.997
82,140,3.973
84,140,3.950
86,140,3.933
88,140,3.910
90,140,3.889
92,140,3.872
94,140,3.860
96,140,3.841
98,140,3.813
100,140,3.779
102,140,3.747
104,140,3.714
106,140,3.682
108,140,3.643
110,140,3.610
112,140,3.596
114,140,3.559
116,140,3.520
118,140,3.493
120,140,3.473
122,140,3.459
124,140,3.429
126,140,3.402
128,140,3.382
130,140,3.360
132,140,3.326
134,140,3.294
136,140,3.254
138,140,3.224
140,140,3.202
142,140,3.168
144,140,3.142
146,140,3.114
148,140,3.092
150,140,3.060
150,142,3.017
148,142,3.045
146,142,3.064
144,142,3.096
142,142,3.124
140,142,3.157
138,142,3.176
136,142,3.196
134,142,3.224
132,142,3.247
130,142,3.264
128,142,3.307
126,142,3.342
124,142,3.365
122,142,3.382
120,142,3.405
118,142,3.425
116,142,3.447
114,142,3.470
112,142,3.496
110,142,3.526
108,142,3.543
106,142,3.556
104,142,3.599
102,142,3.624
100,142,3.643
98,142,3.661
96,142,3.692
94,142,3.721
92,142,3.759
90,142,3.788
88,142,3.816
86,142,3.833
84,142,3.850
82,142,3.871
80,142,3.885
78,142,3.900
76,142,3.916
74,142,3.934
72,142,3.951
70,142,3.965
68,142,3.996
66,142,4.015
64,142,4.028
62,142,4.044
60,142,4.061
58,142,4.074
56,142,4.089
54,142,4.108
52,142,4.123
50,142,4.142
48,142,4.151
46,142,4.162
44,142,4.176
42,142,4.192
40,142,4.203
38,142,4.211
36,142,4.217
34,142,4.230
32,142,4.246
30,142,4.261
28,142,4.274
26,142,4.283
24,142,4.286
22,142,4.283
20,142,4.277
18,142,4.269
16,142,4.270
14,142,4.276
12,142,4.272
10,142,4.260
8,142,4.247
6,142,4.233
4,142,4.225
2,142,4.224
0,142,4.220
0,144,4.227
2,144,4.228
4,144,4.233
6,144,4.236
8,144,4.238
10,144,4.240
12,144,4.241
14,144,4.247
16,144,4.255
18,144,4.263
20,144,4.270
22,144,4.276
24,144,4.279
26,144,4.276
28,144,4.267
30,144,4.263
32,144,4.265
34,144,4.267
36,144,4.269
38,144,4.267
40,144,4.260
42,144,4.251
44,144,4.240
46,144,4.225
48,144,4.203
50,144,4.184
52,144,4.170
54,144,4.163
56,144,4.156
58,144,4.140
60,144,4.121
62,144,4.108
64,144,4.095
66,144,4.075
68,144,4.054
70,144,4.031
72,144,4.010
74,144,3.989
76,144,3.972
78,144,3.948
80,144,3.926
82,144,3.904
84,144,3.883
86,144,3.861
88,144,3.848
90,144,3.828
92,144,3.815
94,144,3.803
96,144,3.789
98,144,3.769
100,144,3.734
102,144,3.694
104,144,3.664
106,144,3.636
108,144,3.609
110,144,3.579
112,144,3.546
114,144,3.504
116,144,3.481
118,144,3.458
120,144,3.425
122,144,3.389
124,144,3.372
126,144,3.354
128,144,3.325
130,144,3.301
132,144,3.268
134,144,3.255
136,144,3.219
138,144,3.184
140,144,3.155
142,144,3.134
144,144,3.119
146,144,3.081
148,144,3.063
150,144,3.025
150,146,2.981
148,146,3.001
146,146,3.036
144,146,3.065
142,146,3.079
140,146,3.102
138,146,3.122
136,146,3.161
134,146,3.204
132,146,3.225
130,146,3.241
128,146,3.259
126,146,3.268
124,146,3.284
122,146,3.319
120,146,3.353
118,146,3.378
116,146,3.398
114,146,3.415
112,146,3.436
110,146,3.458
108,146,3.479
106,146,3.522
104,146,3.546
102,146,3.560
100,146,3.584
98,146,3.622
96,146,3.650
94,146,3.677
92,146,3.705
90,146,3.717
88,146,3.755
86,146,3.779
84,146,3.803
82,146,3.815
80,146,3.830
78,146,3.842
76,146,3.858
74,146,3.877
72,146,3.891
70,146,3.909
68,146,3.920
66,146,3.937
64,146,3.958
62,146,3.984
60,146,4.000
58,146,4.022
56,146,4.041
54,146,4.062
52,146,4.082
50,146,4.099
48,146,4.113
46,146,4.130
44,146,4.144
42,146,4.161
40,146,4.170
38,146,4.178
36,146,4.193
34,146,4.212
32,146,4.231
30,146,4.245
28,146,4.256
26,146,4.265
24,146,4.272
22,146,4.273
20,146,4.268
18,146,4.265
16,146,4.271
14,146,4.277
12,146,4.273
10,146,4.264
8,146,4.254
6,146,4.243
4,146,4.235
2,146,4.235
0,146,4.229
0,148,4.233
2,148,4.234
4,148,4.240
6,148,4.246
8,148,4.249
10,148,4.248
12,148,4.250
14,148,4.254
16,148,4.260
18,148,4.266
20,148,4.271
22,148,4.275
24,148,4.277
26,148,4.274
28,148,4.264
30,148,4.256
32,148,4.254
34,148,4.255
36,148,4.256
38,148,4.253
40,148,4.245
42,148,4.232
44,148,4.218
46,148,4.202
48,148,4.183
50,148,4.162
52,148,4.144
54,148,4.125
56,148,4.116
58,148,4.102
60,148,4.086
62,148,4.064
64,148,4.042
66,148,4.019
68,148,4.001
70,148,3.978
72,148,3.947
74,148,3.925
76,148,3.902
78,148,3.878
80,148,3.854
82,148,3.838
84,148,3.815
86,148,3.797
88,148,3.783
90,148,3.759
92,148,3.749
94,148,3.728
96,148,3.705
98,148,3.679
100,148,3.669
102,148,3.648
104,148,3.599
106,148,3.563
108,148,3.526
110,148,3.496
112,148,3.471
114,148,3.439
116,148,3.402
118,148,3.368
120,148,3.336
122,148,3.306
124,148,3.278
126,148,3.238
128,148,3.202
130,148,3.171
132,148,3.142
134,148,3.120
136,148,3.093
138,148,3.039
140,148,2.999
142,148,2.965
144,148,2.942
146,148,2.899
148,148,2.875
150,148,2.839
150,150,2.795
148,150,2.830
146,150,2.854
144,150,2.869
142,150,2.902
140,150,2.940
138,150,2.983
136,150,3.014
134,150,3.041
132,150,3.065
130,150,3.094
128,150,3.118
126,150,3.151
124,150,3.173
122,150,3.208
120,150,3.236
118,150,3.264
116,150,3.286
114,150,3.315
112,150,3.341
110,150,3.367
108,150,3.399
106,150,3.440
104,150,3.473
102,150,3.493
100,150,3.522
98,150,3.555
96,150,3.577
94,150,3.603
92,150,3.632
90,150,3.661
88,150,3.688
86,150,3.711
84,150,3.729
82,150,3.743
80,150,3.761
78,150,3.781
76,150,3.796
74,150,3.811
72,150,3.826
70,150,3.848
68,150,3.861
66,150,3.880
64,150,3.904
62,150,3.928
60,150,3.949
58,150,3.971
56,150,3.987
54,150,4.010
52,150,4.027
50,150,4.045
48,150,4.066
46,150,4.084
44,150,4.102
42,150,4.110
40,150,4.123
38,150,4.140
36,150,4.154
34,150,4.170
32,150,4.187
30,150,4.209
28,150,4.223
26,150,4.236
24,150,4.246
22,150,4.252
20,150,4.254
18,150,4.258
16,150,4.265
14,150,4.273
12,150,4.273
10,150,4.271
8,150,4.266
6,150,4.258
4,150,4.258
2,150,4.258
0,150,4.247
