0,0,7.774
2,0,7.719
4,0,7.650
6,0,7.585
8,0,7.516
10,0,7.454
12,0,7.394
14,0,7.331
16,0,7.266
18,0,7.200
20,0,7.182
22,0,7.211
24,0,7.274
26,0,7.344
28,0,7.406
30,0,7.456
32,0,7.505
34,0,7.558
36,0,7.610
38,0,7.651
40,0,7.670
42,0,7.664
44,0,7.639
46,0,7.603
48,0,7.561
50,0,7.514
52,0,7.466
54,0,7.405
56,0,7.332
58,0,7.291
60,0,7.326
62,0,7.416
64,0,7.485
66,0,7.510
68,0,7.509
70,0,7.496
72,0,7.458
74,0,7.387
76,0,7.269
78,0,7.136
80,0,7.054
82,0,7.054
84,0,7.126
86,0,7.226
88,0,7.310
90,0,7.353
92,0,7.377
94,0,7.413
96,0,7.468
98,0,7.529
100,0,7.587
102,0,7.635
104,0,7.671
106,0,7.697
108,0,7.711
110,0,7.711
112,0,7.703
114,0,7.693
116,0,7.691
118,0,7.694
120,0,7.698
122,0,7.693
124,0,7.676
126,0,7.650
128,0,7.630
130,0,7.624
132,0,7.640
134,0,7.678
136,0,7.727
138,0,7.766
140,0,7.780
142,0,7.764
144,0,7.711
146,0,7.628
148,0,7.517
150,0,7.373
150,2,7.188
148,2,7.331
146,2,7.449
144,2,7.550
142,2,7.624
140,2,7.668
138,2,7.690
136,2,7.695
134,2,7.679
132,2,7.657
130,2,7.625
128,2,7.590
126,2,7.560
124,2,7.542
122,2,7.534
120,2,7.543
118,2,7.563
116,2,7.593
114,2,7.624
112,2,7.650
110,2,7.670
108,2,7.684
106,2,7.694
104,2,7.706
102,2,7.720
100,2,7.735
98,2,7.751
96,2,7.764
94,2,7.768
92,2,7.763
90,2,7.748
88,2,7.726
86,2,7.697
84,2,7.660
82,2,7.623
80,2,7.591
78,2,7.573
76,2,7.567
74,2,7.564
72,2,7.541
70,2,7.484
68,2,7.416
66,2,7.371
64,2,7.373
62,2,7.434
60,2,7.539
58,2,7.649
56,2,7.727
54,2,7.771
52,2,7.789
50,2,7.795
48,2,7.778
46,2,7.732
44,2,7.649
42,2,7.552
40,2,7.489
38,2,7.502
36,2,7.568
34,2,7.644
32,2,7.722
30,2,7.784
28,2,7.826
26,2,7.849
24,2,7.852
22,2,7.835
20,2,7.794
18,2,7.742
16,2,7.693
14,2,7.658
12,2,7.605
10,2,7.542
8,2,7.443
6,2,7.349
4,2,7.317
2,2,7.348
0,2,7.403
0,4,7.438
2,4,7.453
4,4,7.457
6,4,7.453
8,4,7.451
10,4,7.447
12,4,7.462
14,4,7.502
16,4,7.562
18,4,7.625
20,4,7.689
22,4,7.742
24,4,7.779
26,4,7.800
28,4,7.813
30,4,7.833
32,4,7.863
34,4,7.905
36,4,7.939
38,4,7.958
40,4,7.961
42,4,7.949
44,4,7.915
46,4,7.860
48,4,7.792
50,4,7.716
52,4,7.648
54,4,7.590
56,4,7.574
58,4,7.630
60,4,7.728
62,4,7.814
64,4,7.863
66,4,7.881
68,4,7.883
70,4,7.869
72,4,7.833
74,4,7.765
76,4,7.665
78,4,7.574
80,4,7.521
82,4,7.528
84,4,7.576
86,4,7.630
88,4,7.658
90,4,7.657
92,4,7.652
94,4,7.660
96,4,7.683
98,4,7.713
100,4,7.746
102,4,7.771
104,4,7.787
106,4,7.793
108,4,7.786
110,4,7.768
112,4,7.746
114,4,7.722
116,4,7.702
118,4,7.681
120,4,7.656
122,4,7.622
124,4,7.578
126,4,7.531
128,4,7.489
130,4,7.463
132,4,7.460
134,4,7.481
136,4,7.520
138,4,7.563
140,4,7.600
142,4,7.619
144,4,7.598
146,4,7.502
148,4,7.288
150,4,6.955
150,6,6.515
148,6,6.848
146,6,7.125
144,6,7.336
142,6,7.486
140,6,7.565
138,6,7.593
136,6,7.587
134,6,7.561
132,6,7.529
130,6,7.492
128,6,7.463
126,6,7.444
124,6,7.439
122,6,7.451
120,6,7.476
118,6,7.514
116,6,7.559
114,6,7.603
112,6,7.643
110,6,7.675
108,6,7.702
106,6,7.726
104,6,7.745
102,6,7.764
100,6,7.783
98,6,7.802
96,6,7.817
94,6,7.824
92,6,7.823
90,6,7.814
88,6,7.799
86,6,7.781
84,6,7.764
82,6,7.748
80,6,7.737
78,6,7.737
76,6,7.746
74,6,7.755
72,6,7.763
70,6,7.757
68,6,7.744
66,6,7.746
64,6,7.776
62,6,7.825
60,6,7.882
58,6,7.924
56,6,7.951
54,6,7.966
52,6,7.972
50,6,7.968
48,6,7.948
46,6,7.892
44,6,7.808
42,6,7.718
40,6,7.667
38,6,7.675
36,6,7.718
34,6,7.784
32,6,7.877
30,6,7.979
28,6,8.049
26,6,8.072
24,6,8.058
22,6,8.027
20,6,7.984
18,6,7.942
16,6,7.921
14,6,7.903
12,6,7.857
10,6,7.787
8,6,7.702
6,6,7.616
4,6,7.564
2,6,7.549
0,6,7.527
0,8,7.562
2,8,7.592
4,8,7.615
6,8,7.634
8,8,7.650
10,8,7.663
12,8,7.685
14,8,7.724
16,8,7.773
18,8,7.823
20,8,7.872
22,8,7.915
24,8,7.955
26,8,7.983
28,8,7.998
30,8,8.010
32,8,8.031
34,8,8.061
36,8,8.088
38,8,8.111
40,8,8.121
42,8,8.103
44,8,8.044
46,8,7.944
48,8,7.840
50,8,7.771
52,8,7.737
54,8,7.721
56,8,7.733
58,8,7.786
60,8,7.864
62,8,7.936
64,8,7.981
66,8,7.996
68,8,7.999
70,8,7.996
72,8,7.985
74,8,7.969
76,8,7.940
78,8,7.901
80,8,7.864
82,8,7.843
84,8,7.835
86,8,7.829
88,8,7.820
90,8,7.812
92,8,7.806
94,8,7.809
96,8,7.816
98,8,7.828
100,8,7.843
102,8,7.859
104,8,7.871
106,8,7.876
108,8,7.871
110,8,7.858
112,8,7.842
114,8,7.823
116,8,7.803
118,8,7.777
120,8,7.740
122,8,7.692
124,8,7.634
126,8,7.574
128,8,7.515
130,8,7.473
132,8,7.452
134,8,7.455
136,8,7.480
138,8,7.516
140,8,7.554
142,8,7.567
144,8,7.511
146,8,7.315
148,8,6.907
150,8,6.316
150,10,5.772
148,10,6.295
146,10,6.733
144,10,7.089
142,10,7.346
140,10,7.491
138,10,7.552
136,10,7.559
134,10,7.541
132,10,7.515
130,10,7.490
128,10,7.472
126,10,7.468
124,10,7.479
122,10,7.508
120,10,7.549
118,10,7.602
116,10,7.659
114,10,7.718
112,10,7.771
110,10,7.816
108,10,7.852
106,10,7.880
104,10,7.899
102,10,7.911
100,10,7.920
98,10,7.927
96,10,7.932
94,10,7.931
92,10,7.925
90,10,7.912
88,10,7.901
86,10,7.893
84,10,7.886
82,10,7.881
80,10,7.878
78,10,7.879
76,10,7.878
74,10,7.879
72,10,7.886
70,10,7.897
68,10,7.914
66,10,7.934
64,10,7.959
62,10,7.981
60,10,7.996
58,10,8.000
56,10,7.999
54,10,7.994
52,10,7.987
50,10,7.979
48,10,7.962
46,10,7.930
44,10,7.877
42,10,7.822
40,10,7.781
38,10,7.746
36,10,7.721
34,10,7.733
32,10,7.822
30,10,7.963
28,10,8.067
26,10,8.106
24,10,8.103
22,10,8.084
20,10,8.063
18,10,8.046
16,10,8.026
14,10,7.997
12,10,7.952
10,10,7.901
8,10,7.843
6,10,7.784
4,10,7.748
2,10,7.724
0,10,7.683
0,12,7.699
2,12,7.726
4,12,7.753
6,12,7.780
8,12,7.797
10,12,7.805
12,12,7.818
14,12,7.840
16,12,7.870
18,12,7.903
20,12,7.933
22,12,7.960
24,12,7.989
26,12,8.021
28,12,8.042
30,12,8.057
32,12,8.065
34,12,8.073
36,12,8.081
38,12,8.084
40,12,8.079
42,12,8.044
44,12,7.967
46,12,7.855
48,12,7.757
50,12,7.724
52,12,7.755
54,12,7.800
56,12,7.840
58,12,7.876
60,12,7.915
62,12,7.953
64,12,7.975
66,12,7.988
68,12,8.001
70,12,8.012
72,12,8.021
74,12,8.024
76,12,8.019
78,12,8.005
80,12,7.984
82,12,7.961
84,12,7.946
86,12,7.935
88,12,7.929
90,12,7.928
92,12,7.927
94,12,7.927
96,12,7.925
98,12,7.925
100,12,7.928
102,12,7.937
104,12,7.948
106,12,7.958
108,12,7.960
110,12,7.960
112,12,7.956
114,12,7.946
116,12,7.928
118,12,7.898
120,12,7.851
122,12,7.784
124,12,7.706
126,12,7.625
128,12,7.547
130,12,7.487
132,12,7.451
134,12,7.444
136,12,7.462
138,12,7.499
140,12,7.536
142,12,7.541
144,12,7.448
146,12,7.162
148,12,6.614
150,12,5.816
150,14,5.477
148,14,6.075
146,14,6.604
144,14,7.015
142,14,7.304
140,14,7.470
138,14,7.537
136,14,7.543
134,14,7.517
132,14,7.480
130,14,7.448
128,14,7.423
126,14,7.415
124,14,7.431
122,14,7.464
120,14,7.521
118,14,7.590
116,14,7.665
114,14,7.740
112,14,7.806
110,14,7.862
108,14,7.907
106,14,7.938
104,14,7.955
102,14,7.965
100,14,7.969
98,14,7.970
96,14,7.968
94,14,7.963
92,14,7.956
90,14,7.947
88,14,7.939
86,14,7.935
84,14,7.935
82,14,7.938
80,14,7.942
78,14,7.949
76,14,7.953
74,14,7.957
72,14,7.961
70,14,7.966
68,14,7.977
66,14,7.995
64,14,8.013
62,14,8.027
60,14,8.032
58,14,8.029
56,14,8.018
54,14,8.001
52,14,7.980
50,14,7.960
48,14,7.941
46,14,7.919
44,14,7.898
42,14,7.877
40,14,7.848
38,14,7.788
36,14,7.714
34,14,7.676
32,14,7.715
30,14,7.805
28,14,7.893
26,14,7.953
24,14,7.983
22,14,8.002
20,14,8.014
18,14,8.014
16,14,7.990
14,14,7.956
12,14,7.925
10,14,7.897
8,14,7.863
6,14,7.833
4,14,7.828
2,14,7.816
0,14,7.765
0,16,7.743
2,16,7.773
4,16,7.808
6,16,7.837
8,16,7.849
10,16,7.845
12,16,7.838
14,16,7.839
16,16,7.847
18,16,7.863
20,16,7.878
22,16,7.893
24,16,7.912
26,16,7.937
28,16,7.961
30,16,7.980
32,16,7.986
34,16,7.972
36,16,7.946
38,16,7.911
40,16,7.877
42,16,7.831
44,16,7.777
46,16,7.719
48,16,7.684
50,16,7.703
52,16,7.763
54,16,7.828
56,16,7.870
58,16,7.888
60,16,7.902
62,16,7.921
64,16,7.943
66,16,7.967
68,16,7.992
70,16,8.015
72,16,8.034
74,16,8.043
76,16,8.042
78,16,8.034
80,16,8.018
82,16,8.000
84,16,7.985
86,16,7.976
88,16,7.971
90,16,7.962
92,16,7.953
94,16,7.944
96,16,7.940
98,16,7.940
100,16,7.943
102,16,7.951
104,16,7.957
106,16,7.963
108,16,7.965
110,16,7.962
112,16,7.954
114,16,7.939
116,16,7.911
118,16,7.865
120,16,7.801
122,16,7.721
124,16,7.633
126,16,7.540
128,16,7.453
130,16,7.386
132,16,7.354
134,16,7.356
136,16,7.391
138,16,7.446
140,16,7.505
142,16,7.535
144,16,7.480
146,16,7.263
148,16,6.813
150,16,6.089
150,18,6.165
148,18,6.619
146,18,7.005
144,18,7.279
142,18,7.448
140,18,7.525
138,18,7.533
136,18,7.505
134,18,7.456
132,18,7.404
130,18,7.359
128,18,7.327
126,18,7.313
124,18,7.323
122,18,7.350
120,18,7.395
118,18,7.454
116,18,7.519
114,18,7.592
112,18,7.663
110,18,7.727
108,18,7.787
106,18,7.842
104,18,7.884
102,18,7.913
100,18,7.933
98,18,7.944
96,18,7.952
94,18,7.957
92,18,7.958
90,18,7.956
88,18,7.952
86,18,7.944
84,18,7.939
82,18,7.936
80,18,7.936
78,18,7.937
76,18,7.944
74,18,7.955
72,18,7.963
70,18,7.976
68,18,7.992
66,18,8.012
64,18,8.028
62,18,8.038
60,18,8.037
58,18,8.027
56,18,8.012
54,18,7.988
52,18,7.957
50,18,7.924
48,18,7.892
46,18,7.867
44,18,7.851
42,18,7.841
40,18,7.824
38,18,7.782
36,18,7.717
34,18,7.658
32,18,7.624
30,18,7.619
28,18,7.635
26,18,7.670
24,18,7.732
22,18,7.809
20,18,7.861
18,18,7.872
16,18,7.850
14,18,7.816
12,18,7.789
10,18,7.772
8,18,7.762
6,18,7.769
4,18,7.792
2,18,7.799
0,18,7.750
0,20,7.723
2,20,7.747
4,20,7.769
6,20,7.782
8,20,7.769
10,20,7.744
12,20,7.718
14,20,7.699
16,20,7.688
18,20,7.687
20,20,7.702
22,20,7.719
24,20,7.743
26,20,7.771
28,20,7.797
30,20,7.810
32,20,7.802
34,20,7.767
36,20,7.703
38,20,7.630
40,20,7.586
42,20,7.582
44,20,7.600
46,20,7.631
48,20,7.669
50,20,7.721
52,20,7.778
54,20,7.818
56,20,7.838
58,20,7.845
60,20,7.854
62,20,7.874
64,20,7.904
66,20,7.943
68,20,7.981
70,20,8.010
72,20,8.032
74,20,8.045
76,20,8.046
78,20,8.037
80,20,8.019
82,20,7.995
84,20,7.972
86,20,7.957
88,20,7.944
90,20,7.937
92,20,7.937
94,20,7.941
96,20,7.951
98,20,7.960
100,20,7.966
102,20,7.968
104,20,7.961
106,20,7.949
108,20,7.932
110,20,7.906
112,20,7.871
114,20,7.820
116,20,7.751
118,20,7.668
120,20,7.580
122,20,7.497
124,20,7.427
126,20,7.367
128,20,7.324
130,20,7.294
132,20,7.284
134,20,7.292
136,20,7.325
138,20,7.384
140,20,7.456
142,20,7.523
144,20,7.564
146,20,7.538
148,20,7.393
150,20,7.090
150,22,7.339
148,22,7.480
146,22,7.576
144,22,7.618
142,22,7.616
140,22,7.587
138,22,7.540
136,22,7.484
134,22,7.427
132,22,7.381
130,22,7.343
128,22,7.317
126,22,7.304
124,22,7.301
122,22,7.298
120,22,7.298
118,22,7.303
116,22,7.319
114,22,7.353
112,22,7.404
110,22,7.470
108,22,7.546
106,22,7.629
104,22,7.710
102,22,7.776
100,22,7.829
98,22,7.871
96,22,7.902
94,22,7.931
92,22,7.952
90,22,7.967
88,22,7.976
86,22,7.977
84,22,7.970
82,22,7.955
80,22,7.938
78,22,7.922
76,22,7.910
74,22,7.903
72,22,7.901
70,22,7.905
68,22,7.918
66,22,7.945
64,22,7.983
62,22,8.017
60,22,8.038
58,22,8.042
56,22,8.031
54,22,8.007
52,22,7.970
50,22,7.926
48,22,7.880
46,22,7.844
44,22,7.824
42,22,7.819
40,22,7.815
38,22,7.806
36,22,7.778
34,22,7.728
32,22,7.659
30,22,7.569
28,22,7.481
26,22,7.440
24,22,7.484
22,22,7.571
20,22,7.644
18,22,7.675
16,22,7.666
14,22,7.627
12,22,7.567
10,22,7.524
8,22,7.522
6,22,7.564
4,22,7.638
2,22,7.730
0,22,7.773
0,24,7.813
2,24,7.821
4,24,7.801
6,24,7.750
8,24,7.675
10,24,7.594
12,24,7.521
14,24,7.469
16,24,7.432
18,24,7.418
20,24,7.440
22,24,7.492
24,24,7.555
26,24,7.613
28,24,7.647
30,24,7.657
32,24,7.640
34,24,7.595
36,24,7.529
38,24,7.469
40,24,7.457
42,24,7.508
44,24,7.597
46,24,7.689
48,24,7.758
50,24,7.799
52,24,7.822
54,24,7.830
56,24,7.830
58,24,7.831
60,24,7.844
62,24,7.870
64,24,7.916
66,24,7.966
68,24,8.009
70,24,8.039
72,24,8.054
74,24,8.047
76,24,8.011
78,24,7.947
80,24,7.881
82,24,7.838
84,24,7.832
86,24,7.850
88,24,7.872
90,24,7.893
92,24,7.917
94,24,7.945
96,24,7.970
98,24,7.983
100,24,7.979
102,24,7.962
104,24,7.935
106,24,7.898
108,24,7.851
110,24,7.794
112,24,7.723
114,24,7.635
116,24,7.532
118,24,7.430
120,24,7.342
122,24,7.286
124,24,7.267
126,24,7.281
128,24,7.310
130,24,7.343
132,24,7.365
134,24,7.376
136,24,7.392
138,24,7.426
140,24,7.476
142,24,7.544
144,24,7.619
146,24,7.687
148,24,7.730
150,24,7.739
150,26,7.810
148,26,7.795
146,26,7.765
144,26,7.724
142,26,7.675
140,26,7.622
138,26,7.573
136,26,7.528
134,26,7.495
132,26,7.475
130,26,7.464
128,26,7.463
126,26,7.460
124,26,7.446
122,26,7.417
120,26,7.377
118,26,7.333
116,26,7.288
114,26,7.266
112,26,7.272
110,26,7.306
108,26,7.365
106,26,7.442
104,26,7.522
102,26,7.602
100,26,7.673
98,26,7.742
96,26,7.803
94,26,7.854
92,26,7.894
90,26,7.925
88,26,7.945
86,26,7.950
84,26,7.933
82,26,7.897
80,26,7.851
78,26,7.808
76,26,7.769
74,26,7.712
72,26,7.609
70,26,7.489
68,26,7.416
66,26,7.462
64,26,7.615
62,26,7.806
60,26,7.953
58,26,8.027
56,26,8.052
54,26,8.046
52,26,8.019
50,26,7.977
48,26,7.924
46,26,7.876
44,26,7.841
42,26,7.824
40,26,7.820
38,26,7.824
36,26,7.823
34,26,7.808
32,26,7.764
30,26,7.682
28,26,7.589
26,26,7.527
24,26,7.534
22,26,7.592
20,26,7.642
18,26,7.648
16,26,7.605
14,26,7.501
12,26,7.353
10,26,7.242
8,26,7.238
6,26,7.339
4,26,7.517
2,26,7.725
0,26,7.882
0,28,7.928
2,28,7.914
4,28,7.859
6,28,7.768
8,28,7.642
10,28,7.501
12,28,7.357
14,28,7.239
16,28,7.153
18,28,7.125
20,28,7.169
22,28,7.281
24,28,7.424
26,28,7.558
28,28,7.646
30,28,7.692
32,28,7.706
34,28,7.685
36,28,7.645
38,28,7.611
40,28,7.613
42,28,7.658
44,28,7.725
46,28,7.783
48,28,7.817
50,28,7.833
52,28,7.836
54,28,7.833
56,28,7.832
58,28,7.845
60,28,7.873
62,28,7.916
64,28,7.969
66,28,8.014
68,28,8.045
70,28,8.052
72,28,8.026
74,28,7.951
76,28,7.774
78,28,7.476
80,28,7.206
82,28,7.101
84,28,7.189
86,28,7.377
88,28,7.528
90,28,7.595
92,28,7.634
94,28,7.703
96,28,7.799
98,28,7.870
100,28,7.898
102,28,7.884
104,28,7.842
106,28,7.784
108,28,7.711
110,28,7.631
112,28,7.549
114,28,7.471
116,28,7.399
118,28,7.343
120,28,7.312
122,28,7.313
124,28,7.350
126,28,7.412
128,28,7.476
130,28,7.528
132,28,7.557
134,28,7.562
136,28,7.558
138,28,7.558
140,28,7.571
142,28,7.600
144,28,7.648
146,28,7.703
148,28,7.761
150,28,7.814
150,30,7.819
148,30,7.788
146,30,7.756
144,30,7.728
142,30,7.698
140,30,7.672
138,30,7.650
136,30,7.634
134,30,7.630
132,30,7.631
130,30,7.635
128,30,7.640
126,30,7.636
124,30,7.621
122,30,7.597
120,30,7.560
118,30,7.516
116,30,7.469
114,30,7.427
112,30,7.398
110,30,7.378
108,30,7.368
106,30,7.374
104,30,7.394
102,30,7.425
100,30,7.472
98,30,7.534
96,30,7.605
94,30,7.677
92,30,7.741
90,30,7.778
88,30,7.759
86,30,7.643
84,30,7.431
82,30,7.192
80,30,7.026
78,30,6.978
76,30,7.013
74,30,6.998
72,30,6.897
70,30,6.741
68,30,6.665
66,30,6.760
64,30,7.027
62,30,7.406
60,30,7.703
58,30,7.852
56,30,7.929
54,30,7.975
52,30,7.987
50,30,7.971
48,30,7.934
46,30,7.890
44,30,7.848
42,30,7.818
40,30,7.800
38,30,7.791
36,30,7.781
34,30,7.767
32,30,7.743
30,30,7.707
28,30,7.667
26,30,7.648
24,30,7.656
22,30,7.688
20,30,7.707
18,30,7.682
16,30,7.587
14,30,7.378
12,30,7.089
10,30,6.887
8,30,6.903
6,30,7.110
4,30,7.403
2,30,7.689
0,30,7.892
0,32,7.918
2,32,7.884
4,32,7.804
6,32,7.681
8,32,7.512
10,32,7.305
12,32,7.089
14,32,6.887
16,32,6.742
18,32,6.689
20,32,6.766
22,32,6.967
24,32,7.221
26,32,7.443
28,32,7.585
30,32,7.653
32,32,7.674
34,32,7.666
36,32,7.645
38,32,7.629
40,32,7.630
42,32,7.647
44,32,7.676
46,32,7.708
48,32,7.732
50,32,7.751
52,32,7.767
54,32,7.780
56,32,7.794
58,32,7.817
60,32,7.850
62,32,7.889
64,32,7.924
66,32,7.947
68,32,7.937
70,32,7.892
72,32,7.819
74,32,7.700
76,32,7.444
78,32,7.055
80,32,6.734
82,32,6.581
84,32,6.633
86,32,6.723
88,32,6.725
90,32,6.639
92,32,6.556
94,32,6.637
96,32,6.905
98,32,7.269
100,32,7.550
102,32,7.651
104,32,7.614
106,32,7.528
108,32,7.436
110,32,7.368
112,32,7.327
114,32,7.317
116,32,7.331
118,32,7.364
120,32,7.410
122,32,7.457
124,32,7.502
126,32,7.543
128,32,7.583
130,32,7.620
132,32,7.653
134,32,7.680
136,32,7.699
138,32,7.708
140,32,7.716
142,32,7.720
144,32,7.730
146,32,7.743
148,32,7.762
150,32,7.785
150,34,7.779
148,34,7.768
146,34,7.761
144,34,7.759
142,34,7.758
140,34,7.755
138,34,7.751
136,34,7.743
134,34,7.734
132,34,7.717
130,34,7.693
128,34,7.656
126,34,7.610
124,34,7.566
122,34,7.523
120,34,7.484
118,34,7.453
116,34,7.424
114,34,7.390
112,34,7.348
110,34,7.294
108,34,7.242
106,34,7.193
104,34,7.155
102,34,7.132
100,34,7.122
98,34,7.134
96,34,7.181
94,34,7.251
92,34,7.319
90,34,7.314
88,34,7.154
86,34,6.839
84,34,6.476
82,34,6.173
80,34,6.040
78,34,6.097
76,34,6.292
74,34,6.506
72,34,6.635
70,34,6.636
68,34,6.648
66,34,6.754
64,34,6.994
62,34,7.246
60,34,7.407
58,34,7.487
56,34,7.553
54,34,7.619
52,34,7.665
50,34,7.682
48,34,7.679
46,34,7.671
44,34,7.661
42,34,7.656
40,34,7.641
38,34,7.618
36,34,7.586
34,34,7.554
32,34,7.519
30,34,7.491
28,34,7.470
26,34,7.452
24,34,7.443
22,34,7.452
20,34,7.467
18,34,7.457
16,34,7.357
14,34,7.084
12,34,6.650
10,34,6.274
8,34,6.210
6,34,6.536
4,34,7.023
2,34,7.444
0,34,7.716
0,36,7.632
2,36,7.566
4,36,7.445
6,36,7.279
8,36,7.041
10,36,6.731
12,36,6.377
14,36,6.061
16,36,5.892
18,36,5.943
20,36,6.186
22,36,6.540
24,36,6.890
26,36,7.152
28,36,7.292
30,36,7.349
32,36,7.363
34,36,7.358
36,36,7.356
38,36,7.362
40,36,7.376
42,36,7.393
44,36,7.409
46,36,7.423
48,36,7.452
50,36,7.487
52,36,7.522
54,36,7.548
56,36,7.557
58,36,7.553
60,36,7.543
62,36,7.542
64,36,7.530
66,36,7.509
68,36,7.480
70,36,7.415
72,36,7.345
74,36,7.281
76,36,7.191
78,36,7.016
80,36,6.804
82,36,6.680
84,36,6.664
86,36,6.646
88,36,6.459
90,36,6.158
92,36,5.917
94,36,5.887
96,36,6.089
98,36,6.433
100,36,6.787
102,36,6.993
104,36,7.012
106,36,6.943
108,36,6.873
110,36,6.855
112,36,6.870
114,36,6.892
116,36,6.918
118,36,6.954
120,36,7.001
122,36,7.050
124,36,7.102
126,36,7.154
128,36,7.210
130,36,7.274
132,36,7.357
134,36,7.430
136,36,7.491
138,36,7.535
140,36,7.567
142,36,7.590
144,36,7.607
146,36,7.617
148,36,7.631
150,36,7.645
150,38,7.441
148,38,7.397
146,38,7.347
144,38,7.317
142,38,7.287
140,38,7.266
138,38,7.241
136,38,7.218
134,38,7.194
132,38,7.159
130,38,7.114
128,38,7.056
126,38,6.984
124,38,6.910
122,38,6.845
120,38,6.769
118,38,6.683
116,38,6.596
114,38,6.523
112,38,6.458
110,38,6.417
108,38,6.387
106,38,6.361
104,38,6.350
102,38,6.336
100,38,6.312
98,38,6.294
96,38,6.295
94,38,6.318
92,38,6.349
90,38,6.368
88,38,6.293
86,38,6.111
84,38,5.886
82,38,5.721
80,38,5.705
78,38,5.849
76,38,6.095
74,38,6.286
72,38,6.306
70,38,6.225
68,38,6.185
66,38,6.213
64,38,6.277
62,38,6.339
60,38,6.397
58,38,6.438
56,38,6.459
54,38,6.458
52,38,6.456
50,38,6.457
48,38,6.492
46,38,6.619
44,38,6.762
42,38,6.852
40,38,6.870
38,38,6.837
36,38,6.798
34,38,6.790
32,38,6.805
30,38,6.811
28,38,6.814
26,38,6.826
24,38,6.827
22,38,6.816
20,38,6.819
18,38,6.832
16,38,6.805
14,38,6.632
12,38,6.218
10,38,5.691
8,38,5.350
6,38,5.518
4,38,6.080
2,38,6.613
0,38,6.936
0,40,6.633
2,40,6.522
4,40,6.381
6,40,6.202
8,40,5.964
10,40,5.673
12,40,5.384
14,40,5.199
16,40,5.204
18,40,5.417
20,40,5.748
22,40,6.082
24,40,6.325
26,40,6.448
28,40,6.487
30,40,6.487
32,40,6.477
34,40,6.489
36,40,6.503
38,40,6.521
40,40,6.540
42,40,6.539
44,40,6.531
46,40,6.497
48,40,6.470
50,40,6.468
52,40,6.507
54,40,6.555
56,40,6.534
58,40,6.421
60,40,6.228
62,40,6.020
64,40,5.892
66,40,5.875
68,40,5.938
70,40,6.002
72,40,6.007
74,40,5.981
76,40,5.930
78,40,5.836
80,40,5.723
82,40,5.663
84,40,5.712
86,40,5.832
88,40,5.892
90,40,5.784
92,40,5.601
94,40,5.504
96,40,5.559
98,40,5.717
100,40,5.839
102,40,5.851
104,40,5.790
106,40,5.730
108,40,5.679
110,40,5.676
112,40,5.704
114,40,5.684
116,40,5.663
118,40,5.660
120,40,5.676
122,40,5.747
124,40,5.845
126,40,5.972
128,40,6.099
130,40,6.198
132,40,6.295
134,40,6.357
136,40,6.411
138,40,6.427
140,40,6.405
142,40,6.356
144,40,6.299
146,40,6.272
148,40,6.290
150,40,6.365
150,42,5.576
148,42,5.430
146,42,5.330
144,42,5.273
142,42,5.264
140,42,5.285
138,42,5.328
136,42,5.407
134,42,5.457
132,42,5.446
130,42,5.436
128,42,5.395
126,42,5.350
124,42,5.255
122,42,5.130
120,42,5.006
118,42,4.876
116,42,4.743
114,42,4.611
112,42,4.495
110,42,4.430
108,42,4.403
106,42,4.369
104,42,4.381
102,42,4.413
100,42,4.421
98,42,4.425
96,42,4.461
94,42,4.513
92,42,4.616
90,42,4.739
88,42,4.807
86,42,4.794
84,42,4.739
82,42,4.697
80,42,4.685
78,42,4.634
76,42,4.507
74,42,4.317
72,42,4.110
70,42,3.978
68,42,3.980
66,42,4.101
64,42,4.264
62,42,4.376
60,42,4.372
58,42,4.268
56,42,4.103
54,42,3.867
52,42,3.658
50,42,3.588
48,42,3.747
46,42,4.150
44,42,4.681
42,42,5.092
40,42,5.269
38,42,5.300
36,42,5.343
34,42,5.480
32,42,5.691
30,42,5.868
28,42,5.942
26,42,5.938
24,42,5.902
22,42,5.862
20,42,5.876
18,42,5.939
16,42,5.991
14,42,5.954
12,42,5.783
10,42,5.454
8,42,5.039
6,42,4.823
4,42,4.899
2,42,5.022
0,42,5.058
0,44,4.266
2,44,4.158
4,44,4.171
6,44,4.273
8,44,4.377
10,44,4.455
12,44,4.525
14,44,4.655
16,44,4.911
18,44,5.241
20,44,5.548
22,44,5.776
24,44,5.933
26,44,6.005
28,44,5.996
30,44,5.925
32,44,5.833
34,44,5.767
36,44,5.758
38,44,5.785
40,44,5.821
42,44,5.838
44,44,5.768
46,44,5.569
48,44,5.308
50,44,5.093
52,44,4.985
54,44,4.903
56,44,4.733
58,44,4.337
60,44,3.730
62,44,3.207
64,44,2.910
66,44,2.865
68,44,3.033
70,44,3.315
72,44,3.562
74,44,3.722
76,44,3.782
78,44,3.698
80,44,3.517
82,44,3.315
84,44,3.234
86,44,3.330
88,44,3.536
90,44,3.729
92,44,3.887
94,44,3.972
96,44,4.024
98,44,4.052
100,44,4.030
102,44,3.946
104,44,3.819
106,44,3.697
108,44,3.581
110,44,3.485
112,44,3.407
114,44,3.334
116,44,3.299
118,44,3.298
120,44,3.355
122,44,3.448
124,44,3.561
126,44,3.679
128,44,3.797
130,44,3.897
132,44,3.977
134,44,4.061
136,44,4.087
138,44,4.086
140,44,4.072
142,44,4.044
144,44,4.006
146,44,4.022
148,44,4.073
150,44,4.179
150,46,3.554
148,46,3.417
146,46,3.322
144,46,3.265
142,46,3.242
140,46,3.212
138,46,3.213
136,46,3.222
134,46,3.233
132,46,3.212
130,46,3.189
128,46,3.134
126,46,3.059
124,46,2.955
122,46,2.885
120,46,2.815
118,46,2.730
116,46,2.626
114,46,2.518
112,46,2.421
110,46,2.340
108,46,2.284
106,46,2.268
104,46,2.301
102,46,2.363
100,46,2.436
98,46,2.513
96,46,2.604
94,46,2.690
92,46,2.784
90,46,2.838
88,46,2.857
86,46,2.817
84,46,2.741
82,46,2.630
80,46,2.514
78,46,2.394
76,46,2.251
74,46,2.121
72,46,2.031
70,46,2.002
68,46,2.090
66,46,2.257
64,46,2.400
62,46,2.444
60,46,2.359
58,46,2.175
56,46,1.934
54,46,1.679
52,46,1.451
50,46,1.339
48,46,1.427
46,46,1.761
44,46,2.297
42,46,2.795
40,46,3.151
38,46,3.419
36,46,3.726
34,46,4.105
32,46,4.450
30,46,4.613
28,46,4.600
26,46,4.537
24,46,4.574
22,46,4.759
20,46,5.091
18,46,5.456
16,46,5.631
14,46,5.497
12,46,5.102
10,46,4.620
8,46,4.124
6,46,3.751
4,46,3.493
2,46,2.972
0,46,2.167
0,48,1.323
2,48,1.546
4,48,2.027
6,48,2.585
8,48,3.029
10,48,3.281
12,48,3.397
14,48,3.521
16,48,3.716
18,48,4.008
20,48,4.351
22,48,4.721
24,48,5.061
26,48,5.281
28,48,5.292
30,48,5.088
32,48,4.744
34,48,4.376
36,48,4.101
38,48,3.985
40,48,3.983
42,48,4.025
44,48,4.052
46,48,3.964
48,48,3.708
50,48,3.345
52,48,3.024
54,48,2.748
56,48,2.460
58,48,2.070
60,48,1.598
62,48,1.237
64,48,1.109
66,48,1.174
68,48,1.367
70,48,1.606
72,48,1.832
74,48,2.020
76,48,2.133
78,48,2.133
80,48,2.005
82,48,1.797
84,48,1.668
86,48,1.660
88,48,1.726
90,48,1.830
92,48,1.942
94,48,2.063
96,48,2.167
98,48,2.249
100,48,2.293
102,48,2.278
104,48,2.210
106,48,2.106
108,48,2.000
110,48,1.894
112,48,1.782
114,48,1.690
116,48,1.662
118,48,1.700
120,48,1.803
122,48,1.931
124,48,2.059
126,48,2.159
128,48,2.254
130,48,2.338
132,48,2.402
134,48,2.467
136,48,2.531
138,48,2.563
140,48,2.567
142,48,2.565
144,48,2.583
146,48,2.613
148,48,2.674
150,48,2.816
150,50,2.635
148,50,2.538
146,50,2.456
144,50,2.402
142,50,2.368
140,50,2.338
138,50,2.327
136,50,2.321
134,50,2.299
132,50,2.272
130,50,2.255
128,50,2.216
126,50,2.163
124,50,2.114
122,50,2.066
120,50,2.001
118,50,1.916
116,50,1.797
114,50,1.636
112,50,1.474
110,50,1.336
108,50,1.227
106,50,1.178
104,50,1.191
102,50,1.225
100,50,1.289
98,50,1.370
96,50,1.432
94,50,1.495
92,50,1.545
90,50,1.577
88,50,1.594
86,50,1.564
84,50,1.490
82,50,1.393
80,50,1.278
78,50,1.155
76,50,1.053
74,50,1.005
72,50,1.005
70,50,1.074
68,50,1.212
66,50,1.362
64,50,1.450
62,50,1.452
60,50,1.378
58,50,1.252
56,50,1.113
54,50,9.752
52,50,8.635
50,50,8.143
48,50,8.706
46,50,1.052
44,50,1.316
42,50,1.590
40,50,1.853
38,50,2.141
36,50,2.473
34,50,2.766
32,50,2.915
30,50,2.949
28,50,2.937
26,50,2.969
24,50,3.138
22,50,3.502
20,50,4.019
18,50,4.506
16,50,4.703
14,50,4.504
12,50,4.045
10,50,3.605
8,50,3.301
6,50,3.239
4,50,3.291
2,50,2.802
0,50,1.508
0,52,1.521
2,52,1.935
4,52,2.546
6,52,3.096
8,52,3.425
10,52,3.514
12,52,3.445
14,52,3.350
16,52,3.376
18,52,3.559
20,52,3.831
22,52,4.160
24,52,4.487
26,52,4.717
28,52,4.733
30,52,4.508
32,52,4.118
34,52,3.689
36,52,3.328
38,52,3.098
40,52,2.983
42,52,2.959
44,52,2.950
46,52,2.911
48,52,2.799
50,52,2.565
52,52,2.264
54,52,1.982
56,52,1.738
58,52,1.494
60,52,1.243
62,52,1.025
64,52,8.880
66,52,8.543
68,52,8.946
70,52,9.834
72,52,1.092
74,52,1.197
76,52,1.268
78,52,1.273
80,52,1.196
82,52,1.046
84,52,8.823
86,52,7.779
88,52,7.450
90,52,7.859
92,52,8.694
94,52,9.705
96,52,1.058
98,52,1.119
100,52,1.153
102,52,1.148
104,52,1.112
106,52,1.053
108,52,9.808
110,52,9.260
112,52,8.631
114,52,8.234
116,52,8.369
118,52,9.053
120,52,1.029
122,52,1.196
124,52,1.386
126,52,1.557
128,52,1.649
130,52,1.718
132,52,1.757
134,52,1.799
136,52,1.820
138,52,1.857
140,52,1.884
142,52,1.915
144,52,1.943
146,52,1.980
148,52,2.043
150,52,2.123
150,54,1.699
148,54,1.605
146,54,1.573
144,54,1.529
142,54,1.472
140,54,1.426
138,54,1.383
136,54,1.354
134,54,1.323
132,54,1.263
130,54,1.245
128,54,1.218
126,54,1.195
124,54,1.178
122,54,1.136
120,54,1.051
118,54,9.386
116,54,8.089
114,54,6.861
112,54,5.888
110,54,5.274
108,54,4.986
106,54,5.015
104,54,5.282
102,54,5.606
100,54,5.950
98,54,6.328
96,54,6.808
94,54,7.335
92,54,7.768
90,54,7.947
88,54,7.905
86,54,7.818
84,54,7.828
82,54,8.029
80,54,8.356
78,54,8.816
76,54,9.455
74,54,1.020
72,54,1.147
70,54,1.319
68,54,1.505
66,54,1.644
64,54,1.729
62,54,1.765
60,54,1.782
58,54,1.769
56,54,1.763
54,54,1.789
52,54,1.844
50,54,1.941
48,54,2.068
46,54,2.218
44,54,2.344
42,54,2.451
40,54,2.621
38,54,2.921
36,54,3.283
34,54,3.593
32,54,3.719
30,54,3.771
28,54,3.873
26,54,4.034
24,54,4.262
22,54,4.567
20,54,4.937
18,54,5.260
16,54,5.355
14,54,5.177
12,54,4.819
10,54,4.391
8,54,4.082
6,54,4.063
4,54,4.061
2,54,3.851
0,54,3.185
0,56,3.189
2,56,3.517
4,56,3.944
6,56,4.247
8,56,4.444
10,56,4.582
12,56,4.681
14,56,4.711
16,56,4.769
18,56,4.941
20,56,5.198
22,56,5.461
24,56,5.683
26,56,5.831
28,56,5.865
30,56,5.768
32,56,5.572
34,56,5.302
36,56,5.045
38,56,4.827
40,56,4.586
42,56,4.397
44,56,4.306
46,56,4.291
48,56,4.182
50,56,3.884
52,56,3.513
54,56,3.179
56,56,2.991
58,56,2.919
60,56,2.910
62,56,2.835
64,56,2.721
66,56,2.608
68,56,2.494
70,56,2.420
72,56,2.403
74,56,2.415
76,56,2.427
78,56,2.380
80,56,2.239
82,56,2.080
84,56,1.895
86,56,1.695
88,56,1.543
90,56,1.441
92,56,1.379
94,56,1.302
96,56,1.223
98,56,1.171
100,56,1.142
102,56,1.098
104,56,1.016
106,56,9.114
108,56,8.098
110,56,7.316
112,56,6.720
114,56,6.172
116,56,5.631
118,56,5.196
120,56,5.096
122,56,5.603
124,56,6.633
126,56,7.851
128,56,9.040
130,56,9.534
132,56,9.742
134,56,9.700
136,56,9.445
138,56,9.355
140,56,9.171
142,56,9.759
144,56,1.019
146,56,1.066
148,56,1.158
150,56,1.239
150,58,1.400
148,58,1.333
146,58,1.263
144,58,1.215
142,58,1.185
140,58,1.154
138,58,1.141
136,58,1.144
134,58,1.195
132,58,1.260
130,58,1.317
128,58,1.385
126,58,1.430
124,58,1.430
122,58,1.380
120,58,1.282
118,58,1.159
116,58,1.031
114,58,9.436
112,58,9.236
110,58,9.478
108,58,9.975
106,58,1.059
104,58,1.146
102,58,1.255
100,58,1.364
98,58,1.488
96,58,1.653
94,58,1.850
92,58,2.048
90,58,2.225
88,58,2.378
86,58,2.499
84,58,2.617
82,58,2.753
80,58,2.889
78,58,3.023
76,58,3.144
74,58,3.289
72,58,3.486
70,58,3.715
68,58,3.963
66,58,4.147
64,58,4.278
62,58,4.291
60,58,4.250
58,58,4.227
56,58,4.277
54,58,4.432
52,58,4.606
50,58,4.734
48,58,4.788
46,58,4.729
44,58,4.533
42,58,4.385
40,58,4.479
38,58,4.792
36,58,5.180
34,58,5.364
32,58,5.222
30,58,5.155
28,58,5.440
26,58,6.015
24,58,6.547
22,58,6.801
20,58,6.900
18,58,6.901
16,58,6.788
14,58,6.572
12,58,6.285
10,58,6.004
8,58,5.857
6,58,5.823
4,58,5.645
2,58,5.092
0,58,3.969
0,60,3.655
2,60,4.081
4,60,4.756
6,60,5.424
8,60,5.922
10,60,6.206
12,60,6.309
14,60,6.303
16,60,6.284
18,60,6.280
20,60,6.343
22,60,6.487
24,60,6.694
26,60,6.941
28,60,7.155
30,60,7.273
32,60,7.305
34,60,7.268
36,60,7.100
38,60,6.663
40,60,6.014
42,60,5.470
44,60,5.245
46,60,5.342
48,60,5.567
50,60,5.566
52,60,5.286
54,60,4.987
56,60,4.868
58,60,5.022
60,60,5.292
62,60,5.434
64,60,5.435
66,60,5.305
68,60,5.080
70,60,4.888
72,60,4.822
74,60,4.877
76,60,4.973
78,60,5.020
80,60,4.930
82,60,4.754
84,60,4.537
86,60,4.275
88,60,4.109
90,60,3.993
92,60,3.866
94,60,3.705
96,60,3.526
98,60,3.358
100,60,3.195
102,60,3.022
104,60,2.787
106,60,2.528
108,60,2.307
110,60,2.143
112,60,1.989
114,60,1.845
116,60,1.733
118,60,1.661
120,60,1.652
122,60,1.721
124,60,1.893
126,60,2.117
128,60,2.361
130,60,2.487
132,60,2.468
134,60,2.339
136,60,2.159
138,60,1.976
140,60,1.887
142,60,1.842
144,60,1.847
146,60,2.000
148,60,2.243
150,60,2.687
150,62,3.878
148,62,3.292
146,62,2.910
144,62,2.776
142,62,2.648
140,62,2.589
138,62,2.706
136,62,2.792
134,62,2.914
132,62,3.087
130,62,3.331
128,62,3.546
126,62,3.728
124,62,3.783
122,62,3.692
120,62,3.489
118,62,3.252
116,62,3.027
114,62,2.878
112,62,2.817
110,62,2.834
108,62,2.915
106,62,3.049
104,62,3.212
102,62,3.368
100,62,3.515
98,62,3.687
96,62,3.870
94,62,4.053
92,62,4.251
90,62,4.430
88,62,4.599
86,62,4.776
84,62,4.998
82,62,5.228
80,62,5.426
78,62,5.607
76,62,5.788
74,62,5.888
72,62,6.034
70,62,6.201
68,62,6.324
66,62,6.386
64,62,6.326
62,62,6.163
60,62,5.959
58,62,5.828
56,62,5.840
54,62,6.026
52,62,6.311
50,62,6.557
48,62,6.640
46,62,6.504
44,62,6.205
42,62,5.943
40,62,5.897
38,62,6.042
36,62,6.114
34,62,5.844
32,62,5.477
30,62,5.402
28,62,5.837
26,62,6.699
24,62,7.496
22,62,7.798
20,62,7.810
18,62,7.633
16,62,7.161
14,62,6.689
12,62,6.529
10,62,6.684
8,62,6.976
6,62,7.153
4,62,7.011
2,62,6.167
0,62,4.605
0,64,4.053
2,64,4.583
4,64,5.405
6,64,6.234
8,64,6.879
10,64,7.267
12,64,7.419
14,64,7.399
16,64,7.221
18,64,6.940
20,64,6.674
22,64,6.554
24,64,6.639
26,64,6.954
28,64,7.415
30,64,7.766
32,64,7.902
34,64,7.912
36,64,7.771
38,64,7.297
40,64,6.536
42,64,5.853
44,64,5.554
46,64,5.655
48,64,6.038
50,64,6.392
52,64,6.440
54,64,6.343
56,64,6.392
58,64,6.618
60,64,6.872
62,64,6.994
64,64,6.942
66,64,6.706
68,64,6.387
70,64,6.163
72,64,6.144
74,64,6.308
76,64,6.574
78,64,6.783
80,64,6.862
82,64,6.819
84,64,6.743
86,64,6.634
88,64,6.566
90,64,6.478
92,64,6.319
94,64,6.102
96,64,5.881
98,64,5.667
100,64,5.502
102,64,5.371
104,64,5.254
106,64,5.121
108,64,4.994
110,64,4.898
112,64,4.778
114,64,4.642
116,64,4.482
118,64,4.371
120,64,4.366
122,64,4.482
124,64,4.736
126,64,5.043
128,64,5.328
130,64,5.504
132,64,5.443
134,64,5.198
136,64,4.862
138,64,4.532
140,64,4.267
142,64,4.144
144,64,4.167
146,64,4.273
148,64,4.567
150,64,5.269
150,66,6.246
148,66,6.147
146,66,5.807
144,66,5.626
142,66,5.472
140,66,5.370
138,66,5.432
136,66,5.617
134,66,5.847
132,66,6.082
130,66,6.334
128,66,6.549
126,66,6.692
124,66,6.712
122,66,6.607
120,66,6.441
118,66,6.249
116,66,6.081
114,66,5.954
112,66,5.923
110,66,5.967
108,66,6.064
106,66,6.174
104,66,6.285
102,66,6.361
100,66,6.420
98,66,6.471
96,66,6.508
94,66,6.557
92,66,6.599
90,66,6.671
88,66,6.768
86,66,6.891
84,66,7.041
82,66,7.164
80,66,7.261
78,66,7.316
76,66,7.334
74,66,7.340
72,66,7.356
70,66,7.392
68,66,7.416
66,66,7.401
64,66,7.317
62,66,7.104
60,66,6.845
58,66,6.704
56,66,6.743
54,66,6.947
52,66,7.227
50,66,7.461
48,66,7.576
46,66,7.562
44,66,7.449
42,66,7.277
40,66,7.159
38,66,7.121
36,66,6.955
34,66,6.605
32,66,6.314
30,66,6.337
28,66,6.792
26,66,7.452
24,66,7.846
22,66,7.955
20,66,7.927
18,66,7.680
16,66,7.154
14,66,6.742
12,66,6.721
10,66,7.100
8,66,7.562
6,66,7.689
4,66,7.424
2,66,6.474
0,66,4.576
0,68,3.982
2,68,4.552
4,68,5.481
6,68,6.428
8,68,7.095
10,68,7.472
12,68,7.654
14,68,7.702
16,68,7.612
18,68,7.350
20,68,7.037
22,68,6.821
24,68,6.823
26,68,7.057
28,68,7.430
30,68,7.761
32,68,7.899
34,68,7.923
36,68,7.891
38,68,7.763
40,68,7.440
42,68,6.997
44,68,6.707
46,68,6.712
48,68,6.962
50,68,7.250
52,68,7.398
54,68,7.437
56,68,7.509
58,68,7.607
60,68,7.681
62,68,7.681
64,68,7.581
66,68,7.366
68,68,7.123
70,68,6.940
72,68,6.913
74,68,7.060
76,68,7.300
78,68,7.470
80,68,7.532
82,68,7.525
84,68,7.503
86,68,7.490
88,68,7.506
90,68,7.529
92,68,7.532
94,68,7.506
96,68,7.446
98,68,7.374
100,68,7.304
102,68,7.257
104,68,7.235
106,68,7.227
108,68,7.229
110,68,7.232
112,68,7.224
114,68,7.201
116,68,7.158
118,68,7.106
120,68,7.088
122,68,7.129
124,68,7.228
126,68,7.326
128,68,7.459
130,68,7.547
132,68,7.590
134,68,7.551
136,68,7.385
138,68,7.282
140,68,7.099
142,68,7.062
144,68,7.159
146,68,7.228
148,68,7.275
150,68,7.437
150,70,7.811
148,70,7.857
146,70,7.871
144,70,7.788
142,70,7.862
140,70,7.738
138,70,7.756
136,70,7.802
134,70,7.854
132,70,7.851
130,70,7.885
128,70,7.932
126,70,7.907
124,70,7.861
122,70,7.834
120,70,7.785
118,70,7.738
116,70,7.703
114,70,7.675
112,70,7.669
110,70,7.681
108,70,7.677
106,70,7.674
104,70,7.675
102,70,7.660
100,70,7.639
98,70,7.619
96,70,7.583
94,70,7.564
92,70,7.561
90,70,7.558
88,70,7.577
86,70,7.583
84,70,7.596
82,70,7.576
80,70,7.533
78,70,7.517
76,70,7.480
74,70,7.464
72,70,7.488
70,70,7.512
68,70,7.541
66,70,7.542
64,70,7.498
62,70,7.393
60,70,7.266
58,70,7.197
56,70,7.217
54,70,7.324
52,70,7.466
50,70,7.579
48,70,7.632
46,70,7.652
44,70,7.640
42,70,7.593
40,70,7.543
38,70,7.505
36,70,7.459
34,70,7.390
32,70,7.342
30,70,7.401
28,70,7.532
26,70,7.624
24,70,7.645
22,70,7.657
20,70,7.671
18,70,7.601
16,70,7.364
14,70,7.151
12,70,7.168
10,70,7.370
8,70,7.499
6,70,7.471
4,70,7.289
2,70,6.681
0,70,5.232
0,72,5.201
2,72,5.584
4,72,6.172
6,72,6.696
8,72,7.045
10,72,7.227
12,72,7.310
14,72,7.349
16,72,7.369
18,72,7.344
20,72,7.275
22,72,7.216
24,72,7.227
26,72,7.338
28,72,7.479
30,72,7.560
32,72,7.569
34,72,7.550
36,72,7.543
38,72,7.550
40,72,7.544
42,72,7.498
44,72,7.442
46,72,7.416
48,72,7.437
50,72,7.462
52,72,7.484
54,72,7.513
56,72,7.553
58,72,7.577
60,72,7.572
62,72,7.540
64,72,7.492
66,72,7.405
68,72,7.292
70,72,7.204
72,72,7.179
74,72,7.230
76,72,7.288
78,72,7.346
80,72,7.368
82,72,7.359
84,72,7.339
86,72,7.325
88,72,7.346
90,72,7.391
92,72,7.450
94,72,7.509
96,72,7.553
98,72,7.578
100,72,7.592
102,72,7.596
104,72,7.615
106,72,7.617
108,72,7.615
110,72,7.665
112,72,7.687
114,72,7.723
116,72,7.736
118,72,7.758
120,72,7.759
122,72,7.797
124,72,7.842
126,72,7.929
128,72,7.982
130,72,8.008
132,72,8.206
134,72,8.231
136,72,8.214
138,72,8.260
140,72,8.256
142,72,8.274
144,72,8.238
146,72,8.233
148,72,8.210
150,72,8.196
150,74,8.218
148,74,8.236
146,74,8.258
144,74,8.261
142,74,8.276
140,74,8.276
138,74,8.293
136,74,8.289
134,74,8.250
132,74,8.234
130,74,8.193
128,74,8.194
126,74,8.112
124,74,8.103
122,74,8.055
120,74,7.975
118,74,7.900
116,74,7.870
114,74,7.849
112,74,7.788
110,74,7.728
108,74,7.640
106,74,7.594
104,74,7.550
102,74,7.530
100,74,7.484
98,74,7.447
96,74,7.402
94,74,7.357
92,74,7.342
90,74,7.320
88,74,7.287
86,74,7.251
84,74,7.209
82,74,7.145
80,74,7.079
78,74,7.022
76,74,6.976
74,74,6.959
72,74,6.968
70,74,6.984
68,74,6.969
66,74,6.941
64,74,6.907
62,74,6.911
60,74,6.905
58,74,6.850
56,74,6.969
54,74,7.061
52,74,7.079
50,74,7.129
48,74,7.177
46,74,7.220
44,74,7.230
42,74,7.265
40,74,7.258
38,74,7.242
36,74,7.239
34,74,7.255
32,74,7.279
30,74,7.303
28,74,7.311
26,74,7.280
24,74,7.241
22,74,7.242
20,74,7.272
18,74,7.284
16,74,7.242
14,74,7.137
12,74,7.028
10,74,6.940
8,74,6.890
6,74,6.864
4,74,6.841
2,74,6.693
0,74,6.267
0,76,6.267
2,76,6.356
4,76,6.470
6,76,6.549
8,76,6.577
10,76,6.582
12,76,6.583
14,76,6.603
16,76,6.639
18,76,6.704
20,76,6.784
22,76,6.873
24,76,6.977
26,76,7.076
28,76,7.128
30,76,7.138
32,76,7.124
34,76,7.105
36,76,7.099
38,76,7.124
40,76,7.163
42,76,7.177
44,76,7.156
46,76,7.121
48,76,7.094
50,76,7.072
52,76,7.071
54,76,7.078
56,76,7.078
58,76,7.067
60,76,7.050
62,76,7.021
64,76,6.986
66,76,7.000
68,76,6.980
70,76,6.904
72,76,6.813
74,76,6.844
76,76,6.840
78,76,6.828
80,76,6.844
82,76,6.929
84,76,6.929
86,76,6.970
88,76,6.992
90,76,7.048
92,76,7.110
94,76,7.178
96,76,7.235
98,76,7.279
100,76,7.312
102,76,7.345
104,76,7.381
106,76,7.419
108,76,7.432
110,76,7.498
112,76,7.545
114,76,7.617
116,76,7.614
118,76,7.637
120,76,7.737
122,76,7.787
124,76,7.784
126,76,7.820
128,76,7.958
130,76,7.991
132,76,7.956
134,76,7.984
136,76,8.143
138,76,8.149
140,76,8.151
142,76,8.178
144,76,8.206
146,76,8.208
148,76,8.214
150,76,8.218
150,78,8.076
148,78,8.103
146,78,8.082
144,78,8.055
142,78,8.052
140,78,8.055
138,78,8.005
136,78,7.992
134,78,7.969
132,78,7.938
130,78,7.937
128,78,7.874
126,78,7.798
124,78,7.798
122,78,7.828
120,78,7.751
118,78,7.711
116,78,7.664
114,78,7.678
112,78,7.532
110,78,7.402
108,78,7.444
106,78,7.333
104,78,7.249
102,78,7.179
100,78,7.186
98,78,7.130
96,78,7.056
94,78,7.033
92,78,7.000
90,78,6.953
88,78,6.900
86,78,6.851
84,78,6.785
82,78,6.710
80,78,6.683
78,78,6.634
76,78,6.581
74,78,6.504
72,78,6.388
70,78,6.241
68,78,6.121
66,78,6.076
64,78,6.100
62,78,6.204
60,78,6.293
58,78,6.349
56,78,6.387
54,78,6.389
52,78,6.359
50,78,6.328
48,78,6.313
46,78,6.317
44,78,6.330
42,78,6.350
40,78,6.370
38,78,6.391
36,78,6.416
34,78,6.467
32,78,6.549
30,78,6.620
28,78,6.656
26,78,6.635
24,78,6.589
22,78,6.570
20,78,6.565
18,78,6.554
16,78,6.506
14,78,6.418
12,78,6.274
10,78,5.998
8,78,5.623
6,78,5.391
4,78,5.475
2,78,5.783
0,78,6.071
0,80,5.846
2,80,5.782
4,80,5.599
6,80,5.365
8,80,5.103
10,80,4.882
12,80,4.774
14,80,4.854
16,80,5.115
18,80,5.454
20,80,5.794
22,80,6.029
24,80,6.164
26,80,6.245
28,80,6.303
30,80,6.330
32,80,6.341
34,80,6.346
36,80,6.366
38,80,6.399
40,80,6.420
42,80,6.399
44,80,6.339
46,80,6.260
48,80,6.180
50,80,6.118
52,80,6.061
54,80,6.015
56,80,5.983
58,80,5.968
60,80,5.945
62,80,5.939
64,80,5.963
66,80,6.008
68,80,6.027
70,80,5.990
72,80,5.900
74,80,5.745
76,80,5.584
78,80,5.473
80,80,5.469
82,80,5.608
84,80,5.906
86,80,6.085
88,80,6.167
90,80,6.233
92,80,6.296
94,80,6.368
96,80,6.427
98,80,6.468
100,80,6.514
102,80,6.531
104,80,6.606
106,80,6.718
108,80,6.765
110,80,6.722
112,80,6.829
114,80,6.907
116,80,7.018
118,80,7.189
120,80,7.247
122,80,7.418
124,80,7.408
126,80,7.374
128,80,7.360
130,80,7.497
132,80,7.528
134,80,7.576
136,80,7.564
138,80,7.557
140,80,7.578
142,80,7.622
144,80,7.630
146,80,7.665
148,80,7.671
150,80,7.684
150,82,7.290
148,82,7.284
146,82,7.297
144,82,7.271
142,82,7.161
140,82,7.112
138,82,7.112
136,82,7.067
134,82,7.089
132,82,7.089
130,82,7.076
128,82,7.082
126,82,7.118
124,82,7.116
122,82,7.120
120,82,7.215
118,82,7.076
116,82,7.009
114,82,6.879
112,82,6.863
110,82,6.880
108,82,6.843
106,82,6.678
104,82,6.371
102,82,6.246
100,82,6.327
98,82,6.264
96,82,6.028
94,82,6.021
92,82,6.048
90,82,5.949
88,82,5.882
86,82,5.809
84,82,5.744
82,82,5.675
80,82,5.611
78,82,5.533
76,82,5.423
74,82,5.246
72,82,5.017
70,82,4.818
68,82,4.699
66,82,4.700
64,82,4.799
62,82,4.956
60,82,5.144
58,82,5.265
56,82,5.301
54,82,5.280
52,82,5.176
50,82,5.067
48,82,4.976
46,82,4.957
44,82,4.994
42,82,5.106
40,82,5.181
38,82,5.286
36,82,5.351
34,82,5.440
32,82,5.530
30,82,5.609
28,82,5.665
26,82,5.680
24,82,5.638
22,82,5.592
20,82,5.562
18,82,5.540
16,82,5.479
14,82,5.318
12,82,4.853
10,82,4.040
8,82,3.344
6,82,3.244
4,82,3.638
2,82,4.296
0,82,4.986
0,84,4.768
2,84,4.621
4,84,4.323
6,84,3.940
8,84,3.554
10,84,3.185
12,84,2.891
14,84,2.736
16,84,2.892
18,84,3.355
20,84,4.042
22,84,4.683
24,84,5.058
26,84,5.208
28,84,5.259
30,84,5.279
32,84,5.297
34,84,5.320
36,84,5.348
38,84,5.377
40,84,5.383
42,84,5.351
44,84,5.284
46,84,5.200
48,84,5.124
50,84,5.065
52,84,4.998
54,84,4.944
56,84,4.886
58,84,4.814
60,84,4.679
62,84,4.618
64,84,4.719
66,84,4.796
68,84,4.888
70,84,4.918
72,84,4.813
74,84,4.671
76,84,4.491
78,84,4.352
80,84,4.306
82,84,4.392
84,84,4.596
86,84,4.845
88,84,5.040
90,84,5.148
92,84,5.222
94,84,5.275
96,84,5.408
98,84,5.559
100,84,5.534
102,84,5.577
104,84,5.783
106,84,5.898
108,84,5.759
110,84,5.705
112,84,5.998
114,84,6.114
116,84,6.314
118,84,6.498
120,84,6.726
122,84,6.796
124,84,6.719
126,84,6.625
128,84,6.640
130,84,6.539
132,84,6.349
134,84,6.244
136,84,6.098
138,84,6.117
140,84,6.078
142,84,6.140
144,84,6.314
146,84,6.362
148,84,6.560
150,84,6.560
150,86,6.124
148,86,5.936
146,86,5.846
144,86,5.437
142,86,5.122
140,86,5.370
138,86,5.264
136,86,5.240
134,86,5.245
132,86,5.378
130,86,5.499
128,86,5.677
126,86,5.891
124,86,6.126
122,86,6.214
120,86,6.422
118,86,6.513
116,86,6.580
114,86,6.285
112,86,6.172
110,86,6.114
108,86,6.222
106,86,6.060
104,86,5.615
102,86,5.509
100,86,5.397
98,86,5.449
96,86,5.288
94,86,5.125
92,86,5.207
90,86,5.222
88,86,5.101
86,86,4.856
84,86,4.753
82,86,4.689
80,86,4.669
78,86,4.600
76,86,4.490
74,86,4.317
72,86,4.125
70,86,3.959
68,86,3.893
66,86,3.940
64,86,4.082
62,86,4.281
60,86,4.480
58,86,4.615
56,86,4.673
54,86,4.657
52,86,4.588
50,86,4.494
48,86,4.420
46,86,4.391
44,86,4.413
42,86,4.459
40,86,4.501
38,86,4.535
36,86,4.562
34,86,4.584
32,86,4.616
30,86,4.654
28,86,4.683
26,86,4.687
24,86,4.654
22,86,4.626
20,86,4.617
18,86,4.616
16,86,4.544
14,86,4.266
12,86,3.484
10,86,2.378
8,86,1.728
6,86,1.808
4,86,2.257
2,86,2.907
0,86,3.757
0,88,3.665
2,88,3.482
4,88,3.058
6,88,2.603
8,88,2.166
10,88,1.809
12,88,1.535
14,88,1.408
16,88,1.532
18,88,2.011
20,88,2.778
22,88,3.567
24,88,4.090
26,88,4.319
28,88,4.381
30,88,4.395
32,88,4.396
34,88,4.422
36,88,4.451
38,88,4.472
40,88,4.468
42,88,4.461
44,88,4.443
46,88,4.431
48,88,4.439
50,88,4.448
52,88,4.438
54,88,4.401
56,88,4.337
58,88,4.282
60,88,4.272
62,88,4.326
64,88,4.419
66,88,4.513
68,88,4.559
70,88,4.534
72,88,4.428
74,88,4.260
76,88,4.061
78,88,3.891
80,88,3.829
82,88,3.905
84,88,4.066
86,88,4.285
88,88,4.414
90,88,4.643
92,88,4.704
94,88,4.851
96,88,4.996
98,88,5.214
100,88,5.282
102,88,5.396
104,88,5.667
106,88,5.964
108,88,5.773
110,88,5.711
112,88,6.022
114,88,6.248
116,88,6.232
118,88,6.274
120,88,6.499
122,88,6.559
124,88,6.449
126,88,6.235
128,88,5.971
130,88,5.632
132,88,5.196
134,88,4.652
136,88,4.217
138,88,3.852
140,88,3.760
142,88,3.816
144,88,3.891
146,88,4.071
148,88,4.383
150,88,4.614
150,90,3.796
148,90,3.307
146,90,3.205
144,90,3.073
142,90,3.082
140,90,2.664
138,90,2.677
136,90,3.007
134,90,3.190
132,90,3.734
130,90,4.129
128,90,4.330
126,90,4.680
124,90,5.209
122,90,5.760
120,90,6.110
118,90,6.323
116,90,6.428
114,90,6.634
112,90,6.674
110,90,6.649
108,90,6.561
106,90,6.504
104,90,6.336
102,90,6.041
100,90,5.957
98,90,5.869
96,90,6.037
94,90,5.733
92,90,5.459
90,90,5.490
88,90,5.503
86,90,5.155
84,90,4.974
82,90,4.726
80,90,4.578
78,90,4.415
76,90,4.317
74,90,4.209
72,90,4.081
70,90,3.953
68,90,3.893
66,90,3.912
64,90,4.005
62,90,4.123
60,90,4.225
58,90,4.302
56,90,4.323
54,90,4.271
52,90,4.150
50,90,4.010
48,90,3.908
46,90,3.890
44,90,3.960
42,90,4.052
40,90,4.123
38,90,4.125
36,90,4.053
34,90,3.972
32,90,3.910
30,90,3.878
28,90,3.875
26,90,3.877
24,90,3.860
22,90,3.829
20,90,3.803
18,90,3.783
16,90,3.712
14,90,3.451
12,90,2.786
10,90,1.911
8,90,1.273
6,90,1.143
4,90,1.484
2,90,2.170
0,90,2.937
0,92,2.853
2,92,2.765
4,92,2.506
6,92,2.141
8,92,1.777
10,92,1.457
12,92,1.277
14,92,1.259
16,92,1.472
18,92,1.889
20,92,2.452
22,92,2.980
24,92,3.326
26,92,3.502
28,92,3.569
30,92,3.589
32,92,3.609
34,92,3.626
36,92,3.656
38,92,3.662
40,92,3.647
42,92,3.631
44,92,3.654
46,92,3.707
48,92,3.780
50,92,3.874
52,92,3.919
54,92,3.872
56,92,3.754
58,92,3.635
60,92,3.583
62,92,3.630
64,92,3.773
66,92,3.933
68,92,4.055
70,92,4.088
72,92,4.043
74,92,3.951
76,92,3.843
78,92,3.766
80,92,3.770
82,92,3.894
84,92,4.128
86,92,4.211
88,92,4.337
90,92,4.317
92,92,4.407
94,92,5.052
96,92,4.964
98,92,5.181
100,92,5.570
102,92,5.865
104,92,5.632
106,92,5.893
108,92,6.127
110,92,6.168
112,92,6.345
114,92,6.490
116,92,6.575
118,92,6.566
120,92,6.573
122,92,6.590
124,92,6.420
126,92,6.103
128,92,5.944
130,92,5.335
132,92,4.707
134,92,4.052
136,92,3.731
138,92,3.096
140,92,2.992
142,92,2.085
144,92,2.190
146,92,2.744
148,92,3.150
150,92,3.335
150,94,3.433
148,94,3.052
146,94,2.596
144,94,2.344
142,94,2.338
140,94,2.428
138,94,2.682
136,94,2.232
134,94,2.137
132,94,3.035
130,94,4.023
128,94,4.284
126,94,4.650
124,94,4.907
122,94,5.339
120,94,5.992
118,94,6.273
116,94,6.339
114,94,6.329
112,94,6.323
110,94,6.363
108,94,6.369
106,94,6.333
104,94,6.254
102,94,6.153
100,94,6.038
98,94,5.946
96,94,5.588
94,94,5.526
92,94,5.500
90,94,5.228
88,94,4.938
86,94,4.834
84,94,4.938
82,94,4.367
80,94,4.373
78,94,4.148
76,94,4.243
74,94,3.956
72,94,3.705
70,94,3.497
68,94,3.231
66,94,3.081
64,94,3.082
62,94,3.181
60,94,3.253
58,94,3.289
56,94,3.216
54,94,3.049
52,94,2.844
50,94,2.677
48,94,2.615
46,94,2.679
44,94,2.806
42,94,2.962
40,94,3.060
38,94,3.029
36,94,2.937
34,94,2.850
32,94,2.793
30,94,2.794
28,94,2.836
26,94,2.879
24,94,2.907
22,94,2.912
20,94,2.889
18,94,2.858
16,94,2.788
14,94,2.654
12,94,2.409
10,94,2.111
8,94,1.889
6,94,1.846
4,94,1.956
2,94,2.122
0,94,2.266
0,96,2.046
2,96,2.072
4,96,2.060
6,96,2.034
8,96,2.002
10,96,1.960
12,96,1.923
14,96,1.916
16,96,1.962
18,96,2.077
20,96,2.234
22,96,2.392
24,96,2.509
26,96,2.582
28,96,2.625
30,96,2.654
32,96,2.679
34,96,2.682
36,96,2.659
38,96,2.623
40,96,2.570
42,96,2.520
44,96,2.497
46,96,2.527
48,96,2.585
50,96,2.661
52,96,2.695
54,96,2.638
56,96,2.492
58,96,2.311
60,96,2.189
62,96,2.161
64,96,2.272
66,96,2.470
68,96,2.658
70,96,2.777
72,96,2.752
74,96,2.654
76,96,2.565
78,96,2.573
80,96,2.768
82,96,3.112
84,96,3.461
86,96,3.778
88,96,4.052
90,96,4.120
92,96,4.299
94,96,4.249
96,96,4.493
98,96,4.714
100,96,5.023
102,96,4.869
104,96,4.966
106,96,5.270
108,96,5.373
110,96,5.558
112,96,5.679
114,96,5.830
116,96,5.857
118,96,5.591
120,96,5.487
122,96,5.684
124,96,5.726
126,96,5.449
128,96,5.128
130,96,4.426
132,96,4.457
134,96,3.576
136,96,3.149
138,96,2.710
140,96,2.397
142,96,2.183
144,96,2.235
146,96,2.568
148,96,2.951
150,96,3.406
150,98,3.628
148,98,3.463
146,98,3.029
144,98,2.651
142,98,2.406
140,98,2.339
138,98,2.342
136,98,2.357
134,98,2.475
132,98,2.679
130,98,3.111
128,98,3.594
126,98,3.999
124,98,4.072
122,98,4.363
120,98,4.646
118,98,4.427
116,98,3.930
114,98,4.763
112,98,4.803
110,98,4.713
108,98,4.610
106,98,4.750
104,98,4.935
102,98,4.816
100,98,4.717
98,98,4.646
96,98,4.442
94,98,4.409
92,98,4.453
90,98,4.425
88,98,4.153
86,98,3.904
84,98,3.771
82,98,3.692
80,98,3.642
78,98,3.735
76,98,3.687
74,98,3.222
72,98,2.847
70,98,2.320
68,98,1.978
66,98,1.776
64,98,1.657
62,98,1.745
60,98,1.847
58,98,1.864
56,98,1.789
54,98,1.657
52,98,1.523
50,98,1.452
48,98,1.481
46,98,1.614
44,98,1.789
42,98,1.940
40,98,2.016
38,98,2.013
36,98,1.963
34,98,1.911
32,98,1.899
30,98,1.941
28,98,2.042
26,98,2.117
24,98,2.164
22,98,2.186
20,98,2.161
18,98,2.138
16,98,2.110
14,98,2.100
12,98,2.047
10,98,1.997
8,98,1.981
6,98,1.976
4,98,1.956
2,98,1.901
0,98,1.872
0,100,1.946
2,100,1.949
4,100,1.946
6,100,1.961
8,100,1.985
10,100,2.003
12,100,2.024
14,100,2.032
16,100,2.020
18,100,2.008
20,100,2.018
22,100,2.040
24,100,2.060
26,100,2.066
28,100,2.063
30,100,2.059
32,100,2.064
34,100,2.078
36,100,2.067
38,100,2.019
40,100,1.934
42,100,1.828
44,100,1.782
46,100,1.778
48,100,1.803
50,100,1.845
52,100,1.862
54,100,1.798
56,100,1.677
58,100,1.512
60,100,1.389
62,100,1.290
64,100,1.299
66,100,1.393
68,100,1.499
70,100,1.567
72,100,1.552
74,100,1.486
76,100,1.608
78,100,1.651
80,100,1.661
82,100,2.445
84,100,3.182
86,100,3.314
88,100,3.416
90,100,3.487
92,100,3.599
94,100,3.770
96,100,3.641
98,100,3.749
100,100,3.914
102,100,3.947
104,100,4.014
106,100,3.992
108,100,3.846
110,100,3.585
112,100,3.467
114,100,3.888
116,100,3.565
118,100,3.124
120,100,2.853
122,100,2.965
124,100,2.821
126,100,3.117
128,100,2.968
130,100,2.930
132,100,2.887
134,100,2.800
136,100,2.530
138,100,2.436
140,100,2.511
142,100,2.619
144,100,2.724
146,100,2.879
148,100,3.320
150,100,3.545
150,102,3.604
148,102,3.590
146,102,3.479
144,102,3.266
142,102,2.856
140,102,2.775
138,102,2.519
136,102,2.566
134,102,2.429
132,102,2.378
130,102,2.481
128,102,2.411
126,102,2.571
124,102,2.324
122,102,2.311
120,102,2.096
118,102,1.999
116,102,2.022
114,102,2.147
112,102,2.315
110,102,2.362
108,102,2.346
106,102,2.880
104,102,2.738
102,102,2.935
100,102,3.327
98,102,3.434
96,102,3.440
94,102,3.286
92,102,3.344
90,102,3.395
88,102,3.319
86,102,3.194
84,102,3.282
82,102,3.434
80,102,3.315
78,102,3.258
76,102,3.217
74,102,2.990
72,102,2.837
70,102,2.371
68,102,2.052
66,102,1.491
64,102,1.294
62,102,1.316
60,102,1.345
58,102,1.365
56,102,1.361
54,102,1.314
52,102,1.277
50,102,1.294
48,102,1.372
46,102,1.486
44,102,1.620
42,102,1.741
40,102,1.825
38,102,1.838
36,102,1.830
34,102,1.840
32,102,1.899
30,102,2.023
28,102,2.148
26,102,2.224
24,102,2.257
22,102,2.263
20,102,2.276
18,102,2.326
16,102,2.365
14,102,2.385
12,102,2.386
10,102,2.427
8,102,2.441
6,102,2.381
4,102,2.352
2,102,2.365
0,102,2.431
0,104,2.757
2,104,2.702
4,104,2.620
6,104,2.549
8,104,2.516
10,104,2.510
12,104,2.537
14,104,2.567
16,104,2.552
18,104,2.538
20,104,2.499
22,104,2.468
24,104,2.436
26,104,2.413
28,104,2.353
30,104,2.321
32,104,2.304
34,104,2.276
36,104,2.271
38,104,2.230
40,104,2.165
42,104,2.072
44,104,1.971
46,104,1.887
48,104,1.859
50,104,1.864
52,104,1.837
54,104,1.808
56,104,1.720
58,104,1.597
60,104,1.494
62,104,1.423
64,104,1.381
66,104,1.393
68,104,1.419
70,104,1.427
72,104,1.410
74,104,1.456
76,104,1.671
78,104,1.757
80,104,2.170
82,104,2.339
84,104,2.851
86,104,3.246
88,104,3.365
90,104,3.435
92,104,3.137
94,104,3.222
96,104,3.251
98,104,3.241
100,104,3.234
102,104,3.224
104,104,3.134
106,104,3.123
108,104,3.114
110,104,3.067
112,104,2.497
114,104,2.510
116,104,2.255
118,104,1.967
120,104,1.925
122,104,1.897
124,104,1.658
126,104,1.763
128,104,1.749
130,104,1.900
132,104,1.967
134,104,1.995
136,104,2.135
138,104,2.304
140,104,2.576
142,104,2.854
144,104,2.338
146,104,2.835
148,104,3.428
150,104,3.344
150,106,3.707
148,106,3.641
146,106,3.535
144,106,3.291
142,106,3.121
140,106,2.917
138,106,2.965
136,106,2.677
134,106,2.567
132,106,2.506
130,106,2.255
128,106,2.196
126,106,1.885
124,106,1.943
122,106,2.007
120,106,1.696
118,106,1.629
116,106,1.729
114,106,1.673
112,106,1.707
110,106,1.888
108,106,1.760
106,106,2.441
104,106,2.666
102,106,2.789
100,106,2.542
98,106,3.004
96,106,3.341
94,106,3.257
92,106,3.362
90,106,3.491
88,106,3.476
86,106,3.449
84,106,3.501
82,106,3.588
80,106,3.546
78,106,3.593
76,106,3.549
74,106,3.377
72,106,2.784
70,106,3.152
68,106,2.662
66,106,2.163
64,106,1.813
62,106,1.652
60,106,1.693
58,106,1.774
56,106,1.834
54,106,1.848
52,106,1.869
50,106,1.906
48,106,1.960
46,106,2.014
44,106,2.070
42,106,2.105
40,106,2.119
38,106,2.147
36,106,2.230
34,106,2.384
32,106,2.599
30,106,2.794
28,106,2.899
26,106,2.898
24,106,2.885
22,106,2.931
20,106,3.011
18,106,3.130
16,106,3.189
14,106,3.206
12,106,3.256
10,106,3.320
8,106,3.265
6,106,3.150
4,106,3.179
2,106,3.382
0,106,3.603
0,108,4.105
2,108,4.011
4,108,3.847
6,108,3.659
8,108,3.497
10,108,3.375
12,108,3.337
14,108,3.422
16,108,3.500
18,108,3.517
20,108,3.417
22,108,3.342
24,108,3.305
26,108,3.293
28,108,3.256
30,108,3.136
32,108,3.003
34,108,2.951
36,108,2.982
38,108,3.031
40,108,3.030
42,108,2.936
44,108,2.738
46,108,2.514
48,108,2.340
50,108,2.238
52,108,2.202
54,108,2.227
56,108,2.260
58,108,2.276
60,108,2.271
62,108,2.239
64,108,2.209
66,108,2.221
68,108,2.208
70,108,2.273
72,108,2.201
74,108,2.620
76,108,2.634
78,108,2.718
80,108,3.391
82,108,3.797
84,108,3.632
86,108,3.885
88,108,4.040
90,108,4.022
92,108,3.998
94,108,3.938
96,108,3.933
98,108,3.911
100,108,3.878
102,108,3.611
104,108,3.484
106,108,3.096
108,108,2.804
110,108,2.941
112,108,2.956
114,108,2.619
116,108,2.508
118,108,2.328
120,108,2.228
122,108,2.387
124,108,2.204
126,108,2.116
128,108,2.090
130,108,2.246
132,108,2.482
134,108,2.784
136,108,2.919
138,108,3.168
140,108,3.255
142,108,3.613
144,108,3.721
146,108,3.685
148,108,3.993
150,108,4.157
150,110,4.405
148,110,4.331
146,110,4.388
144,110,4.367
142,110,4.308
140,110,4.227
138,110,4.205
136,110,4.311
134,110,3.791
132,110,3.655
130,110,3.620
128,110,2.888
126,110,2.845
124,110,2.902
122,110,2.992
120,110,2.651
118,110,2.608
116,110,2.574
114,110,2.725
112,110,2.755
110,110,2.913
108,110,2.957
106,110,2.930
104,110,2.767
102,110,2.829
100,110,3.348
98,110,3.222
96,110,3.464
94,110,4.018
92,110,4.353
90,110,4.473
88,110,4.456
86,110,4.584
84,110,4.561
82,110,4.647
80,110,4.705
78,110,4.708
76,110,4.624
74,110,4.768
72,110,4.708
70,110,4.778
68,110,4.170
66,110,3.778
64,110,3.297
62,110,2.628
60,110,2.761
58,110,2.833
56,110,2.922
54,110,3.084
52,110,3.207
50,110,3.283
48,110,3.315
46,110,3.241
44,110,3.081
42,110,2.912
40,110,2.770
38,110,2.780
36,110,2.984
34,110,3.374
32,110,3.812
30,110,4.106
28,110,4.230
26,110,4.119
24,110,4.017
22,110,4.079
20,110,4.257
18,110,4.463
16,110,4.490
14,110,4.502
12,110,4.593
10,110,4.648
8,110,4.520
6,110,4.381
4,110,4.514
2,110,4.903
0,110,5.214
0,112,5.731
2,112,5.642
4,112,5.458
6,112,5.208
8,112,4.965
10,112,4.764
12,112,4.676
14,112,4.737
16,112,4.836
18,112,4.879
20,112,4.846
22,112,4.739
24,112,4.646
26,112,4.646
28,112,4.602
30,112,4.470
32,112,4.259
34,112,4.157
36,112,4.200
38,112,4.337
40,112,4.453
42,112,4.394
44,112,4.052
46,112,3.581
48,112,3.188
50,112,2.938
52,112,2.908
54,112,3.070
56,112,3.338
58,112,3.583
60,112,3.761
62,112,3.810
64,112,3.794
66,112,3.685
68,112,3.740
70,112,3.743
72,112,3.968
74,112,3.247
76,112,4.251
78,112,4.537
80,112,4.907
82,112,4.929
84,112,5.245
86,112,5.378
88,112,5.118
90,112,5.184
92,112,5.151
94,112,5.223
96,112,5.197
98,112,5.314
100,112,4.985
102,112,4.637
104,112,4.639
106,112,4.293
108,112,3.704
110,112,3.422
112,112,3.732
114,112,3.472
116,112,3.697
118,112,3.528
120,112,3.364
122,112,3.371
124,112,3.562
126,112,3.293
128,112,3.316
130,112,3.283
132,112,4.111
134,112,4.198
136,112,4.236
138,112,4.661
140,112,4.691
142,112,4.980
144,112,5.050
146,112,5.019
148,112,4.992
150,112,5.016
150,114,5.367
148,114,5.419
146,114,5.481
144,114,5.554
142,114,5.574
140,114,5.685
138,114,5.587
136,114,5.554
134,114,5.350
132,114,5.324
130,114,4.970
128,114,4.818
126,114,4.198
124,114,4.385
122,114,4.252
120,114,4.154
118,114,3.961
116,114,4.106
114,114,4.149
112,114,4.273
110,114,4.401
108,114,4.105
106,114,3.845
104,114,3.792
102,114,3.607
100,114,3.809
98,114,3.650
96,114,4.751
94,114,4.656
92,114,4.607
90,114,5.611
88,114,5.771
86,114,5.514
84,114,5.713
82,114,5.717
80,114,5.618
78,114,5.806
76,114,5.960
74,114,6.060
72,114,5.985
70,114,6.159
68,114,5.676
66,114,5.292
64,114,4.674
62,114,4.225
60,114,4.042
58,114,4.159
56,114,4.608
54,114,4.772
52,114,4.917
50,114,5.041
48,114,5.031
46,114,4.827
44,114,4.456
42,114,4.124
40,114,3.863
38,114,3.871
36,114,4.182
34,114,4.722
32,114,5.293
30,114,5.704
28,114,5.746
26,114,5.555
24,114,5.425
22,114,5.500
20,114,5.713
18,114,5.884
16,114,5.908
14,114,5.921
12,114,6.032
10,114,6.107
8,114,5.986
6,114,5.860
4,114,6.019
2,114,6.389
0,114,6.677
0,116,7.015
2,116,6.972
4,116,6.846
6,116,6.649
8,116,6.391
10,116,6.191
12,116,6.141
14,116,6.206
16,116,6.313
18,116,6.343
20,116,6.258
22,116,6.119
24,116,6.056
26,116,6.059
28,116,6.026
30,116,5.902
32,116,5.707
34,116,5.573
36,116,5.589
38,116,5.795
40,116,5.939
42,116,5.856
44,116,5.507
46,116,4.988
48,116,4.443
50,116,4.102
52,116,4.053
54,116,4.280
56,116,4.700
58,116,5.109
60,116,5.426
62,116,5.619
64,116,5.607
66,116,5.642
68,116,5.748
70,116,5.656
72,116,5.296
74,116,5.475
76,116,5.616
78,116,5.755
80,116,6.326
82,116,6.646
84,116,6.494
86,116,6.382
88,116,6.172
90,116,5.826
92,116,6.020
94,116,6.038
96,116,5.717
98,116,5.829
100,116,5.520
102,116,5.893
104,116,5.630
106,116,5.046
108,116,4.462
110,116,4.072
112,116,4.430
114,116,4.494
116,116,4.753
118,116,5.081
120,116,5.329
122,116,5.465
124,116,5.202
126,116,5.007
128,116,4.799
130,116,5.041
132,116,4.812
134,116,5.540
136,116,5.895
138,116,6.072
140,116,6.143
142,116,6.174
144,116,6.170
146,116,6.141
148,116,5.950
150,116,5.787
150,118,5.966
148,118,6.169
146,118,6.313
144,118,6.434
142,118,6.514
140,118,6.631
138,118,6.660
136,118,6.614
134,118,6.578
132,118,6.409
130,118,6.235
128,118,5.925
126,118,5.782
124,118,5.888
122,118,5.577
120,118,5.724
118,118,5.714
116,118,5.867
114,118,5.683
112,118,6.319
110,118,5.921
108,118,5.668
106,118,5.286
104,118,4.958
102,118,4.648
100,118,4.528
98,118,4.635
96,118,5.168
94,118,5.454
92,118,5.679
90,118,5.901
88,118,6.233
86,118,6.453
84,118,6.456
82,118,6.214
80,118,6.255
78,118,6.489
76,118,6.871
74,118,7.076
72,118,7.207
70,118,7.154
68,118,6.665
66,118,6.384
64,118,6.226
62,118,6.007
60,118,5.690
58,118,5.910
56,118,6.130
54,118,6.400
52,118,6.478
50,118,6.537
48,118,6.493
46,118,6.278
44,118,5.935
42,118,5.601
40,118,5.413
38,118,5.459
36,118,5.772
34,118,6.220
32,118,6.650
30,118,6.923
28,118,6.952
26,118,6.839
24,118,6.736
22,118,6.794
20,118,6.996
18,118,7.122
16,118,7.109
14,118,7.100
12,118,7.216
10,118,7.304
8,118,7.227
6,118,7.162
4,118,7.277
2,118,7.467
0,118,7.565
0,120,7.749
2,120,7.721
4,120,7.681
6,120,7.607
8,120,7.502
10,120,7.413
12,120,7.381
14,120,7.389
16,120,7.417
18,120,7.412
20,120,7.353
22,120,7.275
24,120,7.211
26,120,7.210
28,120,7.222
30,120,7.128
32,120,6.973
34,120,6.869
36,120,6.879
38,120,7.007
40,120,7.086
42,120,7.037
44,120,6.813
46,120,6.445
48,120,6.091
50,120,5.815
52,120,5.744
54,120,5.859
56,120,6.203
58,120,6.541
60,120,6.865
62,120,7.180
64,120,7.196
66,120,7.223
68,120,7.088
70,120,7.004
72,120,6.826
74,120,6.826
76,120,6.881
78,120,7.006
80,120,7.323
82,120,7.466
84,120,7.446
86,120,7.277
88,120,7.004
90,120,6.902
92,120,6.667
94,120,6.634
96,120,6.703
98,120,6.655
100,120,6.682
102,120,6.505
104,120,5.951
106,120,5.646
108,120,5.180
110,120,5.132
112,120,5.895
114,120,5.631
116,120,6.569
118,120,6.424
120,120,6.532
122,120,6.510
124,120,6.565
126,120,6.167
128,120,6.233
130,120,6.012
132,120,6.118
134,120,6.329
136,120,6.750
138,120,6.997
140,120,7.153
142,120,7.136
144,120,7.098
146,120,6.944
148,120,6.680
150,120,6.486
150,122,6.659
148,122,6.943
146,122,7.122
144,122,7.262
142,122,7.341
140,122,7.441
138,122,7.466
136,122,7.406
134,122,7.273
132,122,7.143
130,122,7.021
128,122,6.815
126,122,6.704
124,122,6.657
122,122,6.800
120,122,6.886
118,122,7.025
116,122,7.201
114,122,7.381
112,122,7.253
110,122,7.088
108,122,6.979
106,122,6.387
104,122,6.217
102,122,6.037
100,122,5.835
98,122,5.953
96,122,6.300
94,122,6.564
92,122,6.866
90,122,6.902
88,122,6.958
86,122,6.897
84,122,7.040
82,122,6.969
80,122,7.051
78,122,7.394
76,122,7.604
74,122,7.827
72,122,7.927
70,122,7.883
68,122,7.785
66,122,7.604
64,122,7.413
62,122,7.229
60,122,7.376
58,122,7.465
56,122,7.471
54,122,7.482
52,122,7.491
50,122,7.514
48,122,7.468
46,122,7.361
44,122,7.204
42,122,7.077
40,122,7.019
38,122,7.069
36,122,7.204
34,122,7.390
32,122,7.549
30,122,7.635
28,122,7.655
26,122,7.641
24,122,7.631
22,122,7.662
20,122,7.719
18,122,7.765
16,122,7.783
14,122,7.800
12,122,7.827
10,122,7.844
8,122,7.840
6,122,7.839
4,122,7.868
2,122,7.922
0,122,7.952
0,124,7.994
2,124,7.992
4,124,7.975
6,124,7.956
8,124,7.928
10,124,7.905
12,124,7.887
14,124,7.881
16,124,7.882
18,124,7.875
20,124,7.862
22,124,7.840
24,124,7.824
26,124,7.811
28,124,7.792
30,124,7.765
32,124,7.721
34,124,7.691
36,124,7.688
38,124,7.698
40,124,7.713
42,124,7.700
44,124,7.640
46,124,7.530
48,124,7.399
50,124,7.303
52,124,7.271
54,124,7.322
56,124,7.438
58,124,7.620
60,124,7.752
62,124,7.953
64,124,7.969
66,124,8.025
68,124,8.054
70,124,7.950
72,124,7.945
74,124,7.938
76,124,7.904
78,124,7.931
80,124,8.028
82,124,8.069
84,124,7.987
86,124,7.937
88,124,7.731
90,124,7.450
92,124,7.345
94,124,7.278
96,124,7.392
98,124,7.294
100,124,7.386
102,124,7.132
104,124,7.001
106,124,6.776
108,124,6.558
110,124,6.515
112,124,6.705
114,124,6.908
116,124,7.137
118,124,7.589
120,124,7.525
122,124,7.583
124,124,7.665
126,124,7.374
128,124,7.274
130,124,7.162
132,124,7.308
134,124,7.365
136,124,7.529
138,124,7.703
140,124,7.834
142,124,7.849
144,124,7.810
146,124,7.681
148,124,7.338
150,124,7.079
150,126,7.345
148,126,7.531
146,126,7.692
144,126,7.878
142,126,7.927
140,126,7.975
138,126,7.973
136,126,7.972
134,126,7.937
132,126,7.867
130,126,7.780
128,126,7.730
126,126,7.673
124,126,7.666
122,126,7.715
120,126,7.870
118,126,7.959
116,126,8.005
114,126,8.018
112,126,7.906
110,126,7.895
108,126,7.926
106,126,7.551
104,126,7.266
102,126,7.420
100,126,7.340
98,126,7.259
96,126,7.358
94,126,7.437
92,126,7.511
90,126,7.563
88,126,7.615
86,126,7.669
84,126,7.588
82,126,7.577
80,126,7.866
78,126,8.010
76,126,8.108
74,126,8.245
72,126,8.317
70,126,8.317
68,126,8.301
66,126,8.268
64,126,8.195
62,126,8.229
60,126,8.202
58,126,8.169
56,126,8.107
54,126,8.083
52,126,8.049
50,126,8.015
48,126,7.936
46,126,7.872
44,126,7.830
42,126,7.800
40,126,7.793
38,126,7.807
36,126,7.840
34,126,7.875
32,126,7.904
30,126,7.919
28,126,7.924
26,126,7.922
24,126,7.921
22,126,7.925
20,126,7.942
18,126,7.959
16,126,7.967
14,126,7.973
12,126,7.982
10,126,7.989
8,126,7.991
6,126,7.998
4,126,8.015
2,126,8.030
0,126,8.038
0,128,8.044
2,128,8.044
4,128,8.041
6,128,8.030
8,128,8.021
10,128,8.010
12,128,7.998
14,128,7.992
16,128,7.991
18,128,7.986
20,128,7.981
22,128,7.974
24,128,7.971
26,128,7.965
28,128,7.956
30,128,7.944
32,128,7.934
34,128,7.927
36,128,7.928
38,128,7.934
40,128,7.938
42,128,7.936
44,128,7.928
46,128,7.918
48,128,7.897
50,128,7.880
52,128,7.881
54,128,7.894
56,128,7.979
58,128,8.116
60,128,8.216
62,128,8.225
64,128,8.364
66,128,8.411
68,128,8.417
70,128,8.404
72,128,8.395
74,128,8.384
76,128,8.369
78,128,8.346
80,128,8.360
82,128,8.313
84,128,8.317
86,128,8.245
88,128,8.124
90,128,7.938
92,128,7.764
94,128,7.660
96,128,7.670
98,128,7.586
100,128,7.616
102,128,7.692
104,128,7.736
106,128,7.766
108,128,7.840
110,128,7.798
112,128,7.849
114,128,7.938
116,128,8.115
118,128,8.136
120,128,8.255
122,128,8.250
124,128,8.197
126,128,8.194
128,128,8.171
130,128,8.108
132,128,8.092
134,128,8.104
136,128,8.157
138,128,8.217
140,128,8.195
142,128,8.144
144,128,8.063
146,128,8.104
148,128,8.047
150,128,7.815
150,130,7.992
148,130,8.044
146,130,8.068
144,130,8.154
142,130,8.176
140,130,8.138
138,130,8.245
136,130,8.297
134,130,8.239
132,130,8.197
130,130,8.246
128,130,8.283
126,130,8.290
124,130,8.294
122,130,8.339
120,130,8.369
118,130,8.401
116,130,8.410
114,130,8.407
112,130,8.421
110,130,8.386
108,130,8.264
106,130,8.259
104,130,8.246
102,130,8.161
100,130,8.088
98,130,8.049
96,130,8.075
94,130,7.923
92,130,7.733
90,130,7.590
88,130,7.550
86,130,7.506
84,130,7.586
82,130,7.839
80,130,7.864
78,130,8.138
76,130,8.244
74,130,8.316
72,130,8.370
70,130,8.444
68,130,8.455
66,130,8.448
64,130,8.456
62,130,8.458
60,130,8.394
58,130,8.414
56,130,8.354
54,130,8.269
52,130,8.272
50,130,8.170
48,130,8.063
46,130,8.043
44,130,8.003
42,130,7.979
40,130,7.974
38,130,7.978
36,130,7.984
34,130,7.989
32,130,7.990
30,130,7.990
28,130,7.991
26,130,7.991
24,130,7.985
22,130,7.982
20,130,7.986
18,130,7.997
16,130,8.005
14,130,8.006
12,130,8.005
10,130,8.011
8,130,8.023
6,130,8.026
4,130,8.035
2,130,8.045
0,130,8.044
0,132,8.039
2,132,8.046
4,132,8.042
6,132,8.037
8,132,8.030
10,132,8.025
12,132,8.015
14,132,8.009
16,132,8.008
18,132,7.999
20,132,7.994
22,132,7.993
24,132,7.994
26,132,7.992
28,132,7.988
30,132,7.983
32,132,7.979
34,132,7.981
36,132,7.987
38,132,7.995
40,132,8.003
42,132,8.011
44,132,8.017
46,132,8.025
48,132,8.038
50,132,8.067
52,132,8.242
54,132,8.193
56,132,8.251
58,132,8.388
60,132,8.414
62,132,8.444
64,132,8.497
66,132,8.512
68,132,8.511
70,132,8.506
72,132,8.491
74,132,8.475
76,132,8.415
78,132,8.333
80,132,8.409
82,132,8.319
84,132,8.223
86,132,8.142
88,132,7.920
90,132,7.872
92,132,7.717
94,132,7.499
96,132,7.368
98,132,7.377
100,132,7.538
102,132,7.608
104,132,8.000
106,132,8.196
108,132,8.326
110,132,8.315
112,132,8.348
114,132,8.379
116,132,8.438
118,132,8.464
120,132,8.460
122,132,8.472
124,132,8.458
126,132,8.448
128,132,8.433
130,132,8.416
132,132,8.360
134,132,8.328
136,132,8.288
138,132,8.327
140,132,8.245
142,132,8.112
144,132,8.108
146,132,8.076
148,132,8.006
150,132,7.867
150,134,7.912
148,134,7.958
146,134,8.067
144,134,8.023
142,134,8.163
140,134,8.167
138,134,8.080
136,134,8.276
134,134,8.236
132,134,8.269
130,134,8.320
128,134,8.374
126,134,8.339
124,134,8.415
122,134,8.442
120,134,8.404
118,134,8.468
116,134,8.459
114,134,8.480
112,134,8.497
110,134,8.497
108,134,8.475
106,134,8.455
104,134,8.447
102,134,8.448
100,134,8.397
98,134,8.311
96,134,8.193
94,134,8.001
92,134,7.607
90,134,7.189
88,134,7.219
86,134,7.141
84,134,7.206
82,134,7.547
80,134,7.815
78,134,7.924
76,134,8.160
74,134,8.189
72,134,8.251
70,134,8.357
68,134,8.453
66,134,8.447
64,134,8.482
62,134,8.502
60,134,8.506
58,134,8.450
56,134,8.434
54,134,8.426
52,134,8.368
50,134,8.270
48,134,8.221
46,134,8.117
44,134,8.069
42,134,8.046
40,134,8.022
38,134,8.023
36,134,8.024
34,134,8.021
32,134,8.018
30,134,8.014
28,134,8.011
26,134,8.005
24,134,8.000
22,134,7.994
20,134,7.999
18,134,8.011
16,134,8.010
14,134,8.006
12,134,8.005
10,134,8.015
8,134,8.025
6,134,8.029
4,134,8.037
2,134,8.043
0,134,8.042
0,136,8.033
2,136,8.039
4,136,8.036
6,136,8.035
8,136,8.034
10,136,8.027
12,136,8.021
14,136,8.015
16,136,8.010
18,136,8.004
20,136,7.998
22,136,7.996
24,136,8.000
26,136,8.000
28,136,8.001
30,136,7.996
32,136,7.994
34,136,7.998
36,136,8.006
38,136,8.015
40,136,8.034
42,136,8.041
44,136,8.058
46,136,8.064
48,136,8.145
50,136,8.225
52,136,8.268
54,136,8.291
56,136,8.347
58,136,8.412
60,136,8.475
62,136,8.505
64,136,8.505
66,136,8.522
68,136,8.524
70,136,8.511
72,136,8.491
74,136,8.481
76,136,8.423
78,136,8.293
80,136,8.336
82,136,8.194
84,136,8.084
86,136,8.098
88,136,8.003
90,136,7.845
92,136,7.579
94,136,7.183
96,136,6.835
98,136,6.901
100,136,7.203
102,136,7.583
104,136,7.898
106,136,8.118
108,136,8.350
110,136,8.412
112,136,8.461
114,136,8.483
116,136,8.499
118,136,8.515
120,136,8.510
122,136,8.505
124,136,8.495
126,136,8.488
128,136,8.473
130,136,8.439
132,136,8.372
134,136,8.430
136,136,8.363
138,136,8.252
140,136,8.257
142,136,8.204
144,136,8.107
146,136,8.153
148,136,8.009
150,136,7.923
150,138,7.966
148,138,7.981
146,138,8.006
144,138,8.070
142,138,8.029
140,138,8.090
138,138,8.198
136,138,8.067
134,138,8.238
132,138,8.304
130,138,8.263
128,138,8.310
126,138,8.391
124,138,8.360
122,138,8.401
120,138,8.388
118,138,8.451
116,138,8.491
114,138,8.518
112,138,8.516
110,138,8.516
108,138,8.516
106,138,8.498
104,138,8.463
102,138,8.446
100,138,8.414
98,138,8.289
96,138,7.977
94,138,7.690
92,138,7.349
90,138,6.954
88,138,6.493
86,138,6.680
84,138,7.035
82,138,7.275
80,138,7.663
78,138,7.934
76,138,8.227
74,138,8.211
72,138,8.300
70,138,8.348
68,138,8.462
66,138,8.472
64,138,8.498
62,138,8.508
60,138,8.515
58,138,8.484
56,138,8.471
54,138,8.462
52,138,8.375
50,138,8.293
48,138,8.174
46,138,8.155
44,138,8.086
42,138,8.058
40,138,8.046
38,138,8.047
36,138,8.038
34,138,8.036
32,138,8.033
30,138,8.029
28,138,8.023
26,138,8.014
24,138,8.007
22,138,8.004
20,138,8.008
18,138,8.016
16,138,8.016
14,138,8.013
12,138,8.012
10,138,8.018
8,138,8.030
6,138,8.035
4,138,8.038
2,138,8.039
0,138,8.037
0,140,8.032
2,140,8.036
4,140,8.034
6,140,8.035
8,140,8.032
10,140,8.031
12,140,8.026
14,140,8.021
16,140,8.018
18,140,8.012
20,140,8.007
22,140,8.005
24,140,8.008
26,140,8.014
28,140,8.012
30,140,8.008
32,140,8.006
34,140,8.009
36,140,8.016
38,140,8.028
40,140,8.044
42,140,8.064
44,140,8.068
46,140,8.076
48,140,8.095
50,140,8.140
52,140,8.330
54,140,8.346
56,140,8.391
58,140,8.449
60,140,8.489
62,140,8.520
64,140,8.531
66,140,8.530
68,140,8.533
70,140,8.504
72,140,8.472
74,140,8.461
76,140,8.397
78,140,8.382
80,140,8.387
82,140,8.285
84,140,8.128
86,140,8.040
88,140,8.049
90,140,7.783
92,140,7.463
94,140,7.049
96,140,6.708
98,140,6.667
100,140,6.849
102,140,7.247
104,140,7.582
106,140,8.059
108,140,8.294
110,140,8.424
112,140,8.497
114,140,8.506
116,140,8.510
118,140,8.524
120,140,8.531
122,140,8.510
124,140,8.504
126,140,8.513
128,140,8.474
130,140,8.442
132,140,8.427
134,140,8.390
136,140,8.389
138,140,8.277
140,140,8.220
142,140,8.263
144,140,8.228
146,140,8.047
148,140,8.093
150,140,8.056
150,142,8.071
148,142,8.068
146,142,8.103
144,142,8.051
142,142,8.019
140,142,8.106
138,142,8.131
136,142,8.176
134,142,8.291
132,142,8.237
130,142,8.292
128,142,8.347
126,142,8.367
124,142,8.363
122,142,8.455
120,142,8.489
118,142,8.451
116,142,8.494
114,142,8.514
112,142,8.520
110,142,8.526
108,142,8.528
106,142,8.521
104,142,8.507
102,142,8.478
100,142,8.376
98,142,8.244
96,142,8.056
94,142,7.613
92,142,6.969
90,142,6.706
88,142,6.628
86,142,7.005
84,142,6.954
82,142,7.305
80,142,7.801
78,142,7.950
76,142,8.086
74,142,8.158
72,142,8.324
70,142,8.377
68,142,8.432
66,142,8.412
64,142,8.484
62,142,8.504
60,142,8.501
58,142,8.515
56,142,8.508
54,142,8.461
52,142,8.380
50,142,8.330
48,142,8.255
46,142,8.156
44,142,8.109
42,142,8.090
40,142,8.074
38,142,8.062
36,142,8.058
34,142,8.055
32,142,8.050
30,142,8.045
28,142,8.038
26,142,8.029
24,142,8.020
22,142,8.016
20,142,8.019
18,142,8.026
16,142,8.029
14,142,8.025
12,142,8.026
10,142,8.030
8,142,8.037
6,142,8.041
4,142,8.042
2,142,8.042
0,142,8.042
0,144,8.033
2,144,8.039
4,144,8.040
6,144,8.035
8,144,8.038
10,144,8.035
12,144,8.033
14,144,8.028
16,144,8.029
18,144,8.023
20,144,8.019
22,144,8.021
24,144,8.023
26,144,8.025
28,144,8.022
30,144,8.019
32,144,8.018
34,144,8.025
36,144,8.032
38,144,8.049
40,144,8.061
42,144,8.082
44,144,8.107
46,144,8.111
48,144,8.175
50,144,8.270
52,144,8.330
54,144,8.377
56,144,8.390
58,144,8.473
60,144,8.523
62,144,8.530
64,144,8.536
66,144,8.541
68,144,8.524
70,144,8.497
72,144,8.436
74,144,8.426
76,144,8.323
78,144,8.292
80,144,8.310
82,144,8.301
84,144,8.095
86,144,8.036
88,144,7.997
90,144,7.855
92,144,7.677
94,144,7.350
96,144,7.128
98,144,6.784
100,144,7.191
102,144,7.582
104,144,7.798
106,144,8.123
108,144,8.337
110,144,8.446
112,144,8.512
114,144,8.525
116,144,8.524
118,144,8.537
120,144,8.522
122,144,8.505
124,144,8.481
126,144,8.518
128,144,8.442
130,144,8.369
132,144,8.312
134,144,8.371
136,144,8.247
138,144,8.215
140,144,8.325
142,144,8.167
144,144,8.088
146,144,8.029
148,144,8.033
150,144,8.026
150,146,8.040
148,146,8.036
146,146,8.040
144,146,8.011
142,146,8.004
140,146,8.085
138,146,8.014
136,146,8.009
134,146,8.143
132,146,8.080
130,146,8.198
128,146,8.207
126,146,8.203
124,146,8.276
122,146,8.360
120,146,8.433
118,146,8.365
116,146,8.421
114,146,8.484
112,146,8.521
110,146,8.502
108,146,8.520
106,146,8.529
104,146,8.523
102,146,8.502
100,146,8.459
98,146,8.363
96,146,8.183
94,146,7.962
92,146,7.754
90,146,7.540
88,146,7.377
86,146,7.325
84,146,7.514
82,146,7.655
80,146,7.822
78,146,7.891
76,146,7.951
74,146,8.040
72,146,8.239
70,146,8.318
68,146,8.356
66,146,8.417
64,146,8.415
62,146,8.477
60,146,8.488
58,146,8.511
56,146,8.517
54,146,8.500
52,146,8.477
50,146,8.441
48,146,8.382
46,146,8.196
44,146,8.166
42,146,8.188
40,146,8.107
38,146,8.076
36,146,8.063
34,146,8.061
32,146,8.057
30,146,8.052
28,146,8.043
26,146,8.033
24,146,8.023
22,146,8.016
20,146,8.013
18,146,8.017
16,146,8.023
14,146,8.026
12,146,8.029
10,146,8.035
8,146,8.039
6,146,8.040
4,146,8.043
2,146,8.038
0,146,8.037
0,148,8.033
2,148,8.033
4,148,8.033
6,148,8.032
8,148,8.035
10,148,8.035
12,148,8.033
14,148,8.033
16,148,8.029
18,148,8.026
20,148,8.023
22,148,8.019
24,148,8.015
26,148,8.013
28,148,8.010
30,148,8.008
32,148,8.016
34,148,8.031
36,148,8.039
38,148,8.054
40,148,8.073
42,148,8.113
44,148,8.167
46,148,8.219
48,148,8.312
50,148,8.443
52,148,8.403
54,148,8.484
56,148,8.518
58,148,8.525
60,148,8.530
62,148,8.529
64,148,8.509
66,148,8.500
68,148,8.463
70,148,8.420
72,148,8.300
74,148,8.211
76,148,8.168
78,148,8.133
80,148,8.020
82,148,8.030
84,148,7.968
86,148,7.980
88,148,7.990
90,148,7.977
92,148,7.965
94,148,7.868
96,148,7.790
98,148,7.682
100,148,7.755
102,148,7.882
104,148,8.108
106,148,8.311
108,148,8.418
110,148,8.487
112,148,8.509
114,148,8.521
116,148,8.500
118,148,8.509
120,148,8.456
122,148,8.485
124,148,8.466
126,148,8.345
128,148,8.301
130,148,8.290
132,148,8.210
134,148,8.182
136,148,8.163
138,148,8.004
140,148,7.971
142,148,8.014
144,148,7.981
146,148,8.004
148,148,7.997
150,148,8.047
150,150,8.114
148,150,8.197
146,150,8.143
144,150,8.057
142,150,7.995
140,150,7.992
138,150,8.026
136,150,8.009
134,150,8.007
132,150,8.020
130,150,8.044
128,150,8.071
126,150,8.153
124,150,8.138
122,150,8.260
120,150,8.302
118,150,8.344
116,150,8.393
114,150,8.429
112,150,8.412
110,150,8.490
108,150,8.497
106,150,8.493
104,150,8.505
102,150,8.495
100,150,8.481
98,150,8.436
96,150,8.330
94,150,8.243
92,150,8.119
90,150,7.972
88,150,7.955
86,150,7.950
84,150,7.966
82,150,8.008
80,150,7.940
78,150,7.941
76,150,7.930
74,150,8.047
72,150,8.112
70,150,8.232
68,150,8.232
66,150,8.312
64,150,8.414
62,150,8.446
60,150,8.437
58,150,8.484
56,150,8.512
54,150,8.506
52,150,8.463
50,150,8.435
48,150,8.365
46,150,8.270
44,150,8.234
42,150,8.116
40,150,8.092
38,150,8.074
36,150,8.061
34,150,8.058
32,150,8.050
30,150,8.042
28,150,8.030
26,150,8.017
24,150,8.002
22,150,7.985
20,150,7.974
18,150,7.972
16,150,7.980
14,150,7.995
12,150,8.010
10,150,8.025
8,150,8.034
6,150,8.038
4,150,8.037
2,150,8.037
0,150,8.035