0,0,1.176
2,0,1.179
4,0,1.220
6,0,1.417
8,0,1.755
10,0,2.327
12,0,3.224
14,0,4.413
16,0,5.657
18,0,6.763
20,0,7.474
22,0,7.767
24,0,7.777
26,0,7.476
28,0,6.663
30,0,5.406
32,0,4.304
34,0,4.101
36,0,4.875
38,0,5.955
40,0,6.696
42,0,7.015
44,0,7.098
46,0,7.062
48,0,6.950
50,0,6.811
52,0,6.684
54,0,6.593
56,0,6.537
58,0,6.494
60,0,6.419
62,0,6.274
64,0,6.083
66,0,5.879
68,0,5.639
70,0,5.464
72,0,5.428
74,0,5.460
76,0,5.575
78,0,5.891
80,0,6.272
82,0,6.533
84,0,6.651
86,0,6.715
88,0,6.766
90,0,6.808
92,0,6.861
94,0,6.940
96,0,7.034
98,0,7.092
100,0,7.098
102,0,7.040
104,0,6.938
106,0,6.857
108,0,6.831
110,0,6.859
112,0,6.903
114,0,6.953
116,0,7.002
118,0,7.042
120,0,7.065
122,0,7.080
124,0,7.083
126,0,7.093
128,0,7.107
130,0,7.117
132,0,7.124
134,0,7.139
136,0,7.168
138,0,7.216
140,0,7.281
142,0,7.361
144,0,7.430
146,0,7.455
148,0,7.382
150,0,7.188
150,2,7.036
148,2,7.049
146,2,7.086
144,2,7.160
142,2,7.258
140,2,7.354
138,2,7.436
136,2,7.489
134,2,7.510
132,2,7.501
130,2,7.468
128,2,7.422
126,2,7.371
124,2,7.324
122,2,7.284
120,2,7.247
118,2,7.227
116,2,7.216
114,2,7.209
112,2,7.200
110,2,7.189
108,2,7.176
106,2,7.165
104,2,7.154
102,2,7.144
100,2,7.124
98,2,7.092
96,2,7.050
94,2,7.003
92,2,6.956
90,2,6.910
88,2,6.881
86,2,6.878
84,2,6.919
82,2,7.005
80,2,7.096
78,2,7.144
76,2,7.130
74,2,7.074
72,2,6.988
70,2,6.907
68,2,6.852
66,2,6.804
64,2,6.760
62,2,6.712
60,2,6.626
58,2,6.440
56,2,6.125
54,2,5.790
52,2,5.571
50,2,5.497
48,2,5.460
46,2,5.518
44,2,5.694
42,2,5.869
40,2,6.052
38,2,6.267
36,2,6.420
34,2,6.489
32,2,6.537
30,2,6.616
28,2,6.739
26,2,6.889
24,2,7.034
22,2,7.114
20,2,7.060
18,2,6.722
16,2,5.791
14,2,4.525
12,2,4.131
10,2,5.271
8,2,6.882
6,2,7.688
4,2,7.757
2,2,7.102
0,2,5.417
0,4,4.778
2,4,4.784
4,4,4.828
6,4,5.036
8,4,5.529
10,4,6.210
12,4,6.892
14,4,7.426
16,4,7.719
18,4,7.810
20,4,7.702
22,4,7.329
24,4,6.557
26,4,5.418
28,4,4.402
30,4,4.060
32,4,4.599
34,4,5.609
36,4,6.477
38,4,6.939
40,4,7.107
42,4,7.124
44,4,7.050
46,4,6.924
48,4,6.781
50,4,6.654
52,4,6.565
54,4,6.501
56,4,6.455
58,4,6.374
60,4,6.208
62,4,5.996
64,4,5.854
66,4,5.744
68,4,5.597
70,4,5.522
72,4,5.544
74,4,5.607
76,4,5.781
78,4,6.092
80,4,6.423
82,4,6.637
84,4,6.747
86,4,6.800
88,4,6.843
90,4,6.885
92,4,6.938
94,4,7.018
96,4,7.104
98,4,7.161
100,4,7.163
102,4,7.090
104,4,6.992
106,4,6.917
108,4,6.909
110,4,6.939
112,4,6.995
114,4,7.058
116,4,7.120
118,4,7.173
120,4,7.212
122,4,7.241
124,4,7.266
126,4,7.288
128,4,7.315
130,4,7.332
132,4,7.340
134,4,7.348
136,4,7.365
138,4,7.401
140,4,7.452
142,4,7.511
144,4,7.567
146,4,7.589
148,4,7.548
150,4,7.405
150,6,7.307
148,6,7.325
146,6,7.366
144,6,7.431
142,6,7.505
140,6,7.571
138,6,7.620
136,6,7.638
134,6,7.635
132,6,7.614
130,6,7.580
128,6,7.543
126,6,7.513
124,6,7.485
122,6,7.467
120,6,7.460
118,6,7.456
116,6,7.455
114,6,7.455
112,6,7.442
110,6,7.421
108,6,7.397
106,6,7.372
104,6,7.343
102,6,7.310
100,6,7.272
98,6,7.223
96,6,7.167
94,6,7.103
92,6,7.044
90,6,6.989
88,6,6.955
86,6,6.958
84,6,7.008
82,6,7.090
80,6,7.156
78,6,7.173
76,6,7.137
74,6,7.073
72,6,7.006
70,6,6.961
68,6,6.933
66,6,6.906
64,6,6.874
62,6,6.817
60,6,6.676
58,6,6.444
56,6,6.140
54,6,5.859
52,6,5.720
50,6,5.683
48,6,5.723
46,6,5.803
44,6,5.830
42,6,5.814
40,6,5.950
38,6,6.199
36,6,6.377
34,6,6.455
32,6,6.516
30,6,6.605
28,6,6.745
26,6,6.915
24,6,7.058
22,6,7.139
20,6,7.077
18,6,6.679
16,6,5.645
14,6,4.347
12,6,4.117
10,6,5.465
8,6,7.034
6,6,7.718
4,6,7.781
2,6,7.186
0,6,5.447
0,8,4.651
2,8,4.659
4,8,4.719
6,8,4.999
8,8,5.562
10,8,6.283
12,8,6.999
14,8,7.505
16,8,7.756
18,8,7.803
20,8,7.673
22,8,7.285
24,8,6.491
26,8,5.321
28,8,4.267
30,8,3.989
32,8,4.599
34,8,5.672
36,8,6.556
38,8,7.016
40,8,7.164
42,8,7.153
44,8,7.068
46,8,6.941
48,8,6.804
50,8,6.668
52,8,6.579
54,8,6.512
56,8,6.454
58,8,6.355
60,8,6.145
62,8,5.905
64,8,5.844
66,8,5.949
68,8,5.999
70,8,5.948
72,8,5.899
74,8,5.890
76,8,6.008
78,8,6.274
80,8,6.564
82,8,6.783
84,8,6.913
86,8,6.964
88,8,6.986
90,8,6.995
92,8,7.002
94,8,7.032
96,8,7.085
98,8,7.138
100,8,7.152
102,8,7.109
104,8,7.036
106,8,6.992
108,8,7.001
110,8,7.052
112,8,7.129
114,8,7.222
116,8,7.313
118,8,7.393
120,8,7.462
122,8,7.523
124,8,7.579
126,8,7.629
128,8,7.669
130,8,7.694
132,8,7.694
134,8,7.679
136,8,7.655
138,8,7.642
140,8,7.642
142,8,7.662
144,8,7.688
146,8,7.703
148,8,7.689
150,8,7.618
150,10,7.534
148,10,7.546
146,10,7.571
144,10,7.610
142,10,7.651
140,10,7.684
138,10,7.703
136,10,7.709
134,10,7.705
132,10,7.696
130,10,7.688
128,10,7.686
126,10,7.692
124,10,7.711
122,10,7.741
120,10,7.776
118,10,7.806
116,10,7.823
114,10,7.825
112,10,7.811
110,10,7.779
108,10,7.740
106,10,7.689
104,10,7.633
102,10,7.566
100,10,7.492
98,10,7.410
96,10,7.321
94,10,7.223
92,10,7.131
90,10,7.059
88,10,7.018
86,10,7.014
84,10,7.052
82,10,7.098
80,10,7.114
78,10,7.100
76,10,7.063
74,10,7.024
72,10,7.020
70,10,7.038
68,10,7.055
66,10,7.052
64,10,7.029
62,10,6.941
60,10,6.778
58,10,6.566
56,10,6.319
54,10,6.162
52,10,6.166
50,10,6.235
48,10,6.263
46,10,6.167
44,10,5.970
42,10,5.887
40,10,6.074
38,10,6.326
36,10,6.466
34,10,6.541
32,10,6.613
30,10,6.709
28,10,6.833
26,10,6.972
24,10,7.098
22,10,7.172
20,10,7.091
18,10,6.580
16,10,5.346
14,10,4.028
12,10,4.078
10,10,5.642
8,10,7.112
6,10,7.707
4,10,7.694
2,10,6.833
0,10,4.825
0,12,3.906
2,12,3.919
4,12,4.001
6,12,4.323
8,12,4.945
10,12,5.736
12,12,6.602
14,12,7.276
16,12,7.633
18,12,7.709
20,12,7.561
22,12,7.124
24,12,6.222
26,12,4.960
28,12,3.875
30,12,3.658
32,12,4.413
34,12,5.612
36,12,6.555
38,12,7.026
40,12,7.158
42,12,7.135
44,12,7.047
46,12,6.938
48,12,6.840
50,12,6.756
52,12,6.687
54,12,6.624
56,12,6.557
58,12,6.468
60,12,6.284
62,12,6.047
64,12,5.980
66,12,6.153
68,12,6.383
70,12,6.498
72,12,6.470
74,12,6.398
76,12,6.404
78,12,6.553
80,12,6.753
82,12,6.917
84,12,7.041
86,12,7.095
88,12,7.100
90,12,7.079
92,12,7.026
94,12,6.990
96,12,6.996
98,12,7.021
100,12,7.048
102,12,7.046
104,12,7.022
106,12,7.007
108,12,7.031
110,12,7.103
112,12,7.217
114,12,7.346
116,12,7.485
118,12,7.614
120,12,7.720
122,12,7.818
124,12,7.904
126,12,7.973
128,12,8.022
130,12,8.039
132,12,8.018
134,12,7.961
136,12,7.884
138,12,7.802
140,12,7.738
142,12,7.693
144,12,7.670
146,12,7.656
148,12,7.629
150,12,7.575
150,14,7.466
148,14,7.478
146,14,7.499
144,14,7.527
142,14,7.554
140,14,7.577
138,14,7.596
136,14,7.610
134,14,7.626
132,14,7.646
130,14,7.676
128,14,7.720
126,14,7.779
124,14,7.851
122,14,7.926
120,14,8.000
118,14,8.063
116,14,8.105
114,14,8.120
112,14,8.109
110,14,8.074
108,14,8.019
106,14,7.944
104,14,7.857
102,14,7.757
100,14,7.646
98,14,7.516
96,14,7.385
94,14,7.251
92,14,7.137
90,14,7.051
88,14,7.008
86,14,7.000
84,14,7.009
82,14,7.009
80,14,6.996
78,14,6.969
76,14,6.949
74,14,6.959
72,14,7.008
70,14,7.073
68,14,7.106
66,14,7.112
64,14,7.081
62,14,6.996
60,14,6.886
58,14,6.753
56,14,6.642
54,14,6.637
52,14,6.725
50,14,6.763
48,14,6.644
46,14,6.393
44,14,6.165
42,14,6.166
40,14,6.358
38,14,6.522
36,14,6.602
34,14,6.666
32,14,6.718
30,14,6.762
28,14,6.833
26,14,6.923
24,14,7.031
22,14,7.093
20,14,6.978
18,14,6.376
16,14,4.985
14,14,3.493
12,14,3.481
10,14,5.156
8,14,6.851
6,14,7.516
4,14,7.398
2,14,6.152
0,14,4.020
0,16,3.156
2,16,3.167
4,16,3.252
6,16,3.572
8,16,4.177
10,16,5.014
12,16,5.942
14,16,6.770
16,16,7.286
18,16,7.426
20,16,7.254
22,16,6.678
24,16,5.546
26,16,4.093
28,16,3.052
30,16,3.062
32,16,4.070
34,16,5.408
36,16,6.393
38,16,6.870
40,16,7.006
42,16,6.990
44,16,6.918
46,16,6.834
48,16,6.764
50,16,6.721
52,16,6.692
54,16,6.666
56,16,6.616
58,16,6.552
60,16,6.464
62,16,6.336
64,16,6.288
66,16,6.459
68,16,6.754
70,16,6.961
72,16,6.989
74,16,6.897
76,16,6.810
78,16,6.824
80,16,6.894
82,16,6.962
84,16,7.028
86,16,7.048
88,16,7.034
90,16,7.008
92,16,6.946
94,16,6.891
96,16,6.873
98,16,6.894
100,16,6.922
102,16,6.950
104,16,6.966
106,16,6.983
108,16,7.024
110,16,7.115
112,16,7.252
114,16,7.420
116,16,7.593
118,16,7.756
120,16,7.901
122,16,8.021
124,16,8.118
126,16,8.183
128,16,8.211
130,16,8.196
132,16,8.135
134,16,8.033
136,16,7.909
138,16,7.777
140,16,7.665
142,16,7.578
144,16,7.514
146,16,7.470
148,16,7.421
150,16,7.341
150,18,7.180
148,18,7.200
146,18,7.232
144,18,7.272
142,18,7.315
140,18,7.353
138,18,7.388
136,18,7.420
134,18,7.453
132,18,7.496
130,18,7.553
128,18,7.628
126,18,7.714
124,18,7.820
122,18,7.933
120,18,8.037
118,18,8.122
116,18,8.184
114,18,8.221
112,18,8.226
110,18,8.202
108,18,8.154
106,18,8.081
104,18,7.982
102,18,7.866
100,18,7.731
98,18,7.579
96,18,7.418
94,18,7.273
92,18,7.153
90,18,7.069
88,18,7.016
86,18,6.986
84,18,6.960
82,18,6.929
80,18,6.890
78,18,6.855
76,18,6.836
74,18,6.850
72,18,6.892
70,18,6.928
68,18,6.948
66,18,6.974
64,18,6.983
62,18,6.966
60,18,6.938
58,18,6.935
56,18,6.999
54,18,7.134
52,18,7.252
50,18,7.229
48,18,7.016
46,18,6.702
44,18,6.486
42,18,6.442
40,18,6.466
38,18,6.503
36,18,6.557
34,18,6.599
32,18,6.622
30,18,6.656
28,18,6.714
26,18,6.798
24,18,6.884
22,18,6.916
20,18,6.748
18,18,6.089
16,18,4.634
14,18,2.991
12,18,2.825
10,18,4.562
8,18,6.416
6,18,7.122
4,18,6.790
2,18,5.326
0,18,3.313
0,20,2.606
2,20,2.616
4,20,2.707
6,20,2.995
8,20,3.521
10,20,4.282
12,20,5.211
14,20,6.075
16,20,6.665
18,20,6.897
20,20,6.740
22,20,6.078
24,20,4.868
26,20,3.469
28,20,2.642
30,20,2.948
32,20,4.127
34,20,5.466
36,20,6.331
38,20,6.736
40,20,6.870
42,20,6.857
44,20,6.796
46,20,6.720
48,20,6.649
50,20,6.592
52,20,6.546
54,20,6.505
56,20,6.463
58,20,6.433
60,20,6.430
62,20,6.464
64,20,6.558
66,20,6.768
68,20,7.066
70,20,7.328
72,20,7.417
74,20,7.328
76,20,7.143
78,20,7.006
80,20,6.954
82,20,6.939
84,20,6.917
86,20,6.872
88,20,6.824
90,20,6.803
92,20,6.780
94,20,6.772
96,20,6.793
98,20,6.850
100,20,6.919
102,20,6.985
104,20,7.048
106,20,7.106
108,20,7.175
110,20,7.277
112,20,7.421
114,20,7.586
116,20,7.759
118,20,7.918
120,20,8.046
122,20,8.138
124,20,8.196
126,20,8.220
128,20,8.206
130,20,8.151
132,20,8.061
134,20,7.928
136,20,7.772
138,20,7.601
140,20,7.435
142,20,7.287
144,20,7.142
146,20,7.019
148,20,6.903
150,20,6.777
150,22,6.497
148,22,6.520
146,22,6.569
144,22,6.615
142,22,6.646
140,22,6.656
138,22,6.684
136,22,6.795
134,22,6.884
132,22,6.926
130,22,7.019
128,22,7.142
126,22,7.265
124,22,7.370
122,22,7.502
120,22,7.621
118,22,7.701
116,22,7.759
114,22,7.790
112,22,7.846
110,22,7.835
108,22,7.814
106,22,7.781
104,22,7.704
102,22,7.616
100,22,7.496
98,22,7.353
96,22,7.234
94,22,7.103
92,22,7.010
90,22,6.903
88,22,6.850
86,22,6.758
84,22,6.728
82,22,6.634
80,22,6.513
78,22,6.452
76,22,6.403
74,22,6.388
72,22,6.384
70,22,6.419
68,22,6.462
66,22,6.502
64,22,6.549
62,22,6.606
60,22,6.695
58,22,6.776
56,22,6.862
54,22,6.992
52,22,7.040
50,22,6.924
48,22,6.686
46,22,6.428
44,22,6.241
42,22,6.102
40,22,6.026
38,22,6.036
36,22,6.038
34,22,6.119
32,22,6.184
30,22,6.282
28,22,6.368
26,22,6.414
24,22,6.478
22,22,6.473
20,22,6.334
18,22,5.806
16,22,4.531
14,22,3.050
12,22,2.857
10,22,4.242
8,22,5.879
6,22,6.499
4,22,5.989
2,22,4.424
0,22,2.671
0,24,2.126
2,24,2.145
4,24,2.244
6,24,2.509
8,24,2.992
10,24,3.691
12,24,4.545
14,24,5.381
16,24,6.020
18,24,6.298
20,24,6.193
22,24,5.670
24,24,4.758
26,24,3.793
28,24,3.413
30,24,3.951
32,24,5.078
34,24,6.113
36,24,6.680
38,24,6.887
40,24,6.933
42,24,6.922
44,24,6.893
46,24,6.834
48,24,6.752
50,24,6.672
52,24,6.607
54,24,6.532
56,24,6.479
58,24,6.472
60,24,6.489
62,24,6.556
64,24,6.704
66,24,6.924
68,24,7.168
70,24,7.368
72,24,7.452
74,24,7.401
76,24,7.250
78,24,7.097
80,24,6.985
82,24,6.875
84,24,6.738
86,24,6.607
88,24,6.478
90,24,6.396
92,24,6.371
94,24,6.383
96,24,6.445
98,24,6.560
100,24,6.731
102,24,6.915
104,24,7.082
106,24,7.202
108,24,7.305
110,24,7.407
112,24,7.531
114,24,7.674
116,24,7.807
118,24,7.924
120,24,7.991
122,24,8.015
124,24,8.003
126,24,7.964
128,24,7.912
130,24,7.833
132,24,7.738
134,24,7.582
136,24,7.384
138,24,7.132
140,24,6.837
142,24,6.554
144,24,6.304
146,24,6.108
148,24,5.956
150,24,5.837
150,26,5.499
148,26,5.506
146,26,5.536
144,26,5.595
142,26,5.681
140,26,5.782
138,26,5.918
136,26,6.084
134,26,6.283
132,26,6.501
130,26,6.733
128,26,6.959
126,26,7.162
124,26,7.336
122,26,7.476
120,26,7.593
118,26,7.690
116,26,7.770
114,26,7.833
112,26,7.882
110,26,7.923
108,26,7.957
106,26,7.968
104,26,7.948
102,26,7.883
100,26,7.773
98,26,7.629
96,26,7.492
94,26,7.374
92,26,7.287
90,26,7.201
88,26,7.074
86,26,6.872
84,26,6.617
82,26,6.353
80,26,6.125
78,26,5.990
76,26,5.920
74,26,5.911
72,26,5.933
70,26,6.016
68,26,6.170
66,26,6.368
64,26,6.596
62,26,6.811
60,26,6.973
58,26,7.119
56,26,7.259
54,26,7.360
52,26,7.371
50,26,7.295
48,26,7.146
46,26,6.955
44,26,6.791
42,26,6.698
40,26,6.667
38,26,6.656
36,26,6.681
34,26,6.739
32,26,6.807
30,26,6.891
28,26,6.960
26,26,6.992
24,26,7.007
22,26,7.027
20,26,6.990
18,26,6.658
16,26,5.675
14,26,4.460
12,26,4.280
10,26,5.139
8,26,5.955
6,26,6.030
4,26,5.160
2,26,3.522
0,26,2.104
0,28,1.671
2,28,1.689
4,28,1.778
6,28,2.008
8,28,2.395
10,28,2.988
12,28,3.790
14,28,4.687
16,28,5.447
18,28,5.923
20,28,6.055
22,28,5.877
24,28,5.444
26,28,4.938
28,28,4.779
30,28,5.224
32,28,6.043
34,28,6.707
36,28,7.016
38,28,7.096
40,28,7.090
42,28,7.068
44,28,7.057
46,28,7.049
48,28,7.016
50,28,6.953
52,28,6.898
54,28,6.853
56,28,6.823
58,28,6.806
60,28,6.810
62,28,6.839
64,28,6.914
66,28,7.040
68,28,7.166
70,28,7.239
72,28,7.214
74,28,7.032
76,28,6.646
78,28,6.165
80,28,5.714
82,28,5.349
84,28,5.079
86,28,4.930
88,28,4.894
90,28,4.899
92,28,4.907
94,28,4.937
96,28,5.006
98,28,5.189
100,28,5.511
102,28,5.910
104,28,6.281
106,28,6.538
108,28,6.670
110,28,6.756
112,28,6.878
114,28,7.069
116,28,7.269
118,28,7.402
120,28,7.424
122,28,7.351
124,28,7.234
126,28,7.118
128,28,7.010
130,28,6.900
132,28,6.763
134,28,6.601
136,28,6.430
138,28,6.245
140,28,6.042
142,28,5.813
144,28,5.561
146,28,5.307
148,28,5.059
150,28,4.852
150,30,4.547
148,30,4.590
146,30,4.656
144,30,4.743
142,30,4.849
140,30,4.963
138,30,5.100
136,30,5.239
134,30,5.388
132,30,5.518
130,30,5.644
128,30,5.757
126,30,5.866
124,30,5.997
122,30,6.132
120,30,6.256
118,30,6.365
116,30,6.468
114,30,6.576
112,30,6.701
110,30,6.825
108,30,6.924
106,30,6.966
104,30,6.921
102,30,6.783
100,30,6.585
98,30,6.393
96,30,6.251
94,30,6.156
92,30,6.052
90,30,5.868
88,30,5.578
86,30,5.198
84,30,4.787
82,30,4.429
80,30,4.172
78,30,4.008
76,30,3.917
74,30,3.879
72,30,3.929
70,30,4.113
68,30,4.442
66,30,4.905
64,30,5.458
62,30,5.998
60,30,6.424
58,30,6.741
56,30,6.927
54,30,7.033
52,30,7.068
50,30,7.041
48,30,6.973
46,30,6.916
44,30,6.893
42,30,6.891
40,30,6.899
38,30,6.917
36,30,6.943
34,30,6.986
32,30,7.046
30,30,7.086
28,30,7.084
26,30,7.072
24,30,7.074
22,30,7.075
20,30,6.985
18,30,6.538
16,30,5.500
14,30,4.580
12,30,4.611
10,30,5.255
8,30,5.750
6,30,5.529
4,30,4.326
2,30,2.773
0,30,1.645
0,32,1.372
2,32,1.396
4,32,1.476
6,32,1.676
8,32,2.023
10,32,2.553
12,32,3.296
14,32,4.191
16,32,5.010
18,32,5.546
20,32,5.704
22,32,5.546
24,32,5.196
26,32,4.834
28,32,4.683
30,32,4.964
32,32,5.628
34,32,6.290
36,32,6.646
38,32,6.756
40,32,6.779
42,32,6.809
44,32,6.854
46,32,6.895
48,32,6.905
50,32,6.865
52,32,6.784
54,32,6.696
56,32,6.637
58,32,6.611
60,32,6.620
62,32,6.603
64,32,6.572
66,32,6.565
68,32,6.610
70,32,6.658
72,32,6.651
74,32,6.543
76,32,6.313
78,32,5.904
80,32,5.313
82,32,4.608
84,32,3.949
86,32,3.468
88,32,3.161
90,32,3.022
92,32,3.021
94,32,3.154
96,32,3.381
98,32,3.690
100,32,4.093
102,32,4.551
104,32,4.984
106,32,5.322
108,32,5.532
110,32,5.647
112,32,5.761
114,32,5.927
116,32,6.121
118,32,6.273
120,32,6.328
122,32,6.255
124,32,6.066
126,32,5.836
128,32,5.618
130,32,5.433
132,32,5.262
134,32,5.088
136,32,4.903
138,32,4.741
140,32,4.603
142,32,4.461
144,32,4.327
146,32,4.188
148,32,4.067
150,32,3.959
150,34,3.731
148,34,3.763
146,34,3.818
144,34,3.880
142,34,3.944
140,34,4.017
138,34,4.089
136,34,4.169
134,34,4.258
132,34,4.355
130,34,4.466
128,34,4.588
126,34,4.720
124,34,4.863
122,34,5.010
120,34,5.155
118,34,5.317
116,34,5.483
114,34,5.663
112,34,5.848
110,34,6.007
108,34,6.088
106,34,6.079
104,34,5.986
102,34,5.847
100,34,5.699
98,34,5.566
96,34,5.476
94,34,5.403
92,34,5.280
90,34,5.071
88,34,4.754
86,34,4.364
84,34,3.917
82,34,3.457
80,34,3.007
78,34,2.614
76,34,2.360
74,34,2.276
72,34,2.317
70,34,2.378
68,34,2.514
66,34,2.868
64,34,3.467
62,34,4.151
60,34,4.756
58,34,5.210
56,34,5.453
54,34,5.481
52,34,5.387
50,34,5.301
48,34,5.293
46,34,5.332
44,34,5.353
42,34,5.300
40,34,5.244
38,34,5.292
36,34,5.500
34,34,5.759
32,34,5.968
30,34,6.059
28,34,6.033
26,34,5.924
24,34,5.807
22,34,5.732
20,34,5.648
18,34,5.331
16,34,4.874
14,34,4.762
12,34,5.057
10,34,5.438
8,34,5.589
6,34,5.196
4,34,3.948
2,34,2.478
0,34,1.497
0,36,1.294
2,36,1.318
4,36,1.412
6,36,1.616
8,36,1.978
10,36,2.506
12,36,3.227
14,36,4.079
16,36,4.858
18,36,5.348
20,36,5.506
22,36,5.472
24,36,5.316
26,36,5.060
28,36,4.799
30,36,4.604
32,36,4.547
34,36,4.613
36,36,4.653
38,36,4.633
40,36,4.673
42,36,4.789
44,36,4.955
46,36,5.092
48,36,5.087
50,36,4.886
52,36,4.543
54,36,4.162
56,36,3.876
58,36,3.832
60,36,3.999
62,36,4.193
64,36,4.285
66,36,4.254
68,36,4.233
70,36,4.308
72,36,4.453
74,36,4.456
76,36,4.271
78,36,3.814
80,36,3.174
82,36,2.551
84,36,2.142
86,36,2.038
88,36,2.049
90,36,1.950
92,36,1.896
94,36,2.144
96,36,2.743
98,36,3.473
100,36,4.133
102,36,4.658
104,36,5.048
106,36,5.311
108,36,5.430
110,36,5.488
112,36,5.534
114,36,5.622
116,36,5.742
118,36,5.846
120,36,5.872
122,36,5.808
124,36,5.660
126,36,5.470
128,36,5.292
130,36,5.128
132,36,4.952
134,36,4.768
136,36,4.574
138,36,4.392
140,36,4.233
142,36,4.102
144,36,3.996
146,36,3.911
148,36,3.829
150,36,3.756
150,38,4.009
148,38,4.068
146,38,4.105
144,38,4.144
142,38,4.187
140,38,4.232
138,38,4.284
136,38,4.346
134,38,4.423
132,38,4.524
130,38,4.633
128,38,4.761
126,38,4.892
124,38,5.013
122,38,5.120
120,38,5.210
118,38,5.287
116,38,5.365
114,38,5.449
112,38,5.524
110,38,5.578
108,38,5.581
106,38,5.551
104,38,5.499
102,38,5.446
100,38,5.424
98,38,5.433
96,38,5.460
94,38,5.450
92,38,5.377
90,38,5.229
88,38,4.995
86,38,4.626
84,38,4.069
82,38,3.312
80,38,2.450
78,38,1.744
76,38,1.443
74,38,1.483
72,38,1.584
70,38,1.532
68,38,1.419
66,38,1.498
64,38,1.847
62,38,2.338
60,38,2.780
58,38,3.037
56,38,3.087
54,38,2.971
52,38,2.794
50,38,2.683
48,38,2.605
46,38,2.390
44,38,2.006
42,38,1.621
40,38,1.440
38,38,1.532
36,38,1.906
34,38,2.550
32,38,3.183
30,38,3.578
28,38,3.687
26,38,3.620
24,38,3.567
22,38,3.622
20,38,3.752
18,38,3.909
16,38,4.197
14,38,4.616
12,38,5.080
10,38,5.402
8,38,5.351
6,38,4.798
4,38,3.547
2,38,2.221
0,38,1.354
0,40,1.166
2,40,1.187
4,40,1.253
6,40,1.416
8,40,1.706
10,40,2.170
12,40,2.773
14,40,3.533
16,40,4.291
18,40,4.838
20,40,5.121
22,40,5.218
24,40,5.076
26,40,4.700
28,40,4.241
30,40,3.871
32,40,3.634
34,40,3.544
36,40,3.521
38,40,3.495
40,40,3.463
42,40,3.446
44,40,3.421
46,40,3.286
48,40,2.924
50,40,2.316
52,40,1.648
54,40,1.119
56,40,8.324
58,40,6.936
60,40,7.373
62,40,1.040
64,40,1.494
66,40,1.839
68,40,2.025
70,40,2.170
72,40,2.337
74,40,2.417
76,40,2.334
78,40,2.054
80,40,1.635
82,40,1.179
84,40,8.971
86,40,8.958
88,40,1.023
90,40,1.052
92,40,1.081
94,40,1.444
96,40,2.231
98,40,3.157
100,40,3.900
102,40,4.350
104,40,4.619
106,40,4.793
108,40,4.864
110,40,4.825
112,40,4.740
114,40,4.640
116,40,4.557
118,40,4.543
120,40,4.564
122,40,4.617
124,40,4.637
126,40,4.646
128,40,4.656
130,40,4.671
132,40,4.679
134,40,4.678
136,40,4.644
138,40,4.601
140,40,4.569
142,40,4.565
144,40,4.600
146,40,4.674
148,40,4.750
150,40,4.811
150,42,4.812
148,42,4.769
146,42,4.698
144,42,4.600
142,42,4.495
140,42,4.392
138,42,4.309
136,42,4.238
134,42,4.191
132,42,4.161
130,42,4.132
128,42,4.086
126,42,4.002
124,42,3.919
122,42,3.842
120,42,3.783
118,42,3.752
116,42,3.730
114,42,3.692
112,42,3.628
110,42,3.552
108,42,3.495
106,42,3.488
104,42,3.527
102,42,3.598
100,42,3.690
98,42,3.782
96,42,3.837
94,42,3.830
92,42,3.758
90,42,3.612
88,42,3.429
86,42,3.169
84,42,2.765
82,42,2.189
80,42,1.510
78,42,9.211
76,42,5.730
74,42,4.058
72,42,3.383
70,42,3.784
68,42,5.843
66,42,9.669
64,42,1.414
62,42,1.788
60,42,2.037
58,42,2.163
56,42,2.191
54,42,2.115
52,42,1.928
50,42,1.586
48,42,1.014
46,42,3.737
44,42,1.446
42,42,5.247
40,42,1.090
38,42,1.311
36,42,1.358
34,42,1.742
32,42,2.472
30,42,3.180
28,42,3.602
26,42,3.766
24,42,3.782
22,42,3.646
20,42,3.401
18,42,3.244
16,42,3.385
14,42,3.898
12,42,4.468
10,42,4.632
8,42,4.494
6,42,3.888
4,42,2.747
2,42,1.720
0,42,1.136
0,44,1.049
2,44,1.062
4,44,1.089
6,44,1.169
8,44,1.361
10,44,1.694
12,44,2.169
14,44,2.811
16,44,3.499
18,44,4.018
20,44,4.196
22,44,4.147
24,44,4.077
26,44,3.921
28,44,3.625
30,44,3.310
32,44,3.149
34,44,3.235
36,44,3.482
38,44,3.772
40,44,3.977
42,44,4.036
44,44,3.938
46,44,3.595
48,44,2.951
50,44,2.170
52,44,1.656
54,44,1.674
56,44,1.907
58,44,1.617
60,44,7.276
62,44,6.716
64,44,2.752
66,44,1.132
68,44,1.989
70,44,2.463
72,44,2.626
74,44,2.648
76,44,2.583
78,44,2.463
80,44,2.250
82,44,1.854
84,44,1.353
86,44,8.932
88,44,6.242
90,44,5.616
92,44,7.132
94,44,1.084
96,44,1.612
98,44,2.135
100,44,2.493
102,44,2.710
104,44,2.882
106,44,3.022
108,44,3.095
110,44,3.071
112,44,2.970
114,44,2.833
116,44,2.693
118,44,2.584
120,44,2.541
122,44,2.547
124,44,2.572
126,44,2.581
128,44,2.577
130,44,2.599
132,44,2.694
134,44,2.834
136,44,2.974
138,44,3.124
140,44,3.260
142,44,3.401
144,44,3.561
146,44,3.777
148,44,4.023
150,44,4.229
150,46,4.177
148,46,4.092
146,46,3.969
144,46,3.817
142,46,3.641
140,46,3.482
138,46,3.342
136,46,3.212
134,46,3.099
132,46,2.981
130,46,2.852
128,46,2.712
126,46,2.575
124,46,2.456
122,46,2.376
120,46,2.344
118,46,2.349
116,46,2.374
114,46,2.400
112,46,2.430
110,46,2.468
108,46,2.520
106,46,2.607
104,46,2.727
102,46,2.876
100,46,3.000
98,46,3.095
96,46,3.160
94,46,3.166
92,46,3.096
90,46,2.999
88,46,2.905
86,46,2.832
84,46,2.726
82,46,2.546
80,46,2.332
78,46,2.125
76,46,2.048
74,46,2.123
72,46,2.384
70,46,2.815
68,46,3.301
66,46,3.704
64,46,3.930
62,46,4.000
60,46,4.027
58,46,4.077
56,46,4.096
54,46,3.935
52,46,3.292
50,46,2.020
48,46,6.026
46,46,6.800
44,46,6.772
42,46,1.879
40,46,2.310
38,46,1.787
36,46,1.459
34,46,2.037
32,46,3.180
30,46,4.163
28,46,4.623
26,46,4.674
24,46,4.477
22,46,4.121
20,46,3.695
18,46,3.384
16,46,3.315
14,46,3.453
12,46,3.692
10,46,4.064
8,46,4.220
6,46,3.420
4,46,2.232
2,46,1.363
0,46,1.013
0,48,1.019
2,48,1.021
4,48,1.014
6,48,1.041
8,48,1.158
10,48,1.433
12,48,1.899
14,48,2.563
16,48,3.384
18,48,4.183
20,48,4.606
22,48,4.520
24,48,4.141
26,48,3.805
28,48,3.611
30,48,3.577
32,48,3.692
34,48,3.958
36,48,4.323
38,48,4.724
40,48,5.067
42,48,5.298
44,48,5.347
46,48,5.086
48,48,4.340
50,48,3.072
52,48,1.821
54,48,1.276
56,48,1.614
58,48,2.037
60,48,1.522
62,48,4.288
64,48,7.577
66,48,1.065
68,48,2.739
70,48,4.020
72,48,4.608
74,48,4.728
76,48,4.696
78,48,4.678
80,48,4.678
82,48,4.622
84,48,4.370
86,48,4.009
88,48,3.681
90,48,3.466
92,48,3.386
94,48,3.411
96,48,3.488
98,48,3.570
100,48,3.593
102,48,3.644
104,48,3.719
106,48,3.794
108,48,3.831
110,48,3.805
112,48,3.711
114,48,3.564
116,48,3.405
118,48,3.271
120,48,3.173
122,48,3.079
124,48,2.987
126,48,2.896
128,48,2.827
130,48,2.832
132,48,2.917
134,48,3.077
136,48,3.265
138,48,3.441
140,48,3.595
142,48,3.728
144,48,3.913
146,48,4.117
148,48,4.338
150,48,4.533
150,50,4.891
148,50,4.848
146,50,4.771
144,50,4.684
142,50,4.583
140,50,4.493
138,50,4.413
136,50,4.331
134,50,4.257
132,50,4.195
130,50,4.116
128,50,4.011
126,50,3.903
124,50,3.811
122,50,3.760
120,50,3.751
118,50,3.808
116,50,3.921
114,50,4.051
112,50,4.186
110,50,4.296
108,50,4.394
106,50,4.492
104,50,4.607
102,50,4.752
100,50,4.892
98,50,4.989
96,50,5.052
94,50,5.054
92,50,5.039
90,50,5.042
88,50,5.079
86,50,5.124
84,50,5.171
82,50,5.228
80,50,5.269
78,50,5.297
76,50,5.336
74,50,5.404
72,50,5.523
70,50,5.664
68,50,5.779
66,50,5.851
64,50,5.864
62,50,5.875
60,50,5.916
58,50,5.923
56,50,5.771
54,50,5.168
52,50,3.793
50,50,1.917
48,50,5.815
46,50,4.252
44,50,9.711
42,50,1.176
40,50,9.661
38,50,1.291
36,50,2.599
34,50,4.399
32,50,5.865
30,50,6.579
28,50,6.737
26,50,6.570
24,50,6.203
22,50,5.706
20,50,5.135
18,50,4.683
16,50,4.468
14,50,4.570
12,50,4.998
10,50,5.400
8,50,4.930
6,50,3.518
4,50,2.110
2,50,1.216
0,50,9.971
0,52,1.049
2,52,1.047
4,52,1.022
6,52,1.010
8,52,1.083
10,52,1.338
12,52,1.837
14,52,2.607
16,52,3.619
18,52,4.726
20,52,5.622
22,52,6.025
24,52,5.921
26,52,5.606
28,52,5.349
30,52,5.276
32,52,5.413
34,52,5.741
36,52,6.188
38,52,6.644
40,52,7.021
42,52,7.272
44,52,7.400
46,52,7.349
48,52,6.981
50,52,6.056
52,52,4.539
54,52,2.718
56,52,1.359
58,52,9.344
60,52,1.000
62,52,8.257
64,52,6.238
66,52,1.266
68,52,2.938
70,52,4.775
72,52,5.904
74,52,6.355
76,52,6.476
78,52,6.493
80,52,6.480
82,52,6.465
84,52,6.421
86,52,6.339
88,52,6.256
90,52,6.186
92,52,6.157
94,52,6.124
96,52,6.089
98,52,6.042
100,52,5.993
102,52,5.947
104,52,5.910
106,52,5.901
108,52,5.913
110,52,5.891
112,52,5.821
114,52,5.712
116,52,5.586
118,52,5.447
120,52,5.336
122,52,5.234
124,52,5.132
126,52,5.024
128,52,4.941
130,52,4.910
132,52,4.936
134,52,5.011
136,52,5.096
138,52,5.144
140,52,5.153
142,52,5.139
144,52,5.146
146,52,5.181
148,52,5.239
150,52,5.329
150,54,5.872
148,54,5.888
146,54,5.895
144,54,5.895
142,54,5.901
140,54,5.918
138,54,5.933
136,54,5.941
134,54,5.939
132,54,5.927
130,54,5.898
128,54,5.835
126,54,5.772
124,54,5.719
122,54,5.680
120,54,5.678
118,54,5.719
116,54,5.784
114,54,5.871
112,54,5.978
110,54,6.101
108,54,6.239
106,54,6.391
104,54,6.539
102,54,6.678
100,54,6.800
98,54,6.889
96,54,6.955
94,54,6.992
92,54,7.010
90,54,7.029
88,54,7.060
86,54,7.098
84,54,7.139
82,54,7.188
80,54,7.223
78,54,7.256
76,54,7.287
74,54,7.314
72,54,7.345
70,54,7.386
68,54,7.427
66,54,7.464
64,54,7.479
62,54,7.442
60,54,7.317
58,54,7.018
56,54,6.391
54,54,5.242
52,54,3.626
50,54,2.129
48,54,1.356
46,54,1.196
44,54,1.242
42,54,1.633
40,54,2.833
38,54,4.653
36,54,6.305
34,54,7.346
32,54,7.847
30,54,8.066
28,54,8.123
26,54,8.065
24,54,7.887
22,54,7.570
20,54,7.141
18,54,6.750
16,54,6.588
14,54,6.699
12,54,6.938
10,54,6.780
8,54,5.539
6,54,3.552
4,54,1.961
2,54,1.114
0,54,1.011
0,56,1.086
2,56,1.081
4,56,1.034
6,56,9.928
8,56,1.026
10,56,1.229
12,56,1.694
14,56,2.467
16,56,3.588
18,56,4.998
20,56,6.327
22,56,7.201
24,56,7.523
26,56,7.505
28,56,7.386
30,56,7.331
32,56,7.407
34,56,7.610
36,56,7.857
38,56,8.068
40,56,8.204
42,56,8.270
44,56,8.275
46,56,8.210
48,56,8.063
50,56,7.807
52,56,7.296
54,56,6.281
56,56,4.716
58,56,3.036
60,56,1.933
62,56,1.547
64,56,1.519
66,56,1.876
68,56,2.927
70,56,4.501
72,56,5.927
74,56,6.853
76,56,7.352
78,56,7.609
80,56,7.720
82,56,7.741
84,56,7.725
86,56,7.704
88,56,7.689
90,56,7.678
92,56,7.659
94,56,7.635
96,56,7.604
98,56,7.562
100,56,7.527
102,56,7.506
104,56,7.491
106,56,7.487
108,56,7.476
110,56,7.423
112,56,7.307
114,56,7.130
116,56,6.899
118,56,6.648
120,56,6.407
122,56,6.184
124,56,5.994
126,56,5.840
128,56,5.766
130,56,5.786
132,56,5.916
134,56,6.134
136,56,6.380
138,56,6.609
140,56,6.794
142,56,6.938
144,56,7.045
146,56,7.111
148,56,7.154
150,56,7.190
150,58,7.507
148,58,7.511
146,58,7.497
144,58,7.473
142,58,7.432
140,58,7.368
138,58,7.272
136,58,7.142
134,58,6.952
132,58,6.697
130,58,6.389
128,58,6.053
126,58,5.731
124,58,5.478
122,58,5.330
120,58,5.296
118,58,5.371
116,58,5.536
114,58,5.768
112,58,6.016
110,58,6.277
108,58,6.569
106,58,6.880
104,58,7.180
102,58,7.450
100,58,7.669
98,58,7.812
96,58,7.886
94,58,7.911
92,58,7.922
90,58,7.921
88,58,7.932
86,58,7.956
84,58,7.984
82,58,8.015
80,58,8.040
78,58,8.059
76,58,8.070
74,58,8.069
72,58,8.064
70,58,8.058
68,58,8.053
66,58,8.029
64,58,7.946
62,58,7.758
60,58,7.400
58,58,6.802
56,58,5.892
54,58,4.702
52,58,3.539
50,58,2.807
48,58,2.608
46,58,2.876
44,58,3.679
42,58,5.011
40,58,6.415
38,58,7.357
36,58,7.790
34,58,7.988
32,58,8.133
30,58,8.276
28,58,8.381
26,58,8.410
24,58,8.385
22,58,8.319
20,58,8.215
18,58,8.110
16,58,8.076
14,58,8.096
12,58,7.961
10,58,7.168
8,58,5.339
6,58,3.158
4,58,1.626
2,58,9.575
0,58,1.017
0,60,1.113
2,60,1.093
4,60,1.016
6,60,9.173
8,60,8.794
10,60,1.001
12,60,1.397
14,60,2.128
16,60,3.213
18,60,4.634
20,60,6.160
22,60,7.346
24,60,7.972
26,60,8.201
28,60,8.270
30,60,8.283
32,60,8.297
34,60,8.330
36,60,8.370
38,60,8.405
40,60,8.425
42,60,8.425
44,60,8.383
46,60,8.277
48,60,8.149
50,60,8.040
52,60,7.936
54,60,7.749
56,60,7.278
58,60,6.357
60,60,5.089
62,60,3.991
64,60,3.361
66,60,3.234
68,60,3.636
70,60,4.540
72,60,5.650
74,60,6.632
76,60,7.322
78,60,7.763
80,60,8.005
82,60,8.112
84,60,8.147
86,60,8.161
88,60,8.173
90,60,8.179
92,60,8.178
94,60,8.163
96,60,8.140
98,60,8.112
100,60,8.085
102,60,8.067
104,60,8.065
106,60,8.066
108,60,8.047
110,60,7.969
112,60,7.785
114,60,7.476
116,60,7.064
118,60,6.616
120,60,6.180
122,60,5.754
124,60,5.357
126,60,5.009
128,60,4.771
130,60,4.704
132,60,4.864
134,60,5.247
136,60,5.796
138,60,6.415
140,60,6.972
142,60,7.370
144,60,7.621
146,60,7.764
148,60,7.860
150,60,7.916
150,62,8.054
148,62,8.034
146,62,8.003
144,62,7.948
142,62,7.861
140,62,7.732
138,62,7.528
136,62,7.208
134,62,6.771
132,62,6.249
130,62,5.699
128,62,5.202
126,62,4.811
124,62,4.567
122,62,4.480
120,62,4.537
118,62,4.732
116,62,5.020
114,62,5.371
112,62,5.775
110,62,6.209
108,62,6.653
106,62,7.089
104,62,7.490
102,62,7.819
100,62,8.050
98,62,8.175
96,62,8.231
94,62,8.248
92,62,8.255
90,62,8.259
88,62,8.267
86,62,8.282
84,62,8.298
82,62,8.312
80,62,8.323
78,62,8.330
76,62,8.331
74,62,8.326
72,62,8.314
70,62,8.298
68,62,8.272
66,62,8.215
64,62,8.072
62,62,7.776
60,62,7.313
58,62,6.763
56,62,6.105
54,62,5.464
52,62,5.061
50,62,5.097
48,62,5.552
46,62,6.269
44,62,7.049
42,62,7.653
40,62,7.954
38,62,8.042
36,62,8.054
34,62,8.090
32,62,8.176
30,62,8.290
28,62,8.370
26,62,8.396
24,62,8.394
22,62,8.381
20,62,8.365
18,62,8.346
16,62,8.309
14,62,8.208
12,62,7.852
10,62,6.678
8,62,4.494
6,62,2.384
4,62,1.095
2,62,6.813
0,62,9.050
0,64,9.923
2,64,9.577
4,64,8.403
6,64,6.954
8,64,5.923
10,64,6.269
12,64,8.995
14,64,1.498
16,64,2.493
18,64,3.893
20,64,5.468
22,64,6.838
24,64,7.645
26,64,7.993
28,64,8.140
30,64,8.214
32,64,8.255
34,64,8.279
36,64,8.293
38,64,8.305
40,64,8.313
42,64,8.315
44,64,8.292
46,64,8.237
48,64,8.155
50,64,8.092
52,64,8.069
54,64,8.078
56,64,8.066
58,64,7.938
60,64,7.607
62,64,7.069
64,64,6.437
66,64,5.870
68,64,5.610
70,64,5.784
72,64,6.250
74,64,6.809
76,64,7.348
78,64,7.810
80,64,8.111
82,64,8.246
84,64,8.298
86,64,8.322
88,64,8.337
90,64,8.346
92,64,8.347
94,64,8.342
96,64,8.336
98,64,8.325
100,64,8.313
102,64,8.303
104,64,8.296
106,64,8.292
108,64,8.281
110,64,8.238
112,64,8.125
114,64,7.891
116,64,7.531
118,64,7.067
120,64,6.556
122,64,6.021
124,64,5.518
126,64,5.079
128,64,4.779
130,64,4.661
132,64,4.770
134,64,5.118
136,64,5.655
138,64,6.320
140,64,6.964
142,64,7.507
144,64,7.858
146,64,8.042
148,64,8.141
150,64,8.192
150,66,8.233
148,66,8.219
146,66,8.190
144,66,8.142
142,66,8.061
140,66,7.932
138,66,7.723
136,66,7.437
134,66,7.076
132,66,6.672
130,66,6.244
128,66,5.873
126,66,5.618
124,66,5.494
122,66,5.501
120,66,5.644
118,66,5.887
116,66,6.212
114,66,6.584
112,66,6.958
110,66,7.309
108,66,7.618
106,66,7.875
104,66,8.068
102,66,8.187
100,66,8.251
98,66,8.279
96,66,8.289
94,66,8.291
92,66,8.289
90,66,8.288
88,66,8.290
86,66,8.290
84,66,8.287
82,66,8.285
80,66,8.281
78,66,8.276
76,66,8.267
74,66,8.257
72,66,8.248
70,66,8.228
68,66,8.188
66,66,8.098
64,66,7.897
62,66,7.574
60,66,7.183
58,66,6.833
56,66,6.580
54,66,6.516
52,66,6.680
50,66,7.045
48,66,7.449
46,66,7.722
44,66,7.870
42,66,7.931
40,66,7.941
38,66,7.919
36,66,7.895
34,66,7.892
32,66,7.914
30,66,7.946
28,66,7.964
26,66,7.957
24,66,7.947
22,66,7.940
20,66,7.917
18,66,7.860
16,66,7.752
14,66,7.553
12,66,7.009
10,66,5.532
8,66,3.318
6,66,1.498
4,66,5.852
2,66,3.688
0,66,6.450
0,68,7.126
2,68,6.599
4,68,5.332
6,68,3.813
8,68,2.839
10,68,3.051
12,68,4.887
14,68,9.091
16,68,1.676
18,68,2.861
20,68,4.331
22,68,5.728
24,68,6.667
26,68,7.127
28,68,7.342
30,68,7.476
32,68,7.575
34,68,7.638
36,68,7.662
38,68,7.667
40,68,7.674
42,68,7.688
44,68,7.701
46,68,7.696
48,68,7.672
50,68,7.674
52,68,7.698
54,68,7.724
56,68,7.744
58,68,7.757
60,68,7.743
62,68,7.664
64,68,7.469
66,68,7.122
68,68,6.758
70,68,6.539
72,68,6.544
74,68,6.765
76,68,7.116
78,68,7.512
80,68,7.836
82,68,8.021
84,68,8.100
86,68,8.130
88,68,8.142
90,68,8.153
92,68,8.164
94,68,8.173
96,68,8.180
98,68,8.188
100,68,8.196
102,68,8.198
104,68,8.198
106,68,8.198
108,68,8.198
110,68,8.198
112,68,8.180
114,68,8.132
116,68,8.041
118,68,7.899
120,68,7.704
122,68,7.463
124,68,7.199
126,68,6.911
128,68,6.648
130,68,6.474
132,68,6.457
134,68,6.602
136,68,6.860
138,68,7.198
140,68,7.527
142,68,7.793
144,68,7.977
146,68,8.088
148,68,8.148
150,68,8.180
150,70,8.089
148,70,8.074
146,70,8.052
144,70,8.021
142,70,7.978
140,70,7.917
138,70,7.836
136,70,7.729
134,70,7.601
132,70,7.469
130,70,7.352
128,70,7.255
126,70,7.204
124,70,7.205
122,70,7.258
120,70,7.344
118,70,7.445
116,70,7.542
114,70,7.627
112,70,7.696
110,70,7.753
108,70,7.794
106,70,7.824
104,70,7.845
102,70,7.848
100,70,7.842
98,70,7.826
96,70,7.808
94,70,7.795
92,70,7.783
90,70,7.766
88,70,7.742
86,70,7.724
84,70,7.703
82,70,7.679
80,70,7.653
78,70,7.632
76,70,7.617
74,70,7.594
72,70,7.574
70,70,7.535
68,70,7.459
66,70,7.296
64,70,7.034
62,70,6.735
60,70,6.451
58,70,6.266
56,70,6.216
54,70,6.319
52,70,6.543
50,70,6.801
48,70,6.986
46,70,7.065
44,70,7.079
42,70,7.066
40,70,7.044
38,70,7.000
36,70,6.947
34,70,6.923
32,70,6.936
30,70,6.970
28,70,7.004
26,70,7.032
24,70,7.045
22,70,7.031
20,70,6.984
18,70,6.913
16,70,6.807
14,70,6.580
12,70,5.829
10,70,4.140
8,70,2.140
6,70,8.217
4,70,2.792
2,70,1.351
0,70,3.827
0,72,4.976
2,72,4.290
4,72,2.860
6,72,1.504
8,72,9.362
10,72,1.455
12,72,2.778
14,72,5.147
16,72,1.007
18,72,1.923
20,72,3.215
22,72,4.618
24,72,5.698
26,72,6.263
28,72,6.468
30,72,6.535
32,72,6.580
34,72,6.642
36,72,6.712
38,72,6.760
40,72,6.777
42,72,6.763
44,72,6.728
46,72,6.694
48,72,6.651
50,72,6.638
52,72,6.666
54,72,6.725
56,72,6.790
58,72,6.841
60,72,6.865
62,72,6.856
64,72,6.790
66,72,6.628
68,72,6.395
70,72,6.183
72,72,6.072
74,72,6.124
76,72,6.318
78,72,6.605
80,72,6.906
82,72,7.146
84,72,7.276
86,72,7.329
88,72,7.359
90,72,7.380
92,72,7.399
94,72,7.414
96,72,7.426
98,72,7.437
100,72,7.446
102,72,7.458
104,72,7.468
106,72,7.480
108,72,7.487
110,72,7.493
112,72,7.497
114,72,7.495
116,72,7.477
118,72,7.449
120,72,7.424
122,72,7.395
124,72,7.359
126,72,7.314
128,72,7.277
130,72,7.246
132,72,7.235
134,72,7.253
136,72,7.300
138,72,7.366
140,72,7.429
142,72,7.483
144,72,7.527
146,72,7.560
148,72,7.578
150,72,7.592
150,74,7.238
148,74,7.220
146,74,7.188
144,74,7.156
142,74,7.133
140,74,7.116
138,74,7.099
136,74,7.072
134,74,7.037
132,74,6.998
130,74,6.957
128,74,6.920
126,74,6.891
124,74,6.868
122,74,6.835
120,74,6.815
118,74,6.807
116,74,6.804
114,74,6.806
112,74,6.805
110,74,6.802
108,74,6.800
106,74,6.800
104,74,6.805
102,74,6.811
100,74,6.819
98,74,6.819
96,74,6.817
94,74,6.803
92,74,6.784
90,74,6.770
88,74,6.768
86,74,6.765
84,74,6.766
82,74,6.772
80,74,6.766
78,74,6.752
76,74,6.724
74,74,6.691
72,74,6.653
70,74,6.594
68,74,6.482
66,74,6.332
64,74,6.149
62,74,5.975
60,74,5.843
58,74,5.784
56,74,5.806
54,74,5.902
52,74,6.034
50,74,6.163
48,74,6.247
46,74,6.283
44,74,6.265
42,74,6.211
40,74,6.138
38,74,6.066
36,74,6.022
34,74,6.026
32,74,6.068
30,74,6.125
28,74,6.182
26,74,6.204
24,74,6.146
22,74,6.004
20,74,5.857
18,74,5.798
16,74,5.844
14,74,5.684
12,74,4.734
10,74,2.973
8,74,1.297
6,74,5.118
4,74,2.637
2,74,4.454
0,74,2.488
0,76,4.175
2,76,3.306
4,76,1.623
6,76,3.766
8,76,5.824
10,76,2.090
12,76,3.776
14,76,4.782
16,76,6.433
18,76,1.131
20,76,2.113
22,76,3.388
24,76,4.521
26,76,5.179
28,76,5.359
30,76,5.340
32,76,5.352
34,76,5.456
36,76,5.634
38,76,5.811
40,76,5.931
42,76,5.977
44,76,5.955
46,76,5.914
48,76,5.874
50,76,5.854
52,76,5.865
54,76,5.915
56,76,5.986
58,76,6.056
60,76,6.112
62,76,6.134
64,76,6.102
66,76,6.025
68,76,5.908
70,76,5.796
72,76,5.718
74,76,5.713
76,76,5.784
78,76,5.924
80,76,6.098
82,76,6.266
84,76,6.390
86,76,6.460
88,76,6.506
90,76,6.549
92,76,6.575
94,76,6.583
96,76,6.568
98,76,6.532
100,76,6.506
102,76,6.494
104,76,6.499
106,76,6.495
108,76,6.483
110,76,6.461
112,76,6.442
114,76,6.422
116,76,6.395
118,76,6.361
120,76,6.326
122,76,6.295
124,76,6.274
126,76,6.276
128,76,6.292
130,76,6.310
132,76,6.327
134,76,6.358
136,76,6.388
138,76,6.399
140,76,6.403
142,76,6.396
144,76,6.391
146,76,6.378
148,76,6.376
150,76,6.377
150,78,5.977
148,78,5.961
146,78,5.933
144,78,5.893
142,78,5.872
140,78,5.883
138,78,5.900
136,78,5.906
134,78,5.911
132,78,5.921
130,78,5.921
128,78,5.909
126,78,5.889
124,78,5.871
122,78,5.848
120,78,5.829
118,78,5.805
116,78,5.781
114,78,5.778
112,78,5.780
110,78,5.811
108,78,5.836
106,78,5.866
104,78,5.897
102,78,5.939
100,78,5.983
98,78,6.013
96,78,6.028
94,78,6.030
92,78,6.030
90,78,6.034
88,78,6.059
86,78,6.106
84,78,6.159
82,78,6.200
80,78,6.211
78,78,6.189
76,78,6.136
74,78,6.069
72,78,6.000
70,78,5.918
68,78,5.821
66,78,5.714
64,78,5.622
62,78,5.545
60,78,5.484
58,78,5.439
56,78,5.404
54,78,5.386
52,78,5.380
50,78,5.387
48,78,5.388
46,78,5.361
44,78,5.313
42,78,5.249
40,78,5.212
38,78,5.236
36,78,5.267
34,78,5.269
32,78,5.234
30,78,5.196
28,78,5.146
26,78,5.039
24,78,4.843
22,78,4.573
20,78,4.346
18,78,4.233
16,78,4.199
14,78,3.890
12,78,2.914
10,78,1.589
8,78,7.755
6,78,6.500
4,78,4.810
2,78,7.596
0,78,2.120
0,80,4.017
2,80,3.073
4,80,1.377
6,80,3.470
8,80,1.030
10,80,3.292
12,80,5.739
14,80,6.948
16,80,7.025
18,80,8.013
20,80,1.210
22,80,1.945
24,80,2.773
26,80,3.428
28,80,3.771
30,80,3.896
32,80,3.974
34,80,4.108
36,80,4.301
38,80,4.520
40,80,4.681
42,80,4.787
44,80,4.873
46,80,4.955
48,80,5.042
50,80,5.086
52,80,5.064
54,80,5.013
56,80,4.993
58,80,5.034
60,80,5.105
62,80,5.142
64,80,5.168
66,80,5.168
68,80,5.183
70,80,5.215
72,80,5.260
74,80,5.300
76,80,5.351
78,80,5.417
80,80,5.502
82,80,5.605
84,80,5.708
86,80,5.811
88,80,5.896
90,80,5.970
92,80,6.014
94,80,6.023
96,80,5.991
98,80,5.932
100,80,5.861
102,80,5.810
104,80,5.798
106,80,5.799
108,80,5.783
110,80,5.740
112,80,5.685
114,80,5.636
116,80,5.573
118,80,5.517
120,80,5.470
122,80,5.443
124,80,5.437
126,80,5.449
128,80,5.473
130,80,5.503
132,80,5.518
134,80,5.519
136,80,5.509
138,80,5.470
140,80,5.410
142,80,5.346
144,80,5.291
146,80,5.259
148,80,5.248
150,80,5.240
150,82,4.971
148,82,4.970
146,82,4.967
144,82,4.955
142,82,4.976
140,82,5.010
138,82,5.046
136,82,5.091
134,82,5.127
132,82,5.167
130,82,5.196
128,82,5.224
126,82,5.230
124,82,5.210
122,82,5.163
120,82,5.120
118,82,5.079
116,82,5.024
114,82,4.979
112,82,4.948
110,82,4.936
108,82,4.952
106,82,4.993
104,82,5.036
102,82,5.072
100,82,5.106
98,82,5.122
96,82,5.127
94,82,5.101
92,82,5.068
90,82,5.036
88,82,5.043
86,82,5.076
84,82,5.124
82,82,5.162
80,82,5.160
78,82,5.140
76,82,5.088
74,82,4.995
72,82,4.887
70,82,4.769
68,82,4.672
66,82,4.608
64,82,4.566
62,82,4.523
60,82,4.464
58,82,4.393
56,82,4.313
54,82,4.246
52,82,4.193
50,82,4.148
48,82,4.083
46,82,3.991
44,82,3.871
42,82,3.790
40,82,3.877
38,82,4.087
36,82,4.218
34,82,4.218
32,82,4.107
30,82,3.978
28,82,3.966
26,82,4.074
24,82,4.151
22,82,4.088
20,82,3.931
18,82,3.769
16,82,3.508
14,82,2.908
12,82,2.024
10,82,1.291
8,82,8.619
6,82,6.666
4,82,3.826
2,82,7.120
0,82,2.340
0,84,4.148
2,84,3.266
4,84,1.711
6,84,7.347
8,84,1.022
10,84,2.461
12,84,4.396
14,84,6.364
16,84,8.366
18,84,1.081
20,84,1.405
22,84,1.814
24,84,2.352
26,84,2.929
28,84,3.400
30,84,3.670
32,84,3.830
34,84,3.962
36,84,4.061
38,84,4.065
40,84,3.946
42,84,3.786
44,84,3.725
46,84,3.793
48,84,3.927
50,84,4.018
52,84,3.990
54,84,3.808
56,84,3.618
58,84,3.589
60,84,3.714
62,84,3.844
64,84,3.938
66,84,3.990
68,84,4.035
70,84,4.095
72,84,4.173
74,84,4.237
76,84,4.278
78,84,4.303
80,84,4.334
82,84,4.402
84,84,4.498
86,84,4.626
88,84,4.744
90,84,4.816
92,84,4.847
94,84,4.830
96,84,4.785
98,84,4.720
100,84,4.674
102,84,4.668
104,84,4.677
106,84,4.680
108,84,4.700
110,84,4.691
112,84,4.643
114,84,4.589
116,84,4.515
118,84,4.439
120,84,4.408
122,84,4.424
124,84,4.469
126,84,4.528
128,84,4.584
130,84,4.660
132,84,4.711
134,84,4.711
136,84,4.670
138,84,4.599
140,84,4.500
142,84,4.439
144,84,4.388
146,84,4.343
148,84,4.301
150,84,4.255
150,86,3.855
148,86,3.857
146,86,3.847
144,86,3.891
142,86,3.902
140,86,3.907
138,86,3.930
136,86,3.966
134,86,4.018
132,86,4.081
130,86,4.128
128,86,4.137
126,86,4.135
124,86,4.108
122,86,4.053
120,86,3.978
118,86,3.894
116,86,3.821
114,86,3.754
112,86,3.687
110,86,3.660
108,86,3.682
106,86,3.747
104,86,3.837
102,86,3.904
100,86,3.931
98,86,3.932
96,86,3.923
94,86,3.890
92,86,3.849
90,86,3.802
88,86,3.757
86,86,3.738
84,86,3.739
82,86,3.759
80,86,3.789
78,86,3.802
76,86,3.778
74,86,3.724
72,86,3.660
70,86,3.599
68,86,3.576
66,86,3.584
64,86,3.619
62,86,3.642
60,86,3.651
58,86,3.621
56,86,3.571
54,86,3.505
52,86,3.421
50,86,3.340
48,86,3.231
46,86,3.068
44,86,2.873
42,86,2.753
40,86,2.766
38,86,2.822
36,86,2.829
34,86,2.783
32,86,2.777
30,86,2.888
28,86,3.184
26,86,3.555
24,86,3.784
22,86,3.800
20,86,3.707
18,86,3.585
16,86,3.346
14,86,2.926
12,86,2.452
10,86,1.940
8,86,1.379
6,86,8.550
4,86,4.367
2,86,1.345
0,86,2.054
0,88,2.927
2,88,2.183
4,88,1.154
6,88,9.038
8,88,1.902
10,88,3.754
12,88,6.067
14,88,9.018
16,88,1.255
18,88,1.649
20,88,2.056
22,88,2.441
24,88,2.749
26,88,3.008
28,88,3.247
30,88,3.411
32,88,3.502
34,88,3.572
36,88,3.632
38,88,3.630
40,88,3.437
42,88,3.134
44,88,2.825
46,88,2.639
48,88,2.597
50,88,2.639
52,88,2.683
54,88,2.672
56,88,2.640
58,88,2.664
60,88,2.815
62,88,3.010
64,88,3.152
66,88,3.245
68,88,3.324
70,88,3.398
72,88,3.460
74,88,3.494
76,88,3.483
78,88,3.459
80,88,3.432
82,88,3.413
84,88,3.427
86,88,3.466
88,88,3.497
90,88,3.525
92,88,3.515
94,88,3.480
96,88,3.444
98,88,3.430
100,88,3.460
102,88,3.498
104,88,3.513
106,88,3.551
108,88,3.577
110,88,3.599
112,88,3.568
114,88,3.466
116,88,3.313
118,88,3.186
120,88,3.140
122,88,3.164
124,88,3.231
126,88,3.312
128,88,3.399
130,88,3.481
132,88,3.539
134,88,3.543
136,88,3.486
138,88,3.419
140,88,3.340
142,88,3.285
144,88,3.228
146,88,3.192
148,88,3.098
150,88,2.996
150,90,2.577
148,90,2.630
146,90,2.671
144,90,2.709
142,90,2.743
140,90,2.762
138,90,2.800
136,90,2.854
134,90,2.891
132,90,2.945
130,90,3.004
128,90,3.042
126,90,3.046
124,90,3.022
122,90,2.974
120,90,2.931
118,90,2.868
116,90,2.790
114,90,2.697
112,90,2.611
110,90,2.567
108,90,2.601
106,90,2.742
104,90,2.921
102,90,3.066
100,90,3.172
98,90,3.229
96,90,3.228
94,90,3.200
92,90,3.150
90,90,3.073
88,90,2.989
86,90,2.890
84,90,2.795
82,90,2.725
80,90,2.706
78,90,2.740
76,90,2.775
74,90,2.801
72,90,2.817
70,90,2.853
68,90,2.924
66,90,3.006
64,90,3.083
62,90,3.139
60,90,3.161
58,90,3.129
56,90,3.064
54,90,2.980
52,90,2.900
50,90,2.808
48,90,2.727
46,90,2.662
44,90,2.615
42,90,2.587
40,90,2.600
38,90,2.585
36,90,2.510
34,90,2.462
32,90,2.483
30,90,2.621
28,90,2.826
26,90,2.981
24,90,2.997
22,90,2.961
20,90,2.988
18,90,3.050
16,90,3.016
14,90,2.802
12,90,2.373
10,90,1.832
8,90,1.271
6,90,7.877
4,90,4.829
2,90,1.809
0,90,4.313
0,92,1.004
2,92,5.164
4,92,2.438
6,92,1.141
8,92,2.989
10,92,4.570
12,92,5.646
14,92,6.802
16,92,8.819
18,92,1.175
20,92,1.540
22,92,1.952
24,92,2.354
26,92,2.701
28,92,2.906
30,92,2.964
32,92,2.912
34,92,2.843
36,92,2.833
38,92,2.870
40,92,2.877
42,92,2.784
44,92,2.632
46,92,2.483
48,92,2.420
50,92,2.450
52,92,2.513
54,92,2.557
56,92,2.544
58,92,2.531
60,92,2.548
62,92,2.592
64,92,2.670
66,92,2.758
68,92,2.848
70,92,2.917
72,92,2.996
74,92,3.030
76,92,3.016
78,92,2.966
80,92,2.888
82,92,2.802
84,92,2.716
86,92,2.664
88,92,2.647
90,92,2.595
92,92,2.542
94,92,2.523
96,92,2.562
98,92,2.660
100,92,2.771
102,92,2.859
104,92,2.939
106,92,2.987
108,92,2.995
110,92,2.957
112,92,2.843
114,92,2.670
116,92,2.429
118,92,2.229
120,92,2.159
122,92,2.238
124,92,2.361
126,92,2.465
128,92,2.554
130,92,2.580
132,92,2.592
134,92,2.586
136,92,2.546
138,92,2.473
140,92,2.375
142,92,2.255
144,92,2.132
146,92,2.026
148,92,1.927
150,92,1.819
150,94,1.526
148,94,1.595
146,94,1.655
144,94,1.758
142,94,1.865
140,94,1.978
138,94,2.080
136,94,2.180
134,94,2.281
132,94,2.361
130,94,2.413
128,94,2.449
126,94,2.478
124,94,2.484
122,94,2.455
120,94,2.402
118,94,2.317
116,94,2.188
114,94,2.048
112,94,1.954
110,94,1.942
108,94,2.025
106,94,2.212
104,94,2.418
102,94,2.613
100,94,2.753
98,94,2.849
96,94,2.926
94,94,2.969
92,94,2.964
90,94,2.905
88,94,2.831
86,94,2.722
84,94,2.604
82,94,2.515
80,94,2.483
78,94,2.489
76,94,2.520
74,94,2.555
72,94,2.610
70,94,2.679
68,94,2.767
66,94,2.849
64,94,2.901
62,94,2.903
60,94,2.880
58,94,2.831
56,94,2.779
54,94,2.720
52,94,2.661
50,94,2.608
48,94,2.576
46,94,2.613
44,94,2.716
42,94,2.826
40,94,2.907
38,94,2.902
36,94,2.833
34,94,2.746
32,94,2.716
30,94,2.755
28,94,2.802
26,94,2.779
24,94,2.752
22,94,2.788
20,94,2.857
18,94,2.861
16,94,2.602
14,94,2.016
12,94,1.348
10,94,8.620
8,94,6.385
6,94,6.154
4,94,6.449
2,94,3.129
0,94,5.203
0,96,1.719
2,96,1.033
4,96,5.442
6,96,1.575
8,96,4.092
10,96,6.552
12,96,7.358
14,96,6.662
16,96,5.879
18,96,5.884
20,96,7.208
22,96,1.012
24,96,1.473
26,96,2.024
28,96,2.521
30,96,2.817
32,96,2.898
34,96,2.868
36,96,2.805
38,96,2.768
40,96,2.780
42,96,2.795
44,96,2.757
46,96,2.694
48,96,2.670
50,96,2.715
52,96,2.800
54,96,2.853
56,96,2.817
58,96,2.714
60,96,2.580
62,96,2.492
64,96,2.481
66,96,2.531
68,96,2.587
70,96,2.647
72,96,2.704
74,96,2.749
76,96,2.776
78,96,2.783
80,96,2.746
82,96,2.663
84,96,2.561
86,96,2.474
88,96,2.414
90,96,2.374
92,96,2.346
94,96,2.356
96,96,2.415
98,96,2.518
100,96,2.646
102,96,2.741
104,96,2.794
106,96,2.776
108,96,2.704
110,96,2.578
112,96,2.417
114,96,2.228
116,96,2.006
118,96,1.810
120,96,1.712
122,96,1.761
124,96,1.905
126,96,2.066
128,96,2.209
130,96,2.269
132,96,2.286
134,96,2.283
136,96,2.251
138,96,2.168
140,96,2.069
142,96,1.944
144,96,1.798
146,96,1.654
148,96,1.488
150,96,1.376
150,98,1.408
148,98,1.510
146,98,1.600
144,98,1.703
142,98,1.816
140,98,1.914
138,98,2.008
136,98,2.092
134,98,2.168
132,98,2.226
130,98,2.271
128,98,2.296
126,98,2.300
124,98,2.285
122,98,2.250
120,98,2.187
118,98,2.083
116,98,1.956
114,98,1.848
112,98,1.794
110,98,1.815
108,98,1.900
106,98,2.045
104,98,2.191
102,98,2.326
100,98,2.448
98,98,2.565
96,98,2.664
94,98,2.717
92,98,2.737
90,98,2.691
88,98,2.580
86,98,2.453
84,98,2.381
82,98,2.331
80,98,2.340
78,98,2.384
76,98,2.476
74,98,2.591
72,98,2.693
70,98,2.780
68,98,2.837
66,98,2.857
64,98,2.845
62,98,2.822
60,98,2.813
58,98,2.818
56,98,2.820
54,98,2.803
52,98,2.798
50,98,2.821
48,98,2.864
46,98,2.971
44,98,3.137
42,98,3.271
40,98,3.326
38,98,3.325
36,98,3.317
34,98,3.341
32,98,3.435
30,98,3.561
28,98,3.651
26,98,3.604
24,98,3.540
22,98,3.535
20,98,3.528
18,98,3.346
16,98,2.775
14,98,1.864
12,98,1.009
10,98,5.450
8,98,5.807
6,98,8.181
4,98,6.964
2,98,1.974
0,98,1.927
0,100,4.706
2,100,3.471
4,100,1.664
6,100,8.688
8,100,2.181
10,100,5.098
12,100,7.755
14,100,8.433
16,100,7.121
18,100,5.328
20,100,5.380
22,100,8.537
24,100,1.442
26,100,2.179
28,100,2.901
30,100,3.405
32,100,3.641
34,100,3.676
36,100,3.633
38,100,3.623
40,100,3.649
42,100,3.681
44,100,3.604
46,100,3.458
48,100,3.341
50,100,3.277
52,100,3.269
54,100,3.259
56,100,3.226
58,100,3.124
60,100,2.971
62,100,2.811
64,100,2.735
66,100,2.704
68,100,2.695
70,100,2.709
72,100,2.703
74,100,2.694
76,100,2.688
78,100,2.713
80,100,2.736
82,100,2.717
84,100,2.668
86,100,2.576
88,100,2.452
90,100,2.323
92,100,2.224
94,100,2.186
96,100,2.200
98,100,2.275
100,100,2.374
102,100,2.484
104,100,2.544
106,100,2.534
108,100,2.459
110,100,2.340
112,100,2.211
114,100,2.075
116,100,1.922
118,100,1.783
120,100,1.707
122,100,1.727
124,100,1.813
126,100,1.923
128,100,2.007
130,100,2.082
132,100,2.113
134,100,2.113
136,100,2.090
138,100,2.057
140,100,2.004
142,100,1.919
144,100,1.812
146,100,1.690
148,100,1.580
150,100,1.469
150,102,1.421
148,102,1.521
146,102,1.626
144,102,1.728
142,102,1.821
140,102,1.906
138,102,1.983
136,102,2.056
134,102,2.105
132,102,2.157
130,102,2.203
128,102,2.241
126,102,2.262
124,102,2.269
122,102,2.264
120,102,2.244
118,102,2.219
116,102,2.174
114,102,2.135
112,102,2.124
110,102,2.145
108,102,2.202
106,102,2.279
104,102,2.380
102,102,2.490
100,102,2.583
98,102,2.664
96,102,2.718
94,102,2.764
92,102,2.762
90,102,2.732
88,102,2.669
86,102,2.621
84,102,2.627
82,102,2.688
80,102,2.818
78,102,2.983
76,102,3.159
74,102,3.255
72,102,3.295
70,102,3.269
68,102,3.225
66,102,3.197
64,102,3.193
62,102,3.221
60,102,3.295
58,102,3.372
56,102,3.468
54,102,3.540
52,102,3.613
50,102,3.683
48,102,3.766
46,102,3.864
44,102,3.931
42,102,3.961
40,102,4.008
38,102,4.098
36,102,4.222
34,102,4.401
32,102,4.595
30,102,4.769
28,102,4.868
26,102,4.843
24,102,4.783
22,102,4.804
20,102,4.835
18,102,4.582
16,102,3.773
14,102,2.465
12,102,1.195
10,102,5.935
8,102,7.325
6,102,8.131
4,102,3.659
2,102,1.039
0,102,6.216
0,104,9.717
2,104,8.349
4,104,5.576
6,104,2.651
8,104,9.599
10,104,1.781
12,104,4.668
14,104,7.499
16,104,8.035
18,104,6.557
20,104,6.135
22,104,9.842
24,104,1.801
26,104,2.865
28,104,3.854
30,104,4.552
32,104,4.875
34,104,4.918
36,104,4.843
38,104,4.822
40,104,4.858
42,104,4.859
44,104,4.770
46,104,4.619
48,104,4.432
50,104,4.214
52,104,4.052
54,104,3.946
56,104,3.881
58,104,3.831
60,104,3.772
62,104,3.689
64,104,3.596
66,104,3.504
68,104,3.421
70,104,3.341
72,104,3.271
74,104,3.182
76,104,3.106
78,104,3.054
80,104,3.045
82,104,3.065
84,104,3.122
86,104,3.154
88,104,3.112
90,104,2.987
92,104,2.781
94,104,2.623
96,104,2.526
98,104,2.512
100,104,2.536
102,104,2.582
104,104,2.608
106,104,2.609
108,104,2.571
110,104,2.512
112,104,2.426
114,104,2.328
116,104,2.233
118,104,2.157
120,104,2.109
122,104,2.123
124,104,2.152
126,104,2.200
128,104,2.226
130,104,2.220
132,104,2.214
134,104,2.204
136,104,2.168
138,104,2.112
140,104,2.058
142,104,1.970
144,104,1.881
146,104,1.775
148,104,1.635
150,104,1.488
150,106,1.540
148,106,1.666
146,106,1.773
144,106,1.881
142,106,1.979
140,106,2.069
138,106,2.142
136,106,2.201
134,106,2.261
132,106,2.337
130,106,2.403
128,106,2.473
126,106,2.552
124,106,2.622
122,106,2.671
120,106,2.718
118,106,2.731
116,106,2.728
114,106,2.712
112,106,2.758
110,106,2.809
108,106,2.884
106,106,2.959
104,106,3.081
102,106,3.192
100,106,3.254
98,106,3.291
96,106,3.322
94,106,3.353
92,106,3.398
90,106,3.451
88,106,3.492
86,106,3.541
84,106,3.640
82,106,3.773
80,106,3.981
78,106,4.168
76,106,4.318
74,106,4.346
72,106,4.279
70,106,4.155
68,106,4.075
66,106,4.060
64,106,4.092
62,106,4.158
60,106,4.247
58,106,4.365
56,106,4.521
54,106,4.700
52,106,4.855
50,106,5.011
48,106,5.134
46,106,5.193
44,106,5.207
42,106,5.204
40,106,5.258
38,106,5.400
36,106,5.591
34,106,5.774
32,106,5.938
30,106,6.022
28,106,6.002
26,106,5.934
24,106,5.878
22,106,5.841
20,106,5.739
18,106,5.355
16,106,4.405
14,106,2.898
12,106,1.435
10,106,7.177
8,106,6.083
6,106,3.668
4,106,7.101
2,106,3.691
0,106,1.075
0,108,1.340
2,108,1.242
4,108,1.023
6,108,6.962
8,108,3.508
10,108,1.050
12,108,7.358
14,108,2.516
16,108,4.621
18,108,5.741
20,108,7.292
22,108,1.205
24,108,2.135
26,108,3.348
28,108,4.476
30,108,5.239
32,108,5.645
34,108,5.813
36,108,5.847
38,108,5.865
40,108,5.903
42,108,5.948
44,108,5.949
46,108,5.864
48,108,5.722
50,108,5.538
52,108,5.321
54,108,5.138
56,108,5.006
58,108,4.966
60,108,4.951
62,108,4.939
64,108,4.844
66,108,4.709
68,108,4.557
70,108,4.372
72,108,4.202
74,108,4.069
76,108,3.936
78,108,3.863
80,108,3.830
82,108,3.843
84,108,3.919
86,108,4.037
88,108,4.089
90,108,4.044
92,108,3.876
94,108,3.685
96,108,3.516
98,108,3.416
100,108,3.339
102,108,3.311
104,108,3.286
106,108,3.213
108,108,3.212
110,108,3.192
112,108,3.162
114,108,3.074
116,108,2.958
118,108,2.864
120,108,2.779
122,108,2.728
124,108,2.746
126,108,2.756
128,108,2.726
130,108,2.685
132,108,2.626
134,108,2.539
136,108,2.429
138,108,2.305
140,108,2.218
142,108,2.141
144,108,2.094
146,108,2.009
148,108,1.910
150,108,1.789
150,110,2.027
148,110,2.162
146,110,2.297
144,110,2.400
142,110,2.483
140,110,2.589
138,110,2.655
136,110,2.699
134,110,2.813
132,110,2.942
130,110,3.058
128,110,3.200
126,110,3.334
124,110,3.466
122,110,3.564
120,110,3.630
118,110,3.692
116,110,3.746
114,110,3.804
112,110,3.892
110,110,4.009
108,110,4.152
106,110,4.313
104,110,4.457
102,110,4.588
100,110,4.664
98,110,4.707
96,110,4.727
94,110,4.760
92,110,4.825
90,110,4.889
88,110,4.986
86,110,5.106
84,110,5.262
82,110,5.427
80,110,5.620
78,110,5.804
76,110,5.924
74,110,5.922
72,110,5.806
70,110,5.668
68,110,5.552
66,110,5.484
64,110,5.436
62,110,5.425
60,110,5.484
58,110,5.619
56,110,5.862
54,110,6.168
52,110,6.469
50,110,6.691
48,110,6.819
46,110,6.861
44,110,6.845
42,110,6.828
40,110,6.882
38,110,7.007
36,110,7.151
34,110,7.271
32,110,7.322
30,110,7.288
28,110,7.200
26,110,7.108
24,110,7.037
22,110,6.971
20,110,6.819
18,110,6.411
16,110,5.373
14,110,3.588
12,110,1.790
10,110,7.111
8,110,2.000
6,110,1.098
4,110,2.855
2,110,8.934
0,110,1.439
0,112,1.586
2,112,1.531
4,112,1.404
6,112,1.178
8,112,8.549
10,112,4.881
12,112,1.737
14,112,1.614
16,112,7.253
18,112,3.176
20,112,7.596
22,112,1.500
24,112,2.680
26,112,4.160
28,112,5.495
30,112,6.335
32,112,6.714
34,112,6.877
36,112,6.944
38,112,6.989
40,112,7.039
42,112,7.108
44,112,7.182
46,112,7.206
48,112,7.146
50,112,7.035
52,112,6.877
54,112,6.722
56,112,6.618
58,112,6.589
60,112,6.605
62,112,6.587
64,112,6.464
66,112,6.288
68,112,6.049
70,112,5.751
72,112,5.462
74,112,5.284
76,112,5.188
78,112,5.160
80,112,5.186
82,112,5.284
84,112,5.426
86,112,5.591
88,112,5.694
90,112,5.665
92,112,5.530
94,112,5.315
96,112,5.134
98,112,4.990
100,112,4.897
102,112,4.809
104,112,4.749
106,112,4.700
108,112,4.691
110,112,4.691
112,112,4.672
114,112,4.584
116,112,4.440
118,112,4.297
120,112,4.150
122,112,4.041
124,112,3.972
126,112,3.939
128,112,3.903
130,112,3.846
132,112,3.728
134,112,3.576
136,112,3.434
138,112,3.294
140,112,3.198
142,112,3.128
144,112,3.088
146,112,3.036
148,112,2.967
150,112,2.891
150,114,3.486
148,114,3.624
146,114,3.755
144,114,3.882
142,114,3.927
140,114,3.962
138,114,4.056
136,114,4.132
134,114,4.244
132,114,4.381
130,114,4.544
128,114,4.719
126,114,4.880
124,114,5.008
122,114,5.141
120,114,5.231
118,114,5.304
116,114,5.381
114,114,5.445
112,114,5.536
110,114,5.679
108,114,5.854
106,114,6.035
104,114,6.185
102,114,6.300
100,114,6.375
98,114,6.403
96,114,6.431
94,114,6.482
92,114,6.532
90,114,6.588
88,114,6.663
86,114,6.752
84,114,6.867
82,114,6.989
80,114,7.137
78,114,7.267
76,114,7.336
74,114,7.318
72,114,7.226
70,114,7.086
68,114,6.915
66,114,6.722
64,114,6.515
62,114,6.359
60,114,6.321
58,114,6.455
56,114,6.760
54,114,7.159
52,114,7.502
50,114,7.694
48,114,7.785
46,114,7.824
44,114,7.824
42,114,7.820
40,114,7.849
38,114,7.910
36,114,7.978
34,114,8.016
32,114,8.004
30,114,7.953
28,114,7.896
26,114,7.849
24,114,7.825
22,114,7.798
20,114,7.696
18,114,7.303
16,114,6.106
14,114,4.099
12,114,2.067
10,114,7.533
8,114,1.624
6,114,2.466
4,114,7.821
2,114,1.343
0,114,1.647
0,116,1.715
2,116,1.689
4,116,1.631
6,116,1.514
8,116,1.306
10,116,9.933
12,116,6.178
14,116,2.898
16,116,1.526
18,116,2.963
20,116,8.008
22,116,1.708
24,116,3.024
26,116,4.666
28,116,6.196
30,116,7.183
32,116,7.587
34,116,7.719
36,116,7.760
38,116,7.778
40,116,7.795
42,116,7.824
44,116,7.870
46,116,7.925
48,116,7.941
50,116,7.901
52,116,7.822
54,116,7.736
56,116,7.683
58,116,7.673
60,116,7.682
62,116,7.668
64,116,7.601
66,116,7.441
68,116,7.148
70,116,6.726
72,116,6.357
74,116,6.154
76,116,6.128
78,116,6.244
80,116,6.458
82,116,6.683
84,116,6.884
86,116,7.049
88,116,7.147
90,116,7.136
92,116,7.047
94,116,6.890
96,116,6.744
98,116,6.620
100,116,6.537
102,116,6.473
104,116,6.421
106,116,6.411
108,116,6.415
110,116,6.413
112,116,6.389
114,116,6.290
116,116,6.128
118,116,5.964
120,116,5.808
122,116,5.738
124,116,5.695
126,116,5.679
128,116,5.630
130,116,5.536
132,116,5.419
134,116,5.267
136,116,5.110
138,116,4.964
140,116,4.871
142,116,4.864
144,116,4.813
146,116,4.816
148,116,4.828
150,116,4.785
150,118,5.484
148,118,5.589
146,118,5.681
144,118,5.764
142,118,5.797
140,118,5.819
138,118,5.888
136,118,5.969
134,118,6.074
132,118,6.167
130,118,6.283
128,118,6.442
126,118,6.590
124,118,6.704
122,118,6.792
120,118,6.845
118,118,6.892
116,118,6.921
114,118,6.968
112,118,7.039
110,118,7.119
108,118,7.231
106,118,7.335
104,118,7.432
102,118,7.502
100,118,7.550
98,118,7.576
96,118,7.589
94,118,7.629
92,118,7.676
90,118,7.701
88,118,7.740
86,118,7.778
84,118,7.830
82,118,7.890
80,118,7.943
78,118,7.984
76,118,8.007
74,118,7.987
72,118,7.934
70,118,7.846
68,118,7.676
66,118,7.419
64,118,7.103
62,118,6.861
60,118,6.764
58,118,6.888
56,118,7.229
54,118,7.668
52,118,8.001
50,118,8.165
48,118,8.234
46,118,8.260
44,118,8.266
42,118,8.272
40,118,8.286
38,118,8.309
36,118,8.331
34,118,8.341
32,118,8.333
30,118,8.314
28,118,8.295
26,118,8.286
24,118,8.280
22,118,8.247
20,118,8.125
18,118,7.633
16,118,6.198
14,118,3.991
12,118,2.012
10,118,7.515
8,118,3.310
6,118,6.059
4,118,1.182
2,118,1.594
0,118,1.742
0,120,1.771
2,120,1.760
4,120,1.734
6,120,1.676
8,120,1.554
10,120,1.326
12,120,9.916
14,120,6.264
16,120,3.733
18,120,3.854
20,120,7.849
22,120,1.645
24,120,2.934
26,120,4.598
28,120,6.288
30,120,7.471
32,120,8.013
34,120,8.192
36,120,8.245
38,120,8.249
40,120,8.250
42,120,8.252
44,120,8.262
46,120,8.281
48,120,8.295
50,120,8.293
52,120,8.266
54,120,8.229
56,120,8.200
58,120,8.189
60,120,8.188
62,120,8.171
64,120,8.120
66,120,7.999
68,120,7.732
70,120,7.273
72,120,6.849
74,120,6.637
76,120,6.683
78,120,6.907
80,120,7.234
82,120,7.523
84,120,7.723
86,120,7.838
88,120,7.899
90,120,7.901
92,120,7.864
94,120,7.808
96,120,7.751
98,120,7.698
100,120,7.664
102,120,7.633
104,120,7.602
106,120,7.579
108,120,7.562
110,120,7.551
112,120,7.527
114,120,7.475
116,120,7.400
118,120,7.306
120,120,7.226
122,120,7.182
124,120,7.155
126,120,7.145
128,120,7.128
130,120,7.092
132,120,7.020
134,120,6.926
136,120,6.825
138,120,6.722
140,120,6.634
142,120,6.596
144,120,6.616
146,120,6.603
148,120,6.592
150,120,6.583
150,122,7.089
148,122,7.133
146,122,7.198
144,122,7.238
142,122,7.274
140,122,7.293
138,122,7.324
136,122,7.366
134,122,7.433
132,122,7.488
130,122,7.550
128,122,7.620
126,122,7.682
124,122,7.729
122,122,7.769
120,122,7.799
118,122,7.824
116,122,7.847
114,122,7.877
112,122,7.904
110,122,7.943
108,122,7.981
106,122,8.014
104,122,8.041
102,122,8.063
100,122,8.083
98,122,8.095
96,122,8.108
94,122,8.126
92,122,8.139
90,122,8.153
88,122,8.170
86,122,8.188
84,122,8.207
82,122,8.223
80,122,8.237
78,122,8.248
76,122,8.251
74,122,8.245
72,122,8.218
70,122,8.151
68,122,7.979
66,122,7.670
64,122,7.292
62,122,6.984
60,122,6.855
58,122,6.981
56,122,7.366
54,122,7.844
52,122,8.167
50,122,8.316
48,122,8.372
46,122,8.391
44,122,8.398
42,122,8.406
40,122,8.412
38,122,8.419
36,122,8.427
34,122,8.429
32,122,8.428
30,122,8.425
28,122,8.424
26,122,8.422
24,122,8.415
22,122,8.377
20,122,8.213
18,122,7.588
16,122,5.941
14,122,3.662
12,122,1.782
10,122,6.867
8,122,4.483
6,122,8.368
4,122,1.380
2,122,1.696
0,122,1.790
0,124,1.807
2,124,1.798
4,124,1.780
6,124,1.740
8,124,1.652
10,124,1.471
12,124,1.177
14,124,8.123
16,124,5.098
18,124,4.249
20,124,7.131
22,124,1.461
24,124,2.683
26,124,4.318
28,124,6.090
30,124,7.433
32,124,8.092
34,124,8.315
36,124,8.384
38,124,8.400
40,124,8.402
42,124,8.402
44,124,8.402
46,124,8.405
48,124,8.406
50,124,8.403
52,124,8.395
54,124,8.387
56,124,8.376
58,124,8.368
60,124,8.360
62,124,8.345
64,124,8.306
66,124,8.201
68,124,7.938
70,124,7.456
72,124,6.971
74,124,6.726
76,124,6.796
78,124,7.120
80,124,7.545
82,124,7.894
84,124,8.085
86,124,8.164
88,124,8.194
90,124,8.201
92,124,8.192
94,124,8.177
96,124,8.159
98,124,8.137
100,124,8.119
102,124,8.106
104,124,8.096
106,124,8.086
108,124,8.074
110,124,8.062
112,124,8.050
114,124,8.032
116,124,8.011
118,124,7.982
120,124,7.954
122,124,7.935
124,124,7.924
126,124,7.907
128,124,7.890
130,124,7.872
132,124,7.842
134,124,7.808
136,124,7.759
138,124,7.712
140,124,7.671
142,124,7.640
144,124,7.629
146,124,7.618
148,124,7.619
150,124,7.620
150,126,7.770
148,126,7.797
146,126,7.821
144,126,7.825
142,126,7.832
140,126,7.851
138,126,7.873
136,126,7.897
134,126,7.927
132,126,7.960
130,126,7.992
128,126,8.019
126,126,8.046
124,126,8.066
122,126,8.085
120,126,8.099
118,126,8.113
116,126,8.124
114,126,8.136
112,126,8.148
110,126,8.158
108,126,8.171
106,126,8.182
104,126,8.193
102,126,8.202
100,126,8.210
98,126,8.218
96,126,8.226
94,126,8.234
92,126,8.240
90,126,8.247
88,126,8.257
86,126,8.268
84,126,8.277
82,126,8.287
80,126,8.293
78,126,8.298
76,126,8.299
74,126,8.291
72,126,8.262
70,126,8.171
68,126,7.932
66,126,7.545
64,126,7.101
62,126,6.772
60,126,6.670
58,126,6.872
56,126,7.354
54,126,7.881
52,126,8.208
50,126,8.342
48,126,8.395
46,126,8.414
44,126,8.422
42,126,8.427
40,126,8.434
38,126,8.437
36,126,8.441
34,126,8.443
32,126,8.444
30,126,8.445
28,126,8.446
26,126,8.445
24,126,8.433
22,126,8.383
20,126,8.171
18,126,7.400
16,126,5.547
14,126,3.260
12,126,1.523
10,126,5.793
8,126,4.984
6,126,9.563
4,126,1.474
2,126,1.747
0,126,1.818
0,128,1.838
2,128,1.824
4,128,1.811
6,128,1.780
8,128,1.709
10,128,1.555
12,128,1.288
14,128,9.237
16,128,5.770
18,128,4.220
20,128,6.053
22,128,1.252
24,128,2.388
26,128,3.961
28,128,5.801
30,128,7.252
32,128,8.032
34,128,8.313
36,128,8.403
38,128,8.429
40,128,8.433
42,128,8.432
44,128,8.431
46,128,8.428
48,128,8.427
50,128,8.424
52,128,8.421
54,128,8.416
56,128,8.410
58,128,8.402
60,128,8.392
62,128,8.380
64,128,8.345
66,128,8.248
68,128,7.946
70,128,7.526
72,128,7.034
74,128,6.781
76,128,6.853
78,128,7.175
80,128,7.613
82,128,7.975
84,128,8.169
86,128,8.236
88,128,8.256
90,128,8.260
92,128,8.258
94,128,8.250
96,128,8.237
98,128,8.228
100,128,8.218
102,128,8.206
104,128,8.198
106,128,8.191
108,128,8.183
110,128,8.180
112,128,8.169
114,128,8.156
116,128,8.147
118,128,8.137
120,128,8.128
122,128,8.123
124,128,8.114
126,128,8.103
128,128,8.095
130,128,8.081
132,128,8.061
134,128,8.041
136,128,8.013
138,128,7.986
140,128,7.957
142,128,7.938
144,128,7.924
146,128,7.912
148,128,7.904
150,128,7.909
150,130,7.954
148,130,7.965
146,130,7.969
144,130,7.975
142,130,7.991
140,130,8.006
138,130,8.020
136,130,8.036
134,130,8.056
132,130,8.076
130,130,8.096
128,130,8.110
126,130,8.122
124,130,8.134
122,130,8.143
120,130,8.151
118,130,8.157
116,130,8.161
114,130,8.166
112,130,8.165
110,130,8.168
108,130,8.175
106,130,8.183
104,130,8.193
102,130,8.206
100,130,8.213
98,130,8.223
96,130,8.232
94,130,8.235
92,130,8.244
90,130,8.253
88,130,8.264
86,130,8.272
84,130,8.280
82,130,8.287
80,130,8.291
78,130,8.294
76,130,8.300
74,130,8.297
72,130,8.280
70,130,8.221
68,130,8.067
66,130,7.797
64,130,7.458
62,130,7.162
60,130,7.024
58,130,7.145
56,130,7.517
54,130,7.950
52,130,8.218
50,130,8.333
48,130,8.374
46,130,8.390
44,130,8.400
42,130,8.412
40,130,8.422
38,130,8.428
36,130,8.434
34,130,8.441
32,130,8.443
30,130,8.445
28,130,8.446
26,130,8.444
24,130,8.428
22,130,8.358
20,130,8.081
18,130,7.102
16,130,5.076
14,130,2.823
12,130,1.240
10,130,4.892
8,130,5.511
6,130,1.065
4,130,1.556
2,130,1.783
0,130,1.833
0,132,1.850
2,132,1.839
4,132,1.831
6,132,1.809
8,132,1.752
10,132,1.620
12,132,1.372
14,132,1.012
16,132,6.382
18,132,4.125
20,132,5.034
22,132,1.043
24,132,2.066
26,132,3.570
28,132,5.399
30,132,7.005
32,132,7.920
34,132,8.274
36,132,8.392
38,132,8.427
40,132,8.435
42,132,8.435
44,132,8.434
46,132,8.434
48,132,8.429
50,132,8.423
52,132,8.417
54,132,8.408
56,132,8.396
58,132,8.379
60,132,8.362
62,132,8.348
64,132,8.322
66,132,8.237
68,132,8.012
70,132,7.567
72,132,7.107
74,132,6.895
76,132,7.015
78,132,7.335
80,132,7.722
82,132,8.025
84,132,8.201
86,132,8.258
88,132,8.269
90,132,8.271
92,132,8.264
94,132,8.257
96,132,8.251
98,132,8.239
100,132,8.228
102,132,8.219
104,132,8.211
106,132,8.201
108,132,8.189
110,132,8.177
112,132,8.166
114,132,8.155
116,132,8.139
118,132,8.129
120,132,8.125
122,132,8.128
124,132,8.127
126,132,8.125
128,132,8.117
130,132,8.114
132,132,8.104
134,132,8.090
136,132,8.070
138,132,8.053
140,132,8.039
142,132,8.022
144,132,8.007
146,132,7.999
148,132,7.990
150,132,7.986
150,134,8.007
148,134,8.016
146,134,8.022
144,134,8.029
142,134,8.043
140,134,8.056
138,134,8.065
136,134,8.076
134,134,8.089
132,134,8.101
130,134,8.116
128,134,8.124
126,134,8.133
124,134,8.140
122,134,8.146
120,134,8.148
118,134,8.146
116,134,8.147
114,134,8.148
112,134,8.145
110,134,8.142
108,134,8.148
106,134,8.160
104,134,8.169
102,134,8.184
100,134,8.201
98,134,8.218
96,134,8.225
94,134,8.234
92,134,8.240
90,134,8.244
88,134,8.251
86,134,8.255
84,134,8.266
82,134,8.277
80,134,8.284
78,134,8.289
76,134,8.290
74,134,8.284
72,134,8.255
70,134,8.171
68,134,7.963
66,134,7.587
64,134,7.111
62,134,6.705
60,134,6.597
58,134,6.813
56,134,7.338
54,134,7.897
52,134,8.205
50,134,8.337
48,134,8.385
46,134,8.405
44,134,8.412
42,134,8.416
40,134,8.418
38,134,8.418
36,134,8.422
34,134,8.433
32,134,8.441
30,134,8.445
28,134,8.445
26,134,8.441
24,134,8.420
22,134,8.325
20,134,7.950
18,134,6.747
16,134,4.603
14,134,2.455
12,134,1.017
10,134,4.207
8,134,5.925
6,134,1.154
4,134,1.620
2,134,1.813
0,134,1.849
0,136,1.868
2,136,1.853
4,136,1.852
6,136,1.839
8,136,1.790
10,136,1.669
12,136,1.443
14,136,1.090
16,136,6.913
18,136,4.159
20,136,4.245
22,136,8.564
24,136,1.775
26,136,3.176
28,136,4.969
30,136,6.666
32,136,7.765
34,136,8.222
36,136,8.372
38,136,8.418
40,136,8.431
42,136,8.433
44,136,8.435
46,136,8.435
48,136,8.430
50,136,8.423
52,136,8.416
54,136,8.409
56,136,8.401
58,136,8.393
60,136,8.381
62,136,8.368
64,136,8.337
66,136,8.248
68,136,8.022
70,136,7.569
72,136,7.051
74,136,6.768
76,136,6.847
78,136,7.175
80,136,7.604
82,136,7.962
84,136,8.161
86,136,8.234
88,136,8.254
90,136,8.253
92,136,8.250
94,136,8.237
96,136,8.229
98,136,8.218
100,136,8.208
102,136,8.200
104,136,8.191
106,136,8.181
108,136,8.169
110,136,8.155
112,136,8.140
114,136,8.123
116,136,8.106
118,136,8.094
120,136,8.091
122,136,8.095
124,136,8.100
126,136,8.104
128,136,8.108
130,136,8.107
132,136,8.100
134,136,8.092
136,136,8.082
138,136,8.077
140,136,8.065
142,136,8.053
144,136,8.039
146,136,8.032
148,136,8.025
150,136,8.020
150,138,8.031
148,138,8.040
146,138,8.047
144,138,8.052
142,138,8.059
140,138,8.066
138,138,8.073
136,138,8.082
134,138,8.095
132,138,8.103
130,138,8.107
128,138,8.112
126,138,8.121
124,138,8.129
122,138,8.132
120,138,8.135
118,138,8.135
116,138,8.129
114,138,8.125
112,138,8.124
110,138,8.125
108,138,8.130
106,138,8.141
104,138,8.153
102,138,8.170
100,138,8.187
98,138,8.202
96,138,8.213
94,138,8.215
92,138,8.218
90,138,8.220
88,138,8.226
86,138,8.233
84,138,8.245
82,138,8.258
80,138,8.267
78,138,8.274
76,138,8.273
74,138,8.262
72,138,8.226
70,138,8.124
68,138,7.889
66,138,7.465
64,138,6.961
62,138,6.581
60,138,6.483
58,138,6.753
56,138,7.328
54,138,7.903
52,138,8.213
50,138,8.341
48,138,8.392
46,138,8.410
44,138,8.419
42,138,8.423
40,138,8.426
38,138,8.429
36,138,8.435
34,138,8.441
32,138,8.442
30,138,8.440
28,138,8.439
26,138,8.432
24,138,8.404
22,138,8.281
20,138,7.805
18,138,6.421
16,138,4.197
14,138,2.138
12,138,8.399
10,138,3.857
8,138,6.552
6,138,1.237
4,138,1.666
2,138,1.836
0,138,1.876
0,140,1.901
2,140,1.883
4,140,1.878
6,140,1.864
8,140,1.828
10,140,1.728
12,140,1.518
14,140,1.177
16,140,7.589
18,140,4.278
20,140,3.620
22,140,7.078
24,140,1.528
26,140,2.823
28,140,4.563
30,140,6.352
32,140,7.597
34,140,8.158
36,140,8.345
38,140,8.401
40,140,8.418
42,140,8.421
44,140,8.424
46,140,8.424
48,140,8.421
50,140,8.413
52,140,8.406
54,140,8.398
56,140,8.393
58,140,8.391
60,140,8.382
62,140,8.365
64,140,8.330
66,140,8.241
68,140,8.004
70,140,7.515
72,140,6.907
74,140,6.527
76,140,6.549
78,140,6.910
80,140,7.423
82,140,7.865
84,140,8.107
86,140,8.200
88,140,8.227
90,140,8.225
92,140,8.219
94,140,8.213
96,140,8.199
98,140,8.187
100,140,8.173
102,140,8.167
104,140,8.163
106,140,8.163
108,140,8.156
110,140,8.137
112,140,8.114
114,140,8.096
116,140,8.085
118,140,8.075
120,140,8.073
122,140,8.080
124,140,8.080
126,140,8.089
128,140,8.091
130,140,8.091
132,140,8.085
134,140,8.078
136,140,8.073
138,140,8.069
140,140,8.060
142,140,8.049
144,140,8.041
146,140,8.035
148,140,8.032
150,140,8.030
150,142,8.034
148,142,8.042
146,142,8.042
144,142,8.047
142,142,8.053
140,142,8.055
138,142,8.062
136,142,8.072
134,142,8.081
132,142,8.090
130,142,8.096
128,142,8.103
126,142,8.105
124,142,8.110
122,142,8.110
120,142,8.113
118,142,8.119
116,142,8.114
114,142,8.112
112,142,8.112
110,142,8.116
108,142,8.119
106,142,8.124
104,142,8.132
102,142,8.143
100,142,8.157
98,142,8.171
96,142,8.184
94,142,8.186
92,142,8.191
90,142,8.191
88,142,8.202
86,142,8.212
84,142,8.219
82,142,8.230
80,142,8.240
78,142,8.243
76,142,8.242
74,142,8.226
72,142,8.165
70,142,7.986
68,142,7.585
66,142,7.023
64,142,6.500
62,142,6.200
60,142,6.158
58,142,6.533
56,142,7.210
54,142,7.853
52,142,8.187
50,142,8.322
48,142,8.369
46,142,8.389
44,142,8.399
42,142,8.406
40,142,8.409
38,142,8.411
36,142,8.415
34,142,8.417
32,142,8.417
30,142,8.413
28,142,8.407
26,142,8.400
24,142,8.366
22,142,8.220
20,142,7.656
18,142,6.102
16,142,3.845
14,142,1.883
12,142,6.949
10,142,3.643
8,142,7.220
6,142,1.323
4,142,1.731
2,142,1.887
0,142,1.925
0,144,1.942
2,144,1.929
4,144,1.927
6,144,1.917
8,144,1.872
10,144,1.783
12,144,1.586
14,144,1.252
16,144,8.199
18,144,4.512
20,144,3.216
22,144,5.921
24,144,1.344
26,144,2.591
28,144,4.293
30,144,6.114
32,144,7.438
34,144,8.085
36,144,8.307
38,144,8.375
40,144,8.393
42,144,8.396
44,144,8.396
46,144,8.397
48,144,8.398
50,144,8.398
52,144,8.393
54,144,8.387
56,144,8.380
58,144,8.376
60,144,8.369
62,144,8.352
64,144,8.317
66,144,8.223
68,144,7.984
70,144,7.443
72,144,6.696
74,144,6.176
76,144,6.104
78,144,6.460
80,144,7.049
82,144,7.647
84,144,8.010
86,144,8.151
88,144,8.192
90,144,8.195
92,144,8.192
94,144,8.183
96,144,8.173
98,144,8.159
100,144,8.152
102,144,8.147
104,144,8.142
106,144,8.136
108,144,8.126
110,144,8.109
112,144,8.091
114,144,8.076
116,144,8.071
118,144,8.062
120,144,8.064
122,144,8.071
124,144,8.076
126,144,8.078
128,144,8.076
130,144,8.073
132,144,8.072
134,144,8.068
136,144,8.063
138,144,8.059
140,144,8.052
142,144,8.044
144,144,8.038
146,144,8.035
148,144,8.034
150,144,8.032
150,146,8.034
148,146,8.036
146,146,8.037
144,146,8.041
142,146,8.047
140,146,8.055
138,146,8.061
136,146,8.066
134,146,8.072
132,146,8.077
130,146,8.083
128,146,8.089
126,146,8.092
124,146,8.097
122,146,8.103
120,146,8.107
118,146,8.108
116,146,8.108
114,146,8.107
112,146,8.101
110,146,8.094
108,146,8.086
106,146,8.076
104,146,8.077
102,146,8.083
100,146,8.101
98,146,8.122
96,146,8.145
94,146,8.164
92,146,8.176
90,146,8.176
88,146,8.183
86,146,8.189
84,146,8.198
82,146,8.203
80,146,8.213
78,146,8.216
76,146,8.211
74,146,8.182
72,146,8.091
70,146,7.834
68,146,7.336
66,146,6.772
64,146,6.288
62,146,5.974
60,146,6.021
58,146,6.500
56,146,7.230
54,146,7.862
52,146,8.171
50,146,8.294
48,146,8.338
46,146,8.356
44,146,8.365
42,146,8.369
40,146,8.370
38,146,8.369
36,146,8.366
34,146,8.361
32,146,8.351
30,146,8.339
28,146,8.336
26,146,8.329
24,146,8.284
22,146,8.105
20,146,7.470
18,146,5.827
16,146,3.543
14,146,1.671
12,146,5.926
10,146,3.787
8,146,8.040
6,146,1.404
4,146,1.779
2,146,1.913
0,146,1.942
0,148,1.965
2,148,1.946
4,148,1.955
6,148,1.945
8,148,1.911
10,148,1.829
12,148,1.656
14,148,1.338
16,148,9.086
18,148,4.998
20,148,3.113
22,148,5.145
24,148,1.204
26,148,2.380
28,148,4.034
30,148,5.864
32,148,7.285
34,148,7.980
36,148,8.230
38,148,8.310
40,148,8.335
42,148,8.343
44,148,8.347
46,148,8.354
48,148,8.359
50,148,8.362
52,148,8.362
54,148,8.361
56,148,8.359
58,148,8.357
60,148,8.346
62,148,8.327
64,148,8.291
66,148,8.198
68,148,7.959
70,148,7.391
72,148,6.618
74,148,6.030
76,148,5.992
78,148,6.283
80,148,6.831
82,148,7.449
84,148,7.905
86,148,8.106
88,148,8.163
90,148,8.170
92,148,8.170
94,148,8.169
96,148,8.163
98,148,8.152
100,148,8.138
102,148,8.127
104,148,8.118
106,148,8.100
108,148,8.063
110,148,8.019
112,148,7.974
114,148,7.965
116,148,7.975
118,148,8.003
120,148,8.032
122,148,8.052
124,148,8.066
126,148,8.069
128,148,8.070
130,148,8.068
132,148,8.065
134,148,8.060
136,148,8.056
138,148,8.051
140,148,8.046
142,148,8.040
144,148,8.036
146,148,8.032
148,148,8.030
150,148,8.027
150,150,8.027
148,150,8.030
146,150,8.034
144,150,8.037
142,150,8.041
140,150,8.050
138,150,8.053
136,150,8.060
134,150,8.065
132,150,8.071
130,150,8.075
128,150,8.085
126,150,8.085
124,150,8.087
122,150,8.094
120,150,8.098
118,150,8.096
116,150,8.087
114,150,8.070
112,150,8.033
110,150,7.980
108,150,7.918
106,150,7.866
104,150,7.847
102,150,7.857
100,150,7.905
98,150,7.982
96,150,8.063
94,150,8.119
92,150,8.145
90,150,8.155
88,150,8.158
86,150,8.167
84,150,8.172
82,150,8.179
80,150,8.182
78,150,8.178
76,150,8.163
74,150,8.123
72,150,8.012
70,150,7.734
68,150,7.251
66,150,6.662
64,150,6.164
62,150,5.928
60,150,6.082
58,150,6.650
56,150,7.365
54,150,7.874
52,150,8.112
50,150,8.212
48,150,8.253
46,150,8.269
44,150,8.274
42,150,8.267
40,150,8.254
38,150,8.240
36,150,8.226
34,150,8.207
32,150,8.184
30,150,8.167
28,150,8.159
26,150,8.147
24,150,8.088
22,150,7.863
20,150,7.114
18,150,5.388
16,150,3.182
14,150,1.454
12,150,4.828
10,150,3.802
8,150,8.886
6,150,1.507
4,150,1.848
2,150,1.969
0,150,1.991
