0,0,1.862
2,0,1.876
4,0,1.894
6,0,1.896
8,0,1.895
10,0,1.881
12,0,1.894
14,0,1.894
16,0,1.887
18,0,1.896
20,0,1.904
22,0,1.915
24,0,1.910
26,0,1.918
28,0,1.917
30,0,1.925
32,0,1.916
34,0,1.927
36,0,1.934
38,0,1.946
40,0,1.940
42,0,1.937
44,0,1.944
46,0,1.940
48,0,1.953
50,0,1.959
52,0,1.965
54,0,1.961
56,0,1.973
58,0,1.988
60,0,1.994
62,0,2.001
64,0,1.979
66,0,1.886
68,0,1.590
70,0,1.076
72,0,5.125
74,0,1.293
76,0,5.175
78,0,1.523
80,0,2.797
82,0,3.839
84,0,4.649
86,0,5.086
88,0,5.204
90,0,4.871
92,0,4.042
94,0,3.060
96,0,2.325
98,0,2.188
100,0,2.643
102,0,3.120
104,0,2.877
106,0,1.896
108,0,6.953
110,0,2.374
112,0,1.813
114,0,5.582
116,0,9.954
118,0,1.377
120,0,1.640
122,0,1.772
124,0,1.827
126,0,1.842
128,0,1.851
130,0,1.840
132,0,1.823
134,0,1.812
136,0,1.802
138,0,1.798
140,0,1.785
142,0,1.782
144,0,1.779
146,0,1.775
148,0,1.771
150,0,1.764
150,2,1.751
148,2,1.751
146,2,1.756
144,2,1.757
142,2,1.763
140,2,1.766
138,2,1.776
136,2,1.778
134,2,1.784
132,2,1.791
130,2,1.796
128,2,1.801
126,2,1.807
124,2,1.818
122,2,1.827
120,2,1.835
118,2,1.844
116,2,1.855
114,2,1.865
112,2,1.876
110,2,1.882
108,2,1.881
106,2,1.867
104,2,1.818
102,2,1.710
100,2,1.503
98,2,1.179
96,2,7.813
94,2,3.863
92,2,1.006
90,2,1.306
88,2,8.505
86,2,2.042
84,2,2.954
82,2,3.236
80,2,2.888
78,2,2.362
76,2,2.169
74,2,2.532
72,2,3.317
70,2,4.302
68,2,5.049
66,2,5.372
64,2,5.265
62,2,4.903
60,2,4.168
58,2,3.096
56,2,1.904
54,2,8.201
52,2,8.356
50,2,3.256
48,2,8.287
46,2,1.417
44,2,1.877
42,2,2.103
40,2,2.171
38,2,2.186
36,2,2.190
34,2,2.179
32,2,2.163
30,2,2.148
28,2,2.139
26,2,2.132
24,2,2.124
22,2,2.119
20,2,2.110
18,2,2.104
16,2,2.103
14,2,2.104
12,2,2.096
10,2,2.089
8,2,2.091
6,2,2.085
4,2,2.070
2,2,2.064
0,2,2.054
0,4,2.034
2,4,2.033
4,4,2.035
6,4,2.031
8,4,2.041
10,4,2.037
12,4,2.030
14,4,2.031
16,4,2.041
18,4,2.044
20,4,2.038
22,4,2.046
24,4,2.046
26,4,2.044
28,4,2.040
30,4,2.049
32,4,2.048
34,4,2.045
36,4,2.051
38,4,2.054
40,4,2.059
42,4,2.061
44,4,2.056
46,4,2.060
48,4,2.069
50,4,2.080
52,4,2.084
54,4,2.089
56,4,2.095
58,4,2.108
60,4,2.111
62,4,2.106
64,4,2.064
66,4,1.904
68,4,1.532
70,4,9.672
72,4,4.182
74,4,1.007
76,4,6.128
78,4,1.665
80,4,2.985
82,4,4.132
84,4,4.925
86,4,5.307
88,4,5.400
90,4,5.039
92,4,4.159
94,4,3.105
96,4,2.367
98,4,2.182
100,4,2.607
102,4,3.169
104,4,3.237
106,4,2.591
108,4,1.322
110,4,1.724
112,4,6.779
114,4,3.538
116,4,8.076
118,4,1.249
120,4,1.588
122,4,1.792
124,4,1.888
126,4,1.918
128,4,1.924
130,4,1.928
132,4,1.918
134,4,1.902
136,4,1.889
138,4,1.877
140,4,1.860
142,4,1.850
144,4,1.843
146,4,1.835
148,4,1.820
150,4,1.809
150,6,1.789
148,6,1.787
146,6,1.788
144,6,1.794
142,6,1.798
140,6,1.805
138,6,1.810
136,6,1.815
134,6,1.819
132,6,1.828
130,6,1.837
128,6,1.848
126,6,1.855
124,6,1.866
122,6,1.874
120,6,1.884
118,6,1.900
116,6,1.913
114,6,1.926
112,6,1.928
110,6,1.925
108,6,1.911
106,6,1.854
104,6,1.741
102,6,1.535
100,6,1.204
98,6,7.995
96,6,3.975
94,6,9.812
92,6,8.348
90,6,9.645
88,6,2.306
86,6,3.246
84,6,3.499
82,6,3.241
80,6,2.764
78,6,2.432
76,6,2.559
74,6,3.125
72,6,3.945
70,6,4.714
68,6,5.062
66,6,5.046
64,6,4.758
62,6,4.144
60,6,3.145
58,6,1.930
56,6,8.983
54,6,9.690
52,6,3.224
50,6,7.844
48,6,1.363
46,6,1.844
44,6,2.116
42,6,2.214
40,6,2.229
38,6,2.232
36,6,2.223
34,6,2.212
32,6,2.204
30,6,2.196
28,6,2.172
26,6,2.160
24,6,2.160
22,6,2.157
20,6,2.151
18,6,2.143
16,6,2.137
14,6,2.127
12,6,2.120
10,6,2.111
8,6,2.113
6,6,2.115
4,6,2.109
2,6,2.101
0,6,2.085
0,8,2.067
2,8,2.069
4,8,2.067
6,8,2.061
8,8,2.057
10,8,2.054
12,8,2.061
14,8,2.063
16,8,2.067
18,8,2.072
20,8,2.071
22,8,2.065
24,8,2.066
26,8,2.067
28,8,2.061
30,8,2.053
32,8,2.045
34,8,2.061
36,8,2.068
38,8,2.072
40,8,2.074
42,8,2.076
44,8,2.078
46,8,2.081
48,8,2.083
50,8,2.090
52,8,2.104
54,8,2.114
56,8,2.116
58,8,2.123
60,8,2.139
62,8,2.148
64,8,2.130
66,8,2.058
68,8,1.856
70,8,1.449
72,8,9.146
74,8,4.195
76,8,1.334
78,8,7.720
80,8,1.697
82,8,2.969
84,8,3.989
86,8,4.596
88,8,4.869
90,8,4.845
92,8,4.369
94,8,3.575
96,8,2.920
98,8,2.654
100,8,2.887
102,8,3.370
104,8,3.716
106,8,3.529
108,8,2.540
110,8,9.194
112,8,1.464
114,8,1.765
116,8,5.703
118,8,1.046
120,8,1.446
122,8,1.714
124,8,1.856
126,8,1.915
128,8,1.936
130,8,1.936
132,8,1.927
134,8,1.914
136,8,1.901
138,8,1.884
140,8,1.869
142,8,1.856
144,8,1.843
146,8,1.830
148,8,1.820
150,8,1.812
150,10,1.797
148,10,1.796
146,10,1.796
144,10,1.799
142,10,1.806
140,10,1.808
138,10,1.811
136,10,1.818
134,10,1.828
132,10,1.832
130,10,1.840
128,10,1.851
126,10,1.866
124,10,1.879
122,10,1.892
120,10,1.906
118,10,1.917
116,10,1.924
114,10,1.935
112,10,1.940
110,10,1.923
108,10,1.878
106,10,1.785
104,10,1.603
102,10,1.314
100,10,9.242
98,10,4.989
96,10,1.625
94,10,2.022
92,10,6.970
90,10,2.136
88,10,3.303
86,10,3.771
84,10,3.727
82,10,3.451
80,10,3.176
78,10,3.073
76,10,3.251
74,10,3.646
72,10,4.046
70,10,4.243
68,10,4.133
66,10,3.770
64,10,3.171
62,10,2.386
60,10,1.596
58,10,1.536
56,10,3.091
54,10,6.627
52,10,1.139
50,10,1.612
48,10,1.968
46,10,2.168
44,10,2.239
42,10,2.251
40,10,2.251
38,10,2.242
36,10,2.233
34,10,2.225
32,10,2.219
30,10,2.207
28,10,2.192
26,10,2.169
24,10,2.160
22,10,2.158
20,10,2.158
18,10,2.152
16,10,2.141
14,10,2.133
12,10,2.124
10,10,2.125
8,10,2.128
6,10,2.137
4,10,2.126
2,10,2.113
0,10,2.099
0,12,2.085
2,12,2.083
4,12,2.085
6,12,2.081
8,12,2.083
10,12,2.079
12,12,2.075
14,12,2.077
16,12,2.081
18,12,2.088
20,12,2.083
22,12,2.076
24,12,2.073
26,12,2.074
28,12,2.069
30,12,2.066
32,12,2.068
34,12,2.065
36,12,2.076
38,12,2.082
40,12,2.089
42,12,2.086
44,12,2.083
46,12,2.089
48,12,2.097
50,12,2.103
52,12,2.109
54,12,2.121
56,12,2.126
58,12,2.138
60,12,2.148
62,12,2.161
64,12,2.168
66,12,2.148
68,12,2.093
70,12,1.940
72,12,1.657
74,12,1.236
76,12,7.525
78,12,3.622
80,12,1.564
82,12,1.432
84,12,2.154
86,12,2.882
88,12,3.407
90,12,3.699
92,12,3.730
94,12,3.559
96,12,3.355
98,12,3.291
100,12,3.399
102,12,3.573
104,12,3.627
106,12,3.264
108,12,2.235
110,12,8.114
112,12,2.291
114,12,1.858
116,12,5.711
118,12,1.033
120,12,1.441
122,12,1.710
124,12,1.858
126,12,1.919
128,12,1.935
130,12,1.938
132,12,1.930
134,12,1.914
136,12,1.895
138,12,1.876
140,12,1.870
142,12,1.854
144,12,1.843
146,12,1.830
148,12,1.822
150,12,1.812
150,14,1.798
148,14,1.799
146,14,1.801
144,14,1.802
142,14,1.807
140,14,1.813
138,14,1.817
136,14,1.824
134,14,1.833
132,14,1.843
130,14,1.849
128,14,1.862
126,14,1.872
124,14,1.881
122,14,1.896
120,14,1.910
118,14,1.917
116,14,1.928
114,14,1.933
112,14,1.937
110,14,1.919
108,14,1.865
106,14,1.758
104,14,1.550
102,14,1.234
100,14,8.316
98,14,4.400
96,14,1.518
94,14,2.268
92,14,4.136
90,14,1.332
88,14,2.214
86,14,2.772
84,14,3.040
82,14,3.100
80,14,3.069
78,14,3.036
76,14,2.983
74,14,2.912
72,14,2.779
70,14,2.502
68,14,2.097
66,14,1.636
64,14,1.263
62,14,1.462
60,14,3.091
58,14,6.760
56,14,1.178
54,14,1.633
52,14,1.954
50,14,2.140
48,14,2.235
46,14,2.276
44,14,2.292
42,14,2.275
40,14,2.262
38,14,2.247
36,14,2.238
34,14,2.229
32,14,2.208
30,14,2.191
28,14,2.176
26,14,2.165
24,14,2.164
22,14,2.161
20,14,2.153
18,14,2.129
16,14,2.111
14,14,2.108
12,14,2.114
10,14,2.127
8,14,2.131
6,14,2.137
4,14,2.128
2,14,2.114
0,14,2.107
0,16,2.101
2,16,2.096
4,16,2.088
6,16,2.085
8,16,2.091
10,16,2.089
12,16,2.086
14,16,2.089
16,16,2.088
18,16,2.090
20,16,2.086
22,16,2.084
24,16,2.078
26,16,2.067
28,16,2.058
30,16,2.037
32,16,2.009
34,16,1.991
36,16,1.997
38,16,2.022
40,16,2.048
42,16,2.069
44,16,2.075
46,16,2.080
48,16,2.086
50,16,2.106
52,16,2.120
54,16,2.129
56,16,2.137
58,16,2.147
60,16,2.159
62,16,2.172
64,16,2.178
66,16,2.182
68,16,2.172
70,16,2.143
72,16,2.068
74,16,1.902
76,16,1.581
78,16,1.100
80,16,5.962
82,16,2.439
84,16,1.043
86,16,8.592
88,16,1.112
90,16,1.470
92,16,1.798
94,16,2.040
96,16,2.193
98,16,2.251
100,16,2.188
102,16,1.920
104,16,1.414
106,16,7.623
108,16,2.001
110,16,1.900
112,16,1.341
114,16,3.955
116,16,7.804
118,16,1.194
120,16,1.541
122,16,1.765
124,16,1.891
126,16,1.939
128,16,1.946
130,16,1.927
132,16,1.916
134,16,1.903
136,16,1.893
138,16,1.878
140,16,1.870
142,16,1.862
144,16,1.848
146,16,1.837
148,16,1.820
150,16,1.812
150,18,1.800
148,18,1.801
146,18,1.802
144,18,1.804
142,18,1.812
140,18,1.819
138,18,1.828
136,18,1.831
134,18,1.839
132,18,1.850
130,18,1.856
128,18,1.863
126,18,1.875
124,18,1.883
122,18,1.894
120,18,1.902
118,18,1.916
116,18,1.926
114,18,1.935
112,18,1.938
110,18,1.927
108,18,1.887
106,18,1.796
104,18,1.630
102,18,1.386
100,18,1.066
98,18,7.305
96,18,4.277
94,18,2.052
92,18,7.734
90,18,2.289
88,18,1.864
86,18,3.978
84,18,6.904
82,18,9.469
80,18,1.088
78,18,1.104
76,18,1.025
74,18,9.233
72,18,8.331
70,18,8.206
68,18,1.032
66,18,1.805
64,18,3.558
62,18,6.761
60,18,1.131
58,18,1.608
56,18,1.964
54,18,2.153
52,18,2.233
50,18,2.273
48,18,2.297
46,18,2.288
44,18,2.292
42,18,2.295
40,18,2.276
38,18,2.253
36,18,2.234
34,18,2.219
32,18,2.204
30,18,2.195
28,18,2.145
26,18,2.128
24,18,2.088
22,18,2.016
20,18,1.910
18,18,1.829
16,18,1.845
14,18,1.949
12,18,2.063
10,18,2.112
8,18,2.120
6,18,2.121
4,18,2.123
2,18,2.118
0,18,2.120
0,20,2.086
2,20,2.096
4,20,2.097
6,20,2.092
8,20,2.088
10,20,2.085
12,20,2.086
14,20,2.088
16,20,2.092
18,20,2.090
20,20,2.085
22,20,2.086
24,20,2.078
26,20,2.073
28,20,2.022
30,20,1.935
32,20,1.799
34,20,1.665
36,20,1.592
38,20,1.623
40,20,1.736
42,20,1.876
44,20,1.978
46,20,2.034
48,20,2.079
50,20,2.109
52,20,2.118
54,20,2.130
56,20,2.141
58,20,2.146
60,20,2.162
62,20,2.175
64,20,2.173
66,20,2.178
68,20,2.187
70,20,2.185
72,20,2.170
74,20,2.129
76,20,2.030
78,20,1.811
80,20,1.440
82,20,1.000
84,20,6.312
86,20,3.916
88,20,2.563
90,20,1.941
92,20,1.585
94,20,1.298
96,20,1.094
98,20,9.194
100,20,8.281
102,20,8.614
104,20,1.156
106,20,1.908
108,20,3.178
110,20,5.117
112,20,7.552
114,20,1.042
116,20,1.336
118,20,1.591
120,20,1.770
122,20,1.874
124,20,1.924
126,20,1.938
128,20,1.934
130,20,1.919
132,20,1.901
134,20,1.890
136,20,1.876
138,20,1.868
140,20,1.864
142,20,1.860
144,20,1.851
146,20,1.837
148,20,1.824
150,20,1.815
150,22,1.800
148,22,1.802
146,22,1.800
144,22,1.804
142,22,1.813
140,22,1.822
138,22,1.827
136,22,1.834
134,22,1.843
132,22,1.852
130,22,1.855
128,22,1.860
126,22,1.867
124,22,1.876
122,22,1.886
120,22,1.897
118,22,1.912
116,22,1.923
114,22,1.934
112,22,1.944
110,22,1.952
108,22,1.942
106,22,1.908
104,22,1.838
102,22,1.728
100,22,1.580
98,22,1.399
96,22,1.200
94,22,1.004
92,22,8.145
90,22,6.525
88,22,5.213
86,22,4.233
84,22,3.631
82,22,3.473
80,22,3.678
78,22,4.161
76,22,4.865
74,22,5.693
72,22,6.668
70,22,7.728
68,22,9.119
66,22,1.110
64,22,1.370
62,22,1.684
60,22,1.964
58,22,2.151
56,22,2.247
54,22,2.281
52,22,2.302
50,22,2.302
48,22,2.291
46,22,2.283
44,22,2.277
42,22,2.275
40,22,2.265
38,22,2.251
36,22,2.236
34,22,2.220
32,22,2.204
30,22,2.188
28,22,2.153
26,22,2.068
24,22,1.897
22,22,1.660
20,22,1.451
18,22,1.392
16,22,1.529
14,22,1.770
12,22,2.001
10,22,2.111
8,22,2.130
6,22,2.128
4,22,2.124
2,22,2.122
0,22,2.111
0,24,2.087
2,24,2.092
4,24,2.087
6,24,2.083
8,24,2.086
10,24,2.089
12,24,2.091
14,24,2.092
16,24,2.084
18,24,2.083
20,24,2.084
22,24,2.086
24,24,2.083
26,24,2.068
28,24,2.015
30,24,1.877
32,24,1.667
34,24,1.448
36,24,1.299
38,24,1.257
40,24,1.363
42,24,1.575
44,24,1.808
46,24,1.970
48,24,2.060
50,24,2.101
52,24,2.124
54,24,2.137
56,24,2.153
58,24,2.166
60,24,2.174
62,24,2.183
64,24,2.183
66,24,2.183
68,24,2.186
70,24,2.191
72,24,2.193
74,24,2.195
76,24,2.189
78,24,2.145
80,24,2.029
82,24,1.852
84,24,1.648
86,24,1.453
88,24,1.305
90,24,1.198
92,24,1.110
94,24,1.033
96,24,9.563
98,24,8.978
100,24,8.801
102,24,9.184
104,24,1.016
106,24,1.151
108,24,1.309
110,24,1.469
112,24,1.618
114,24,1.745
116,24,1.848
118,24,1.912
120,24,1.952
122,24,1.969
124,24,1.968
126,24,1.951
128,24,1.929
130,24,1.912
132,24,1.903
134,24,1.879
136,24,1.870
138,24,1.862
140,24,1.854
142,24,1.846
144,24,1.838
146,24,1.831
148,24,1.821
150,24,1.810
150,26,1.792
148,26,1.795
146,26,1.791
144,26,1.794
142,26,1.805
140,26,1.813
138,26,1.819
136,26,1.824
134,26,1.831
132,26,1.841
130,26,1.849
128,26,1.854
126,26,1.860
124,26,1.871
122,26,1.883
120,26,1.895
118,26,1.903
116,26,1.921
114,26,1.941
112,26,1.960
110,26,1.975
108,26,1.984
106,26,1.989
104,26,1.991
102,26,1.984
100,26,1.963
98,26,1.917
96,26,1.854
94,26,1.781
92,26,1.700
90,26,1.616
88,26,1.544
86,26,1.498
84,26,1.477
82,26,1.480
80,26,1.506
78,26,1.555
76,26,1.612
74,26,1.679
72,26,1.750
70,26,1.826
68,26,1.912
66,26,2.014
64,26,2.118
62,26,2.212
60,26,2.275
58,26,2.308
56,26,2.319
54,26,2.315
52,26,2.304
50,26,2.295
48,26,2.284
46,26,2.280
44,26,2.285
42,26,2.281
40,26,2.267
38,26,2.259
36,26,2.242
34,26,2.225
32,26,2.211
30,26,2.187
28,26,2.125
26,26,1.997
24,26,1.776
22,26,1.525
20,26,1.370
18,26,1.398
16,26,1.606
14,26,1.885
12,26,2.068
10,26,2.126
8,26,2.131
6,26,2.131
4,26,2.123
2,26,2.113
0,26,2.098
0,28,2.082
2,28,2.083
4,28,2.081
6,28,2.083
8,28,2.081
10,28,2.076
12,28,2.076
14,28,2.085
16,28,2.092
18,28,2.091
20,28,2.090
22,28,2.088
24,28,2.087
26,28,2.084
28,28,2.056
30,28,1.989
32,28,1.851
34,28,1.665
36,28,1.506
38,28,1.434
40,28,1.491
42,28,1.637
44,28,1.819
46,28,1.963
48,28,2.054
50,28,2.101
52,28,2.124
54,28,2.132
56,28,2.139
58,28,2.152
60,28,2.159
62,28,2.174
64,28,2.178
66,28,2.174
68,28,2.176
70,28,2.179
72,28,2.182
74,28,2.190
76,28,2.207
78,28,2.208
80,28,2.195
82,28,2.161
84,28,2.112
86,28,2.052
88,28,1.990
90,28,1.946
92,28,1.900
94,28,1.868
96,28,1.860
98,28,1.847
100,28,1.841
102,28,1.845
104,28,1.858
106,28,1.886
108,28,1.922
110,28,1.954
112,28,1.983
114,28,1.998
116,28,2.003
118,28,2.000
120,28,1.989
122,28,1.975
124,28,1.960
126,28,1.940
128,28,1.921
130,28,1.898
132,28,1.877
134,28,1.858
136,28,1.846
138,28,1.837
140,28,1.832
142,28,1.827
144,28,1.816
146,28,1.806
148,28,1.794
150,28,1.787
150,30,1.770
148,30,1.772
146,30,1.773
144,30,1.781
142,30,1.788
140,30,1.794
138,30,1.800
136,30,1.809
134,30,1.817
132,30,1.821
130,30,1.827
128,30,1.836
126,30,1.842
124,30,1.848
122,30,1.859
120,30,1.872
118,30,1.885
116,30,1.902
114,30,1.927
112,30,1.951
110,30,1.968
108,30,1.986
106,30,2.002
104,30,2.020
102,30,2.040
100,30,2.050
98,30,2.052
96,30,2.053
94,30,2.049
92,30,2.051
90,30,2.049
88,30,2.051
86,30,2.051
84,30,2.063
82,30,2.071
80,30,2.075
78,30,2.087
76,30,2.102
74,30,2.129
72,30,2.157
70,30,2.184
68,30,2.215
66,30,2.243
64,30,2.266
62,30,2.287
60,30,2.299
58,30,2.303
56,30,2.295
54,30,2.287
52,30,2.274
50,30,2.267
48,30,2.272
46,30,2.265
44,30,2.258
42,30,2.249
40,30,2.238
38,30,2.231
36,30,2.223
34,30,2.215
32,30,2.198
30,30,2.167
28,30,2.126
26,30,2.049
24,30,1.951
22,30,1.858
20,30,1.822
18,30,1.885
16,30,2.000
14,30,2.081
12,30,2.116
10,30,2.127
8,30,2.128
6,30,2.125
4,30,2.112
2,30,2.101
0,30,2.098
0,32,2.078
2,32,2.078
4,32,2.079
6,32,2.081
8,32,2.084
10,32,2.087
12,32,2.079
14,32,2.067
16,32,2.072
18,32,2.063
20,32,2.072
22,32,2.077
24,32,2.078
26,32,2.075
28,32,2.076
30,32,2.062
32,32,2.043
34,32,2.005
36,32,1.955
38,32,1.922
40,32,1.924
42,32,1.951
44,32,1.996
46,32,2.041
48,32,2.073
50,32,2.104
52,32,2.113
54,32,2.124
56,32,2.126
58,32,2.139
60,32,2.154
62,32,2.161
64,32,2.165
66,32,2.167
68,32,2.171
70,32,2.177
72,32,2.172
74,32,2.180
76,32,2.192
78,32,2.195
80,32,2.191
82,32,2.186
84,32,2.181
86,32,2.165
88,32,2.151
90,32,2.140
92,32,2.125
94,32,2.110
96,32,2.104
98,32,2.097
100,32,2.096
102,32,2.092
104,32,2.083
106,32,2.072
108,32,2.062
110,32,2.059
112,32,2.050
114,32,2.038
116,32,2.024
118,32,2.009
120,32,1.986
122,32,1.965
124,32,1.948
126,32,1.932
128,32,1.909
130,32,1.886
132,32,1.862
134,32,1.843
136,32,1.828
138,32,1.821
140,32,1.815
142,32,1.807
144,32,1.802
146,32,1.791
148,32,1.780
150,32,1.769
150,34,1.750
148,34,1.754
146,34,1.759
144,34,1.766
142,34,1.770
140,34,1.778
138,34,1.783
136,34,1.791
134,34,1.800
132,34,1.808
130,34,1.814
128,34,1.822
126,34,1.831
124,34,1.840
122,34,1.852
120,34,1.869
118,34,1.888
116,34,1.908
114,34,1.928
112,34,1.947
110,34,1.966
108,34,1.989
106,34,2.006
104,34,2.024
102,34,2.038
100,34,2.060
98,34,2.071
96,34,2.087
94,34,2.101
92,34,2.109
90,34,2.125
88,34,2.147
86,34,2.156
84,34,2.167
82,34,2.174
80,34,2.184
78,34,2.194
76,34,2.215
74,34,2.227
72,34,2.240
70,34,2.245
68,34,2.255
66,34,2.262
64,34,2.271
62,34,2.274
60,34,2.274
58,34,2.271
56,34,2.272
54,34,2.269
52,34,2.264
50,34,2.263
48,34,2.261
46,34,2.259
44,34,2.253
42,34,2.249
40,34,2.238
38,34,2.218
36,34,2.205
34,34,2.205
32,34,2.197
30,34,2.179
28,34,2.155
26,34,2.128
24,34,2.112
22,34,2.117
20,34,2.119
18,34,2.127
16,34,2.135
14,34,2.135
12,34,2.128
10,34,2.124
8,34,2.116
6,34,2.113
4,34,2.110
2,34,2.102
0,34,2.100
0,36,2.080
2,36,2.084
4,36,2.078
6,36,2.077
8,36,2.071
10,36,2.072
12,36,2.070
14,36,2.071
16,36,2.070
18,36,2.065
20,36,2.063
22,36,2.068
24,36,2.068
26,36,2.068
28,36,2.083
30,36,2.089
32,36,2.087
34,36,2.086
36,36,2.085
38,36,2.079
40,36,2.068
42,36,2.065
44,36,2.061
46,36,2.066
48,36,2.079
50,36,2.102
52,36,2.112
54,36,2.128
56,36,2.137
58,36,2.124
60,36,2.144
62,36,2.153
64,36,2.164
66,36,2.158
68,36,2.161
70,36,2.170
72,36,2.171
74,36,2.173
76,36,2.175
78,36,2.178
80,36,2.170
82,36,2.167
84,36,2.172
86,36,2.174
88,36,2.165
90,36,2.161
92,36,2.154
94,36,2.145
96,36,2.142
98,36,2.138
100,36,2.132
102,36,2.114
104,36,2.094
106,36,2.083
108,36,2.068
110,36,2.059
112,36,2.049
114,36,2.032
116,36,2.011
118,36,1.999
120,36,1.982
122,36,1.964
124,36,1.942
126,36,1.918
128,36,1.892
130,36,1.874
132,36,1.849
134,36,1.833
136,36,1.820
138,36,1.810
140,36,1.799
142,36,1.791
144,36,1.784
146,36,1.776
148,36,1.762
150,36,1.745
150,38,1.731
148,38,1.735
146,38,1.738
144,38,1.745
142,38,1.756
140,38,1.767
138,38,1.775
136,38,1.785
134,38,1.790
132,38,1.791
130,38,1.799
128,38,1.806
126,38,1.818
124,38,1.825
122,38,1.843
120,38,1.860
118,38,1.876
116,38,1.897
114,38,1.917
112,38,1.940
110,38,1.963
108,38,1.982
106,38,1.996
104,38,2.015
102,38,2.033
100,38,2.051
98,38,2.069
96,38,2.080
94,38,2.096
92,38,2.112
90,38,2.129
88,38,2.142
86,38,2.151
84,38,2.167
82,38,2.179
80,38,2.187
78,38,2.202
76,38,2.211
74,38,2.222
72,38,2.228
70,38,2.233
68,38,2.240
66,38,2.246
64,38,2.246
62,38,2.251
60,38,2.252
58,38,2.248
56,38,2.252
54,38,2.253
52,38,2.256
50,38,2.260
48,38,2.260
46,38,2.259
44,38,2.248
42,38,2.229
40,38,2.219
38,38,2.216
36,38,2.209
34,38,2.204
32,38,2.186
30,38,2.166
28,38,2.154
26,38,2.143
24,38,2.145
22,38,2.150
20,38,2.157
18,38,2.158
16,38,2.147
14,38,2.136
12,38,2.127
10,38,2.118
8,38,2.113
6,38,2.112
4,38,2.103
2,38,2.099
0,38,2.097
0,40,2.075
2,40,2.075
4,40,2.079
6,40,2.078
8,40,2.078
10,40,2.071
12,40,2.064
14,40,2.062
16,40,2.060
18,40,2.063
20,40,2.072
22,40,2.080
24,40,2.080
26,40,2.082
28,40,2.083
30,40,2.084
32,40,2.092
34,40,2.096
36,40,2.097
38,40,2.093
40,40,2.085
42,40,2.081
44,40,2.073
46,40,2.080
48,40,2.091
50,40,2.105
52,40,2.110
54,40,2.120
56,40,2.131
58,40,2.133
60,40,2.140
62,40,2.146
64,40,2.158
66,40,2.161
68,40,2.160
70,40,2.160
72,40,2.159
74,40,2.156
76,40,2.158
78,40,2.164
80,40,2.154
82,40,2.155
84,40,2.151
86,40,2.159
88,40,2.155
90,40,2.149
92,40,2.134
94,40,2.125
96,40,2.126
98,40,2.125
100,40,2.118
102,40,2.101
104,40,2.082
106,40,2.067
108,40,2.049
110,40,2.040
112,40,2.027
114,40,2.013
116,40,1.995
118,40,1.985
120,40,1.964
122,40,1.944
124,40,1.922
126,40,1.902
128,40,1.878
130,40,1.858
132,40,1.837
134,40,1.819
136,40,1.802
138,40,1.794
140,40,1.781
142,40,1.775
144,40,1.769
146,40,1.758
148,40,1.746
150,40,1.735
150,42,1.725
148,42,1.732
146,42,1.739
144,42,1.743
142,42,1.747
140,42,1.756
138,42,1.766
136,42,1.778
134,42,1.783
132,42,1.785
130,42,1.787
128,42,1.796
126,42,1.809
124,42,1.824
122,42,1.837
120,42,1.849
118,42,1.868
116,42,1.893
114,42,1.914
112,42,1.936
110,42,1.955
108,42,1.975
106,42,1.992
104,42,2.006
102,42,2.022
100,42,2.041
98,42,2.061
96,42,2.069
94,42,2.080
92,42,2.098
90,42,2.114
88,42,2.128
86,42,2.141
84,42,2.162
82,42,2.174
80,42,2.182
78,42,2.189
76,42,2.205
74,42,2.216
72,42,2.227
70,42,2.235
68,42,2.240
66,42,2.240
64,42,2.240
62,42,2.241
60,42,2.242
58,42,2.254
56,42,2.258
54,42,2.243
52,42,2.249
50,42,2.261
48,42,2.265
46,42,2.258
44,42,2.249
42,42,2.225
40,42,2.217
38,42,2.218
36,42,2.209
34,42,2.199
32,42,2.184
30,42,2.175
28,42,2.167
26,42,2.158
24,42,2.148
22,42,2.142
20,42,2.141
18,42,2.143
16,42,2.147
14,42,2.144
12,42,2.122
10,42,2.107
8,42,2.103
6,42,2.097
4,42,2.090
2,42,2.088
0,42,2.084
0,44,2.062
2,44,2.067
4,44,2.070
6,44,2.067
8,44,2.064
10,44,2.063
12,44,2.061
14,44,2.055
16,44,2.053
18,44,2.064
20,44,2.068
22,44,2.068
24,44,2.065
26,44,2.067
28,44,2.078
30,44,2.094
32,44,2.092
34,44,2.091
36,44,2.083
38,44,2.084
40,44,2.090
42,44,2.091
44,44,2.101
46,44,2.098
48,44,2.104
50,44,2.109
52,44,2.122
54,44,2.126
56,44,2.125
58,44,2.128
60,44,2.135
62,44,2.144
64,44,2.155
66,44,2.158
68,44,2.162
70,44,2.160
72,44,2.159
74,44,2.158
76,44,2.163
78,44,2.158
80,44,2.149
82,44,2.140
84,44,2.140
86,44,2.145
88,44,2.148
90,44,2.145
92,44,2.141
94,44,2.122
96,44,2.111
98,44,2.114
100,44,2.107
102,44,2.077
104,44,2.064
106,44,2.056
108,44,2.036
110,44,2.019
112,44,2.008
114,44,1.996
116,44,1.982
118,44,1.964
120,44,1.948
122,44,1.934
124,44,1.916
126,44,1.889
128,44,1.866
130,44,1.845
132,44,1.823
134,44,1.808
136,44,1.791
138,44,1.779
140,44,1.773
142,44,1.768
144,44,1.757
146,44,1.751
148,44,1.742
150,44,1.729
150,46,1.719
148,46,1.727
146,46,1.733
144,46,1.738
142,46,1.747
140,46,1.750
138,46,1.756
136,46,1.761
134,46,1.767
132,46,1.775
130,46,1.783
128,46,1.795
126,46,1.807
124,46,1.815
122,46,1.826
120,46,1.845
118,46,1.862
116,46,1.885
114,46,1.912
112,46,1.927
110,46,1.942
108,46,1.960
106,46,1.983
104,46,1.994
102,46,2.005
100,46,2.022
98,46,2.035
96,46,2.049
94,46,2.058
92,46,2.076
90,46,2.090
88,46,2.111
86,46,2.135
84,46,2.155
82,46,2.165
80,46,2.172
78,46,2.185
76,46,2.204
74,46,2.209
72,46,2.211
70,46,2.207
68,46,2.210
66,46,2.213
64,46,2.214
62,46,2.217
60,46,2.224
58,46,2.228
56,46,2.235
54,46,2.240
52,46,2.246
50,46,2.252
48,46,2.254
46,46,2.247
44,46,2.237
42,46,2.219
40,46,2.206
38,46,2.198
36,46,2.203
34,46,2.192
32,46,2.183
30,46,2.174
28,46,2.170
26,46,2.160
24,46,2.146
22,46,2.143
20,46,2.137
18,46,2.135
16,46,2.136
14,46,2.127
12,46,2.112
10,46,2.100
8,46,2.096
6,46,2.086
4,46,2.081
2,46,2.080
0,46,2.075
0,48,2.057
2,48,2.060
4,48,2.054
6,48,2.053
8,48,2.052
10,48,2.051
12,48,2.059
14,48,2.059
16,48,2.061
18,48,2.058
20,48,2.058
22,48,2.062
24,48,2.059
26,48,2.062
28,48,2.069
30,48,2.075
32,48,2.082
34,48,2.084
36,48,2.077
38,48,2.078
40,48,2.083
42,48,2.089
44,48,2.093
46,48,2.101
48,48,2.106
50,48,2.100
52,48,2.101
54,48,2.105
56,48,2.115
58,48,2.129
60,48,2.141
62,48,2.150
64,48,2.158
66,48,2.162
68,48,2.164
70,48,2.161
72,48,2.152
74,48,2.140
76,48,2.135
78,48,2.131
80,48,2.122
82,48,2.119
84,48,2.129
86,48,2.133
88,48,2.134
90,48,2.129
92,48,2.123
94,48,2.110
96,48,2.100
98,48,2.094
100,48,2.081
102,48,2.064
104,48,2.055
106,48,2.035
108,48,2.016
110,48,2.002
112,48,1.990
114,48,1.980
116,48,1.967
118,48,1.947
120,48,1.933
122,48,1.914
124,48,1.897
126,48,1.873
128,48,1.848
130,48,1.828
132,48,1.810
134,48,1.797
136,48,1.785
138,48,1.773
140,48,1.761
142,48,1.749
144,48,1.744
146,48,1.737
148,48,1.727
150,48,1.717
150,50,1.707
148,50,1.710
146,50,1.715
144,50,1.722
142,50,1.729
140,50,1.734
138,50,1.742
136,50,1.750
134,50,1.758
132,50,1.771
130,50,1.784
128,50,1.793
126,50,1.803
124,50,1.812
122,50,1.823
120,50,1.837
118,50,1.855
116,50,1.872
114,50,1.894
112,50,1.913
110,50,1.932
108,50,1.949
106,50,1.966
104,50,1.978
102,50,1.992
100,50,2.009
98,50,2.028
96,50,2.040
94,50,2.057
92,50,2.076
90,50,2.092
88,50,2.107
86,50,2.124
84,50,2.139
82,50,2.156
80,50,2.172
78,50,2.191
76,50,2.200
74,50,2.205
72,50,2.201
70,50,2.195
68,50,2.196
66,50,2.204
64,50,2.213
62,50,2.211
60,50,2.212
58,50,2.219
56,50,2.233
54,50,2.240
52,50,2.242
50,50,2.240
48,50,2.231
46,50,2.219
44,50,2.215
42,50,2.207
40,50,2.198
38,50,2.183
36,50,2.175
34,50,2.174
32,50,2.184
30,50,2.184
28,50,2.168
26,50,2.152
24,50,2.142
22,50,2.134
20,50,2.133
18,50,2.131
16,50,2.120
14,50,2.105
12,50,2.103
10,50,2.098
8,50,2.098
6,50,2.092
4,50,2.087
2,50,2.085
0,50,2.082
0,52,2.063
2,52,2.070
4,52,2.066
6,52,2.063
8,52,2.061
10,52,2.059
12,52,2.061
14,52,2.062
16,52,2.067
18,52,2.067
20,52,2.064
22,52,2.060
24,52,2.057
26,52,2.055
28,52,2.054
30,52,2.060
32,52,2.067
34,52,2.073
36,52,2.075
38,52,2.080
40,52,2.083
42,52,2.088
44,52,2.095
46,52,2.099
48,52,2.109
50,52,2.099
52,52,2.111
54,52,2.107
56,52,2.098
58,52,2.105
60,52,2.120
62,52,2.135
64,52,2.143
66,52,2.150
68,52,2.157
70,52,2.157
72,52,2.155
74,52,2.150
76,52,2.145
78,52,2.136
80,52,2.131
82,52,2.134
84,52,2.132
86,52,2.134
88,52,2.128
90,52,2.130
92,52,2.127
94,52,2.121
96,52,2.105
98,52,2.098
100,52,2.080
102,52,2.065
104,52,2.059
106,52,2.039
108,52,2.027
110,52,2.015
112,52,1.999
114,52,1.975
116,52,1.950
118,52,1.932
120,52,1.914
122,52,1.905
124,52,1.889
126,52,1.870
128,52,1.855
130,52,1.837
132,52,1.818
134,52,1.804
136,52,1.787
138,52,1.771
140,52,1.754
142,52,1.736
144,52,1.722
146,52,1.711
148,52,1.704
150,52,1.698
150,54,1.685
148,54,1.692
146,54,1.696
144,54,1.699
142,54,1.707
140,54,1.716
138,54,1.727
136,54,1.737
134,54,1.750
132,54,1.764
130,54,1.779
128,54,1.794
126,54,1.807
124,54,1.822
122,54,1.836
120,54,1.851
118,54,1.865
116,54,1.883
114,54,1.896
112,54,1.909
110,54,1.922
108,54,1.937
106,54,1.947
104,54,1.968
102,54,1.994
100,54,2.016
98,54,2.036
96,54,2.048
94,54,2.064
92,54,2.073
90,54,2.086
88,54,2.102
86,54,2.122
84,54,2.145
82,54,2.162
80,54,2.175
78,54,2.187
76,54,2.193
74,54,2.202
72,54,2.203
70,54,2.203
68,54,2.202
66,54,2.205
64,54,2.209
62,54,2.214
60,54,2.220
58,54,2.224
56,54,2.221
54,54,2.227
52,54,2.232
50,54,2.231
48,54,2.226
46,54,2.217
44,54,2.207
42,54,2.191
40,54,2.181
38,54,2.175
36,54,2.180
34,54,2.185
32,54,2.183
30,54,2.167
28,54,2.166
26,54,2.158
24,54,2.151
22,54,2.138
20,54,2.135
18,54,2.123
16,54,2.103
14,54,2.089
12,54,2.088
10,54,2.097
8,54,2.101
6,54,2.099
4,54,2.094
2,54,2.085
0,54,2.077
0,56,2.073
2,56,2.070
4,56,2.067
6,56,2.065
8,56,2.072
10,56,2.072
12,56,2.070
14,56,2.068
16,56,2.072
18,56,2.076
20,56,2.068
22,56,2.062
24,56,2.054
26,56,2.048
28,56,2.054
30,56,2.054
32,56,2.060
34,56,2.069
36,56,2.079
38,56,2.089
40,56,2.091
42,56,2.089
44,56,2.085
46,56,2.095
48,56,2.103
50,56,2.111
52,56,2.103
54,56,2.103
56,56,2.099
58,56,2.104
60,56,2.115
62,56,2.126
64,56,2.130
66,56,2.126
68,56,2.132
70,56,2.140
72,56,2.144
74,56,2.141
76,56,2.137
78,56,2.124
80,56,2.118
82,56,2.118
84,56,2.117
86,56,2.110
88,56,2.113
90,56,2.113
92,56,2.115
94,56,2.111
96,56,2.099
98,56,2.087
100,56,2.073
102,56,2.052
104,56,2.040
106,56,2.028
108,56,2.018
110,56,2.005
112,56,1.988
114,56,1.970
116,56,1.946
118,56,1.921
120,56,1.904
122,56,1.886
124,56,1.876
126,56,1.864
128,56,1.851
130,56,1.833
132,56,1.812
134,56,1.793
136,56,1.780
138,56,1.764
140,56,1.746
142,56,1.728
144,56,1.709
146,56,1.692
148,56,1.680
150,56,1.674
150,58,1.669
148,58,1.673
146,58,1.678
144,58,1.686
142,58,1.693
140,58,1.702
138,58,1.714
136,58,1.726
134,58,1.739
132,58,1.750
130,58,1.765
128,58,1.781
126,58,1.799
124,58,1.816
122,58,1.826
120,58,1.844
118,58,1.863
116,58,1.868
114,58,1.882
112,58,1.891
110,58,1.908
108,58,1.928
106,58,1.947
104,58,1.965
102,58,1.986
100,58,2.006
98,58,2.025
96,58,2.035
94,58,2.044
92,58,2.055
90,58,2.071
88,58,2.089
86,58,2.104
84,58,2.123
82,58,2.144
80,58,2.166
78,58,2.177
76,58,2.183
74,58,2.187
72,58,2.187
70,58,2.189
68,58,2.189
66,58,2.196
64,58,2.200
62,58,2.209
60,58,2.213
58,58,2.218
56,58,2.222
54,58,2.218
52,58,2.215
50,58,2.209
48,58,2.205
46,58,2.192
44,58,2.195
42,58,2.190
40,58,2.185
38,58,2.183
36,58,2.179
34,58,2.177
32,58,2.182
30,58,2.176
28,58,2.160
26,58,2.148
24,58,2.146
22,58,2.149
20,58,2.142
18,58,2.121
16,58,2.106
14,58,2.094
12,58,2.092
10,58,2.095
8,58,2.097
6,58,2.097
4,58,2.096
2,58,2.100
0,58,2.096
0,60,2.076
2,60,2.081
4,60,2.082
6,60,2.075
8,60,2.073
10,60,2.071
12,60,2.077
14,60,2.078
16,60,2.079
18,60,2.080
20,60,2.080
22,60,2.070
24,60,2.061
26,60,2.058
28,60,2.064
30,60,2.066
32,60,2.070
34,60,2.083
36,60,2.096
38,60,2.104
40,60,2.100
42,60,2.094
44,60,2.096
46,60,2.100
48,60,2.105
50,60,2.112
52,60,2.109
54,60,2.111
56,60,2.114
58,60,2.118
60,60,2.122
62,60,2.124
64,60,2.122
66,60,2.125
68,60,2.127
70,60,2.127
72,60,2.130
74,60,2.136
76,60,2.142
78,60,2.133
80,60,2.121
82,60,2.115
84,60,2.105
86,60,2.110
88,60,2.101
90,60,2.097
92,60,2.101
94,60,2.099
96,60,2.086
98,60,2.063
100,60,2.044
102,60,2.035
104,60,2.015
106,60,2.000
108,60,1.992
110,60,1.988
112,60,1.979
114,60,1.962
116,60,1.941
118,60,1.915
120,60,1.890
122,60,1.876
124,60,1.865
126,60,1.845
128,60,1.828
130,60,1.816
132,60,1.798
134,60,1.777
136,60,1.761
138,60,1.746
140,60,1.732
142,60,1.717
144,60,1.702
146,60,1.688
148,60,1.675
150,60,1.663
150,62,1.656
148,62,1.666
146,62,1.674
144,62,1.682
142,62,1.688
140,62,1.698
138,62,1.711
136,62,1.723
134,62,1.736
132,62,1.745
130,62,1.758
128,62,1.769
126,62,1.783
124,62,1.801
122,62,1.810
120,62,1.826
118,62,1.839
116,62,1.856
114,62,1.873
112,62,1.886
110,62,1.899
108,62,1.919
106,62,1.939
104,62,1.963
102,62,1.980
100,62,1.998
98,62,2.009
96,62,2.019
94,62,2.029
92,62,2.042
90,62,2.063
88,62,2.079
86,62,2.098
84,62,2.118
82,62,2.143
80,62,2.159
78,62,2.165
76,62,2.168
74,62,2.172
72,62,2.175
70,62,2.178
68,62,2.180
66,62,2.184
64,62,2.195
62,62,2.206
60,62,2.220
58,62,2.222
56,62,2.221
54,62,2.212
52,62,2.206
50,62,2.205
48,62,2.207
46,62,2.195
44,62,2.190
42,62,2.193
40,62,2.199
38,62,2.202
36,62,2.201
34,62,2.187
32,62,2.189
30,62,2.176
28,62,2.159
26,62,2.157
24,62,2.148
22,62,2.145
20,62,2.136
18,62,2.125
16,62,2.115
14,62,2.106
12,62,2.097
10,62,2.096
8,62,2.095
6,62,2.092
4,62,2.093
2,62,2.091
0,62,2.090
0,64,2.070
2,64,2.072
4,64,2.081
6,64,2.077
8,64,2.071
10,64,2.071
12,64,2.072
14,64,2.069
16,64,2.065
18,64,2.064
20,64,2.067
22,64,2.069
24,64,2.074
26,64,2.074
28,64,2.074
30,64,2.075
32,64,2.080
34,64,2.084
36,64,2.093
38,64,2.096
40,64,2.105
42,64,2.104
44,64,2.102
46,64,2.103
48,64,2.105
50,64,2.111
52,64,2.114
54,64,2.119
56,64,2.125
58,64,2.127
60,64,2.127
62,64,2.122
64,64,2.124
66,64,2.124
68,64,2.123
70,64,2.124
72,64,2.132
74,64,2.138
76,64,2.131
78,64,2.124
80,64,2.112
82,64,2.104
84,64,2.097
86,64,2.091
88,64,2.087
90,64,2.087
92,64,2.083
94,64,2.071
96,64,2.066
98,64,2.054
100,64,2.042
102,64,2.025
104,64,1.998
106,64,1.985
108,64,1.975
110,64,1.969
112,64,1.961
114,64,1.946
116,64,1.925
118,64,1.898
120,64,1.874
122,64,1.854
124,64,1.838
126,64,1.825
128,64,1.811
130,64,1.790
132,64,1.773
134,64,1.758
136,64,1.747
138,64,1.735
140,64,1.721
142,64,1.709
144,64,1.694
146,64,1.679
148,64,1.664
150,64,1.651
150,66,1.644
148,66,1.654
146,66,1.662
144,66,1.671
142,66,1.683
140,66,1.692
138,66,1.704
136,66,1.715
134,66,1.726
132,66,1.735
130,66,1.743
128,66,1.756
126,66,1.768
124,66,1.783
122,66,1.798
120,66,1.814
118,66,1.823
116,66,1.836
114,66,1.856
112,66,1.873
110,66,1.890
108,66,1.907
106,66,1.930
104,66,1.948
102,66,1.965
100,66,1.981
98,66,1.997
96,66,2.007
94,66,2.017
92,66,2.040
90,66,2.058
88,66,2.081
86,66,2.095
84,66,2.111
82,66,2.127
80,66,2.141
78,66,2.151
76,66,2.156
74,66,2.155
72,66,2.154
70,66,2.161
68,66,2.177
66,66,2.199
64,66,2.207
62,66,2.213
60,66,2.211
58,66,2.212
56,66,2.207
54,66,2.208
52,66,2.206
50,66,2.206
48,66,2.204
46,66,2.200
44,66,2.194
42,66,2.194
40,66,2.194
38,66,2.184
36,66,2.185
34,66,2.185
32,66,2.179
30,66,2.173
28,66,2.166
26,66,2.157
24,66,2.156
22,66,2.147
20,66,2.135
18,66,2.130
16,66,2.128
14,66,2.129
12,66,2.125
10,66,2.112
8,66,2.101
6,66,2.089
4,66,2.080
2,66,2.078
0,66,2.085
0,68,2.076
2,68,2.077
4,68,2.075
6,68,2.072
8,68,2.068
10,68,2.063
12,68,2.062
14,68,2.060
16,68,2.066
18,68,2.073
20,68,2.074
22,68,2.078
24,68,2.087
26,68,2.093
28,68,2.096
30,68,2.097
32,68,2.098
34,68,2.097
36,68,2.096
38,68,2.099
40,68,2.099
42,68,2.099
44,68,2.100
46,68,2.098
48,68,2.108
50,68,2.115
52,68,2.123
54,68,2.122
56,68,2.121
58,68,2.118
60,68,2.116
62,68,2.123
64,68,2.125
66,68,2.123
68,68,2.128
70,68,2.128
72,68,2.123
74,68,2.122
76,68,2.126
78,68,2.127
80,68,2.121
82,68,2.111
84,68,2.100
86,68,2.086
88,68,2.077
90,68,2.068
92,68,2.072
94,68,2.069
96,68,2.066
98,68,2.052
100,68,2.031
102,68,2.018
104,68,2.003
106,68,1.991
108,68,1.977
110,68,1.961
112,68,1.949
114,68,1.931
116,68,1.913
118,68,1.894
120,68,1.874
122,68,1.855
124,68,1.838
126,68,1.823
128,68,1.806
130,68,1.788
132,68,1.770
134,68,1.752
136,68,1.739
138,68,1.722
140,68,1.709
142,68,1.697
144,68,1.684
146,68,1.670
148,68,1.663
150,68,1.653
150,70,1.647
148,70,1.654
146,70,1.662
144,70,1.669
142,70,1.677
140,70,1.684
138,70,1.691
136,70,1.704
134,70,1.715
132,70,1.723
130,70,1.734
128,70,1.750
126,70,1.766
124,70,1.783
122,70,1.797
120,70,1.811
118,70,1.827
116,70,1.844
114,70,1.860
112,70,1.873
110,70,1.890
108,70,1.907
106,70,1.928
104,70,1.948
102,70,1.958
100,70,1.974
98,70,1.986
96,70,2.004
94,70,2.024
92,70,2.041
90,70,2.054
88,70,2.071
86,70,2.089
84,70,2.108
82,70,2.118
80,70,2.133
78,70,2.134
76,70,2.133
74,70,2.135
72,70,2.149
70,70,2.169
68,70,2.180
66,70,2.192
64,70,2.199
62,70,2.204
60,70,2.207
58,70,2.203
56,70,2.197
54,70,2.200
52,70,2.207
50,70,2.212
48,70,2.208
46,70,2.197
44,70,2.189
42,70,2.184
40,70,2.184
38,70,2.181
36,70,2.185
34,70,2.187
32,70,2.180
30,70,2.166
28,70,2.155
26,70,2.155
24,70,2.159
22,70,2.155
20,70,2.147
18,70,2.146
16,70,2.142
14,70,2.140
12,70,2.133
10,70,2.125
8,70,2.119
6,70,2.106
4,70,2.094
2,70,2.078
0,70,2.083
0,72,2.070
2,72,2.069
4,72,2.070
6,72,2.073
8,72,2.071
10,72,2.067
12,72,2.065
14,72,2.076
16,72,2.083
18,72,2.087
20,72,2.090
22,72,2.094
24,72,2.099
26,72,2.101
28,72,2.104
30,72,2.106
32,72,2.107
34,72,2.107
36,72,2.105
38,72,2.108
40,72,2.098
42,72,2.096
44,72,2.091
46,72,2.107
48,72,2.107
50,72,2.111
52,72,2.113
54,72,2.116
56,72,2.119
58,72,2.117
60,72,2.110
62,72,2.113
64,72,2.124
66,72,2.128
68,72,2.125
70,72,2.120
72,72,2.118
74,72,2.119
76,72,2.123
78,72,2.118
80,72,2.108
82,72,2.100
84,72,2.088
86,72,2.079
88,72,2.059
90,72,2.052
92,72,2.044
94,72,2.046
96,72,2.046
98,72,2.033
100,72,2.019
102,72,2.007
104,72,1.994
106,72,1.971
108,72,1.957
110,72,1.949
112,72,1.936
114,72,1.919
116,72,1.902
118,72,1.882
120,72,1.861
122,72,1.847
124,72,1.838
126,72,1.827
128,72,1.811
130,72,1.791
132,72,1.769
134,72,1.747
136,72,1.728
138,72,1.713
140,72,1.699
142,72,1.687
144,72,1.675
146,72,1.666
148,72,1.653
150,72,1.644
150,74,1.634
148,74,1.643
146,74,1.650
144,74,1.659
142,74,1.667
140,74,1.673
138,74,1.683
136,74,1.691
134,74,1.700
132,74,1.711
130,74,1.725
128,74,1.743
126,74,1.762
124,74,1.777
122,74,1.791
120,74,1.808
118,74,1.823
116,74,1.846
114,74,1.860
112,74,1.872
110,74,1.888
108,74,1.905
106,74,1.923
104,74,1.932
102,74,1.941
100,74,1.954
98,74,1.974
96,74,1.990
94,74,2.004
92,74,2.014
90,74,2.031
88,74,2.049
86,74,2.064
84,74,2.086
82,74,2.092
80,74,2.102
78,74,2.107
76,74,2.117
74,74,2.119
72,74,2.127
70,74,2.142
68,74,2.163
66,74,2.174
64,74,2.185
62,74,2.193
60,74,2.196
58,74,2.199
56,74,2.191
54,74,2.201
52,74,2.200
50,74,2.207
48,74,2.206
46,74,2.196
44,74,2.187
42,74,2.188
40,74,2.180
38,74,2.179
36,74,2.178
34,74,2.178
32,74,2.170
30,74,2.155
28,74,2.146
26,74,2.150
24,74,2.155
22,74,2.145
20,74,2.140
18,74,2.140
16,74,2.146
14,74,2.144
12,74,2.127
10,74,2.120
8,74,2.110
6,74,2.104
4,74,2.097
2,74,2.089
0,74,2.084
0,76,2.061
2,76,2.064
4,76,2.066
6,76,2.067
8,76,2.071
10,76,2.068
12,76,2.074
14,76,2.068
16,76,2.072
18,76,2.081
20,76,2.082
22,76,2.088
24,76,2.092
26,76,2.096
28,76,2.108
30,76,2.105
32,76,2.099
34,76,2.092
36,76,2.094
38,76,2.097
40,76,2.096
42,76,2.089
44,76,2.083
46,76,2.090
48,76,2.102
50,76,2.107
52,76,2.103
54,76,2.102
56,76,2.108
58,76,2.114
60,76,2.116
62,76,2.119
64,76,2.122
66,76,2.123
68,76,2.122
70,76,2.119
72,76,2.115
74,76,2.110
76,76,2.107
78,76,2.105
80,76,2.100
82,76,2.092
84,76,2.069
86,76,2.063
88,76,2.056
90,76,2.039
92,76,2.025
94,76,2.016
96,76,2.019
98,76,2.010
100,76,1.988
102,76,1.972
104,76,1.960
106,76,1.948
108,76,1.937
110,76,1.926
112,76,1.912
114,76,1.903
116,76,1.894
118,76,1.884
120,76,1.872
122,76,1.858
124,76,1.838
126,76,1.816
128,76,1.798
130,76,1.776
132,76,1.748
134,76,1.723
136,76,1.703
138,76,1.685
140,76,1.672
142,76,1.660
144,76,1.649
146,76,1.640
148,76,1.630
150,76,1.622
150,78,1.612
148,78,1.618
146,78,1.624
144,78,1.628
142,78,1.634
140,78,1.640
138,78,1.645
136,78,1.650
134,78,1.654
132,78,1.667
130,78,1.682
128,78,1.703
126,78,1.724
124,78,1.748
122,78,1.776
120,78,1.800
118,78,1.821
116,78,1.845
114,78,1.869
112,78,1.886
110,78,1.904
108,78,1.921
106,78,1.936
104,78,1.947
102,78,1.949
100,78,1.954
98,78,1.959
96,78,1.962
94,78,1.973
92,78,1.991
90,78,2.006
88,78,2.020
86,78,2.037
84,78,2.056
82,78,2.072
80,78,2.078
78,78,2.088
76,78,2.103
74,78,2.110
72,78,2.117
70,78,2.133
68,78,2.145
66,78,2.161
64,78,2.167
62,78,2.175
60,78,2.183
58,78,2.191
56,78,2.198
54,78,2.195
52,78,2.193
50,78,2.190
48,78,2.196
46,78,2.193
44,78,2.183
42,78,2.181
40,78,2.180
38,78,2.179
36,78,2.167
34,78,2.160
32,78,2.159
30,78,2.154
28,78,2.144
26,78,2.138
24,78,2.132
22,78,2.128
20,78,2.130
18,78,2.130
16,78,2.134
14,78,2.136
12,78,2.127
10,78,2.111
8,78,2.104
6,78,2.096
4,78,2.092
2,78,2.085
0,78,2.078
0,80,2.067
2,80,2.067
4,80,2.066
6,80,2.065
8,80,2.065
10,80,2.069
12,80,2.070
14,80,2.068
16,80,2.074
18,80,2.079
20,80,2.084
22,80,2.081
24,80,2.084
26,80,2.092
28,80,2.102
30,80,2.102
32,80,2.091
34,80,2.090
36,80,2.089
38,80,2.086
40,80,2.086
42,80,2.090
44,80,2.089
46,80,2.099
48,80,2.098
50,80,2.093
52,80,2.096
54,80,2.104
56,80,2.116
58,80,2.116
60,80,2.115
62,80,2.121
64,80,2.128
66,80,2.125
68,80,2.120
70,80,2.112
72,80,2.107
74,80,2.107
76,80,2.106
78,80,2.097
80,80,2.090
82,80,2.077
84,80,2.057
86,80,2.045
88,80,2.037
90,80,2.024
92,80,2.013
94,80,1.995
96,80,1.995
98,80,1.980
100,80,1.967
102,80,1.950
104,80,1.940
106,80,1.926
108,80,1.915
110,80,1.912
112,80,1.913
114,80,1.918
116,80,1.913
118,80,1.904
120,80,1.889
122,80,1.868
124,80,1.844
126,80,1.813
128,80,1.778
130,80,1.745
132,80,1.702
134,80,1.656
136,80,1.618
138,80,1.590
140,80,1.573
142,80,1.567
144,80,1.572
146,80,1.582
148,80,1.593
150,80,1.597
150,82,1.583
148,82,1.576
146,82,1.566
144,82,1.549
142,82,1.531
140,82,1.514
138,82,1.498
136,82,1.490
134,82,1.490
132,82,1.504
130,82,1.534
128,82,1.580
126,82,1.634
124,82,1.688
122,82,1.736
120,82,1.776
118,82,1.815
116,82,1.847
114,82,1.880
112,82,1.905
110,82,1.924
108,82,1.939
106,82,1.948
104,82,1.952
102,82,1.949
100,82,1.951
98,82,1.954
96,82,1.961
94,82,1.967
92,82,1.981
90,82,1.992
88,82,2.002
86,82,2.022
84,82,2.039
82,82,2.049
80,82,2.057
78,82,2.070
76,82,2.078
74,82,2.095
72,82,2.101
70,82,2.119
68,82,2.132
66,82,2.140
64,82,2.147
62,82,2.161
60,82,2.174
58,82,2.180
56,82,2.189
54,82,2.191
52,82,2.198
50,82,2.200
48,82,2.193
46,82,2.192
44,82,2.195
42,82,2.194
40,82,2.190
38,82,2.174
36,82,2.159
34,82,2.157
32,82,2.160
30,82,2.152
28,82,2.145
26,82,2.137
24,82,2.133
22,82,2.128
20,82,2.130
18,82,2.133
16,82,2.131
14,82,2.127
12,82,2.119
10,82,2.109
8,82,2.099
6,82,2.093
4,82,2.091
2,82,2.078
0,82,2.073
0,84,2.056
2,84,2.060
4,84,2.061
6,84,2.063
8,84,2.066
10,84,2.067
12,84,2.067
14,84,2.077
16,84,2.076
18,84,2.078
20,84,2.076
22,84,2.074
24,84,2.076
26,84,2.086
28,84,2.090
30,84,2.095
32,84,2.093
34,84,2.086
36,84,2.083
38,84,2.081
40,84,2.078
42,84,2.074
44,84,2.083
46,84,2.091
48,84,2.093
50,84,2.101
52,84,2.098
54,84,2.100
56,84,2.103
58,84,2.114
60,84,2.122
62,84,2.122
64,84,2.123
66,84,2.114
68,84,2.111
70,84,2.113
72,84,2.103
74,84,2.090
76,84,2.083
78,84,2.081
80,84,2.070
82,84,2.061
84,84,2.048
86,84,2.032
88,84,2.017
90,84,1.997
92,84,1.981
94,84,1.971
96,84,1.965
98,84,1.956
100,84,1.945
102,84,1.935
104,84,1.924
106,84,1.911
108,84,1.903
110,84,1.902
112,84,1.910
114,84,1.918
116,84,1.920
118,84,1.913
120,84,1.892
122,84,1.868
124,84,1.841
126,84,1.803
128,84,1.754
130,84,1.693
132,84,1.616
134,84,1.519
136,84,1.420
138,84,1.348
140,84,1.315
142,84,1.320
144,84,1.355
146,84,1.407
148,84,1.463
150,84,1.512
150,86,1.500
148,86,1.469
146,86,1.429
144,86,1.383
142,86,1.329
140,86,1.277
138,86,1.239
136,86,1.222
134,86,1.231
132,86,1.272
130,86,1.340
128,86,1.429
126,86,1.528
124,86,1.623
122,86,1.700
120,86,1.758
118,86,1.801
116,86,1.836
114,86,1.867
112,86,1.888
110,86,1.905
108,86,1.920
106,86,1.926
104,86,1.926
102,86,1.926
100,86,1.929
98,86,1.932
96,86,1.941
94,86,1.953
92,86,1.965
90,86,1.970
88,86,1.977
86,86,1.978
84,86,1.973
82,86,1.961
80,86,1.962
78,86,1.977
76,86,2.008
74,86,2.039
72,86,2.067
70,86,2.092
68,86,2.110
66,86,2.126
64,86,2.139
62,86,2.149
60,86,2.156
58,86,2.164
56,86,2.170
54,86,2.183
52,86,2.191
50,86,2.186
48,86,2.193
46,86,2.191
44,86,2.186
42,86,2.177
40,86,2.171
38,86,2.168
36,86,2.167
34,86,2.167
32,86,2.162
30,86,2.151
28,86,2.140
26,86,2.137
24,86,2.127
22,86,2.123
20,86,2.129
18,86,2.131
16,86,2.127
14,86,2.119
12,86,2.108
10,86,2.099
8,86,2.100
6,86,2.098
4,86,2.088
2,86,2.085
0,86,2.075
0,88,2.061
2,88,2.063
4,88,2.066
6,88,2.064
8,88,2.062
10,88,2.065
12,88,2.076
14,88,2.076
16,88,2.080
18,88,2.080
20,88,2.082
22,88,2.085
24,88,2.076
26,88,2.078
28,88,2.086
30,88,2.091
32,88,2.091
34,88,2.088
36,88,2.073
38,88,2.072
40,88,2.072
42,88,2.077
44,88,2.083
46,88,2.091
48,88,2.098
50,88,2.100
52,88,2.089
54,88,2.091
56,88,2.094
58,88,2.103
60,88,2.106
62,88,2.112
64,88,2.122
66,88,2.117
68,88,2.105
70,88,2.093
72,88,2.088
74,88,2.082
76,88,2.078
78,88,2.071
80,88,2.064
82,88,2.045
84,88,2.025
86,88,1.995
88,88,1.953
90,88,1.907
92,88,1.863
94,88,1.843
96,88,1.851
98,88,1.880
100,88,1.899
102,88,1.906
104,88,1.900
106,88,1.893
108,88,1.885
110,88,1.878
112,88,1.870
114,88,1.868
116,88,1.872
118,88,1.871
120,88,1.861
122,88,1.840
124,88,1.814
126,88,1.786
128,88,1.743
130,88,1.679
132,88,1.583
134,88,1.467
136,88,1.345
138,88,1.240
140,88,1.184
142,88,1.174
144,88,1.204
146,88,1.270
148,88,1.355
150,88,1.437
150,90,1.451
148,90,1.416
146,90,1.367
144,90,1.315
142,90,1.266
140,90,1.225
138,90,1.205
136,90,1.205
134,90,1.234
132,90,1.295
130,90,1.379
128,90,1.476
126,90,1.568
124,90,1.648
122,90,1.710
120,90,1.755
118,90,1.784
116,90,1.807
114,90,1.828
112,90,1.847
110,90,1.858
108,90,1.867
106,90,1.878
104,90,1.882
102,90,1.889
100,90,1.900
98,90,1.913
96,90,1.918
94,90,1.927
92,90,1.933
90,90,1.923
88,90,1.884
86,90,1.814
84,90,1.732
82,90,1.666
80,90,1.649
78,90,1.695
76,90,1.801
74,90,1.916
72,90,2.004
70,90,2.058
68,90,2.086
66,90,2.109
64,90,2.118
62,90,2.136
60,90,2.151
58,90,2.158
56,90,2.160
54,90,2.171
52,90,2.183
50,90,2.193
48,90,2.192
46,90,2.187
44,90,2.181
42,90,2.172
40,90,2.163
38,90,2.151
36,90,2.163
34,90,2.166
32,90,2.159
30,90,2.148
28,90,2.141
26,90,2.139
24,90,2.131
22,90,2.128
20,90,2.125
18,90,2.123
16,90,2.122
14,90,2.111
12,90,2.105
10,90,2.108
8,90,2.114
6,90,2.110
4,90,2.099
2,90,2.097
0,90,2.087
0,92,2.069
2,92,2.067
4,92,2.070
6,92,2.079
8,92,2.078
10,92,2.078
12,92,2.085
14,92,2.089
16,92,2.093
18,92,2.097
20,92,2.096
22,92,2.092
24,92,2.085
26,92,2.077
28,92,2.079
30,92,2.080
32,92,2.081
34,92,2.086
36,92,2.080
38,92,2.074
40,92,2.072
42,92,2.079
44,92,2.083
46,92,2.088
48,92,2.095
50,92,2.096
52,92,2.088
54,92,2.085
56,92,2.094
58,92,2.102
60,92,2.107
62,92,2.108
64,92,2.111
66,92,2.109
68,92,2.101
70,92,2.086
72,92,2.077
74,92,2.076
76,92,2.066
78,92,2.055
80,92,2.039
82,92,2.019
84,92,1.998
86,92,1.942
88,92,1.832
90,92,1.680
92,92,1.548
94,92,1.489
96,92,1.526
98,92,1.626
100,92,1.730
102,92,1.811
104,92,1.857
106,92,1.869
108,92,1.861
110,92,1.844
112,92,1.834
114,92,1.833
116,92,1.829
118,92,1.815
120,92,1.804
122,92,1.794
124,92,1.778
126,92,1.759
128,92,1.738
130,92,1.704
132,92,1.649
134,92,1.576
136,92,1.487
138,92,1.400
140,92,1.333
142,92,1.305
144,92,1.311
146,92,1.351
148,92,1.403
150,92,1.459
150,94,1.496
148,94,1.478
146,94,1.456
144,94,1.432
142,94,1.413
140,94,1.403
138,94,1.407
136,94,1.427
134,94,1.461
132,94,1.511
130,94,1.568
128,94,1.621
126,94,1.668
124,94,1.710
122,94,1.734
120,94,1.752
118,94,1.768
116,94,1.784
114,94,1.798
112,94,1.811
110,94,1.821
108,94,1.834
106,94,1.846
104,94,1.854
102,94,1.858
100,94,1.869
98,94,1.882
96,94,1.888
94,94,1.887
92,94,1.866
90,94,1.809
88,94,1.700
86,94,1.556
84,94,1.420
82,94,1.342
80,94,1.353
78,94,1.462
76,94,1.638
74,94,1.822
72,94,1.969
70,94,2.050
68,94,2.082
66,94,2.103
64,94,2.121
62,94,2.133
60,94,2.140
58,94,2.144
56,94,2.150
54,94,2.162
52,94,2.181
50,94,2.182
48,94,2.182
46,94,2.180
44,94,2.176
42,94,2.173
40,94,2.168
38,94,2.161
36,94,2.162
34,94,2.161
32,94,2.158
30,94,2.157
28,94,2.146
26,94,2.137
24,94,2.133
22,94,2.132
20,94,2.137
18,94,2.136
16,94,2.123
14,94,2.115
12,94,2.111
10,94,2.115
8,94,2.119
6,94,2.120
4,94,2.108
2,94,2.092
0,94,2.083
0,96,2.065
2,96,2.071
4,96,2.075
6,96,2.074
8,96,2.080
10,96,2.085
12,96,2.095
14,96,2.103
16,96,2.102
18,96,2.100
20,96,2.097
22,96,2.095
24,96,2.088
26,96,2.088
28,96,2.083
30,96,2.083
32,96,2.086
34,96,2.094
36,96,2.092
38,96,2.085
40,96,2.084
42,96,2.084
44,96,2.086
46,96,2.086
48,96,2.093
50,96,2.096
52,96,2.093
54,96,2.092
56,96,2.094
58,96,2.097
60,96,2.100
62,96,2.106
64,96,2.107
66,96,2.102
68,96,2.089
70,96,2.071
72,96,2.059
74,96,2.057
76,96,2.056
78,96,2.040
80,96,2.033
82,96,2.016
84,96,1.990
86,96,1.917
88,96,1.767
90,96,1.551
92,96,1.357
94,96,1.262
96,96,1.273
98,96,1.376
100,96,1.547
102,96,1.690
104,96,1.781
106,96,1.813
108,96,1.824
110,96,1.816
112,96,1.808
114,96,1.801
116,96,1.796
118,96,1.788
120,96,1.773
122,96,1.760
124,96,1.751
126,96,1.741
128,96,1.733
130,96,1.719
132,96,1.701
134,96,1.673
136,96,1.630
138,96,1.586
140,96,1.544
142,96,1.514
144,96,1.502
146,96,1.505
148,96,1.518
150,96,1.536
150,98,1.556
148,98,1.553
146,98,1.550
144,98,1.548
142,98,1.548
140,98,1.553
138,98,1.566
136,98,1.588
134,98,1.612
132,98,1.639
130,98,1.664
128,98,1.689
126,98,1.708
124,98,1.725
122,98,1.737
120,98,1.747
118,98,1.757
116,98,1.768
114,98,1.780
112,98,1.790
110,98,1.798
108,98,1.807
106,98,1.816
104,98,1.822
102,98,1.832
100,98,1.843
98,98,1.851
96,98,1.856
94,98,1.846
92,98,1.815
90,98,1.748
88,98,1.641
86,98,1.509
84,98,1.403
82,98,1.368
80,98,1.412
78,98,1.539
76,98,1.720
74,98,1.883
72,98,1.989
70,98,2.046
68,98,2.073
66,98,2.098
64,98,2.116
62,98,2.125
60,98,2.134
58,98,2.131
56,98,2.137
54,98,2.155
52,98,2.173
50,98,2.178
48,98,2.178
46,98,2.181
44,98,2.173
42,98,2.173
40,98,2.178
38,98,2.183
36,98,2.177
34,98,2.174
32,98,2.166
30,98,2.155
28,98,2.142
26,98,2.138
24,98,2.143
22,98,2.147
20,98,2.145
18,98,2.134
16,98,2.120
14,98,2.113
12,98,2.120
10,98,2.123
8,98,2.126
6,98,2.123
4,98,2.108
2,98,2.094
0,98,2.084
0,100,2.060
2,100,2.066
4,100,2.071
6,100,2.072
8,100,2.077
10,100,2.087
12,100,2.093
14,100,2.095
16,100,2.093
18,100,2.099
20,100,2.102
22,100,2.101
24,100,2.092
26,100,2.085
28,100,2.085
30,100,2.090
32,100,2.098
34,100,2.103
36,100,2.098
38,100,2.092
40,100,2.087
42,100,2.084
44,100,2.086
46,100,2.101
48,100,2.102
50,100,2.107
52,100,2.110
54,100,2.106
56,100,2.100
58,100,2.094
60,100,2.098
62,100,2.103
64,100,2.101
66,100,2.094
68,100,2.083
70,100,2.065
72,100,2.054
74,100,2.052
76,100,2.049
78,100,2.038
80,100,2.023
82,100,2.004
84,100,1.976
86,100,1.930
88,100,1.834
90,100,1.678
92,100,1.493
94,100,1.380
96,100,1.349
98,100,1.418
100,100,1.551
102,100,1.665
104,100,1.743
106,100,1.783
108,100,1.795
110,100,1.789
112,100,1.780
114,100,1.773
116,100,1.763
118,100,1.754
120,100,1.754
122,100,1.745
124,100,1.732
126,100,1.721
128,100,1.715
130,100,1.705
132,100,1.691
134,100,1.674
136,100,1.656
138,100,1.637
140,100,1.614
142,100,1.592
144,100,1.577
146,100,1.571
148,100,1.573
150,100,1.578
150,102,1.585
148,102,1.582
146,102,1.581
144,102,1.582
142,102,1.585
140,102,1.591
138,102,1.602
136,102,1.616
134,102,1.632
132,102,1.651
130,102,1.668
128,102,1.684
126,102,1.699
124,102,1.707
122,102,1.722
120,102,1.734
118,102,1.742
116,102,1.748
114,102,1.757
112,102,1.773
110,102,1.781
108,102,1.791
106,102,1.791
104,102,1.802
102,102,1.810
100,102,1.819
98,102,1.829
96,102,1.836
94,102,1.837
92,102,1.825
90,102,1.795
88,102,1.749
86,102,1.690
84,102,1.652
82,102,1.661
80,102,1.713
78,102,1.804
76,102,1.903
74,102,1.976
72,102,2.018
70,102,2.042
68,102,2.067
66,102,2.084
64,102,2.099
62,102,2.112
60,102,2.121
58,102,2.127
56,102,2.142
54,102,2.151
52,102,2.167
50,102,2.181
48,102,2.193
46,102,2.191
44,102,2.182
42,102,2.181
40,102,2.186
38,102,2.196
36,102,2.204
34,102,2.205
32,102,2.201
30,102,2.186
28,102,2.160
26,102,2.157
24,102,2.153
22,102,2.152
20,102,2.160
18,102,2.151
16,102,2.132
14,102,2.122
12,102,2.127
10,102,2.126
8,102,2.122
6,102,2.118
4,102,2.110
2,102,2.094
0,102,2.071
0,104,2.059
2,104,2.057
4,104,2.061
6,104,2.072
8,104,2.078
10,104,2.084
12,104,2.093
14,104,2.097
16,104,2.102
18,104,2.103
20,104,2.103
22,104,2.105
24,104,2.103
26,104,2.097
28,104,2.098
30,104,2.104
32,104,2.107
34,104,2.115
36,104,2.111
38,104,2.099
40,104,2.098
42,104,2.099
44,104,2.107
46,104,2.123
48,104,2.136
50,104,2.141
52,104,2.141
54,104,2.128
56,104,2.113
58,104,2.108
60,104,2.111
62,104,2.116
64,104,2.107
66,104,2.099
68,104,2.087
70,104,2.074
72,104,2.060
74,104,2.051
76,104,2.043
78,104,2.028
80,104,2.016
82,104,1.997
84,104,1.982
86,104,1.957
88,104,1.915
90,104,1.847
92,104,1.759
94,104,1.686
96,104,1.651
98,104,1.664
100,104,1.700
102,104,1.745
104,104,1.773
106,104,1.779
108,104,1.776
110,104,1.766
112,104,1.760
114,104,1.755
116,104,1.750
118,104,1.748
120,104,1.741
122,104,1.731
124,104,1.719
126,104,1.707
128,104,1.698
130,104,1.688
132,104,1.676
134,104,1.660
136,104,1.645
138,104,1.631
140,104,1.613
142,104,1.599
144,104,1.590
146,104,1.585
148,104,1.585
150,104,1.589
150,106,1.592
148,106,1.589
146,106,1.587
144,106,1.588
142,106,1.591
140,106,1.597
138,106,1.604
136,106,1.612
134,106,1.624
132,106,1.640
130,106,1.655
128,106,1.668
126,106,1.682
124,106,1.697
122,106,1.702
120,106,1.711
118,106,1.725
116,106,1.736
114,106,1.746
112,106,1.756
110,106,1.768
108,106,1.780
106,106,1.781
104,106,1.780
102,106,1.781
100,106,1.802
98,106,1.810
96,106,1.827
94,106,1.842
92,106,1.853
90,106,1.855
88,106,1.855
86,106,1.859
84,106,1.870
82,106,1.900
80,106,1.921
78,106,1.950
76,106,1.978
74,106,2.005
72,106,2.031
70,106,2.048
68,106,2.059
66,106,2.070
64,106,2.082
62,106,2.098
60,106,2.110
58,106,2.123
56,106,2.138
54,106,2.156
52,106,2.169
50,106,2.185
48,106,2.192
46,106,2.187
44,106,2.187
42,106,2.194
40,106,2.212
38,106,2.239
36,106,2.251
34,106,2.243
32,106,2.224
30,106,2.211
28,106,2.187
26,106,2.165
24,106,2.153
22,106,2.161
20,106,2.163
18,106,2.163
16,106,2.155
14,106,2.143
12,106,2.138
10,106,2.132
8,106,2.129
6,106,2.125
4,106,2.111
2,106,2.094
0,106,2.080
0,108,2.061
2,108,2.067
4,108,2.071
6,108,2.076
8,108,2.083
10,108,2.083
12,108,2.098
14,108,2.101
16,108,2.104
18,108,2.108
20,108,2.113
22,108,2.115
24,108,2.115
26,108,2.115
28,108,2.117
30,108,2.122
32,108,2.121
34,108,2.114
36,108,2.111
38,108,2.106
40,108,2.105
42,108,2.109
44,108,2.121
46,108,2.149
48,108,2.169
50,108,2.177
52,108,2.175
54,108,2.162
56,108,2.132
58,108,2.110
60,108,2.112
62,108,2.107
64,108,2.108
66,108,2.101
68,108,2.086
70,108,2.069
72,108,2.056
74,108,2.043
76,108,2.033
78,108,2.018
80,108,1.998
82,108,1.985
84,108,1.971
86,108,1.959
88,108,1.933
90,108,1.906
92,108,1.886
94,108,1.854
96,108,1.834
98,108,1.818
100,108,1.810
102,108,1.807
104,108,1.795
106,108,1.785
108,108,1.771
110,108,1.756
112,108,1.740
114,108,1.737
116,108,1.739
118,108,1.736
120,108,1.728
122,108,1.721
124,108,1.712
126,108,1.698
128,108,1.688
130,108,1.676
132,108,1.662
134,108,1.647
136,108,1.634
138,108,1.620
140,108,1.604
142,108,1.595
144,108,1.589
146,108,1.587
148,108,1.588
150,108,1.593
150,110,1.598
148,110,1.593
146,110,1.588
144,110,1.587
142,110,1.588
140,110,1.592
138,110,1.597
136,110,1.605
134,110,1.618
132,110,1.632
130,110,1.646
128,110,1.658
126,110,1.671
124,110,1.682
122,110,1.690
120,110,1.704
118,110,1.716
116,110,1.725
114,110,1.737
112,110,1.750
110,110,1.758
108,110,1.763
106,110,1.767
104,110,1.774
102,110,1.785
100,110,1.796
98,110,1.813
96,110,1.831
94,110,1.849
92,110,1.866
90,110,1.889
88,110,1.912
86,110,1.921
84,110,1.936
82,110,1.951
80,110,1.965
78,110,1.985
76,110,2.006
74,110,2.016
72,110,2.031
70,110,2.043
68,110,2.054
66,110,2.062
64,110,2.073
62,110,2.083
60,110,2.100
58,110,2.116
56,110,2.133
54,110,2.149
52,110,2.174
50,110,2.182
48,110,2.187
46,110,2.189
44,110,2.189
42,110,2.209
40,110,2.245
38,110,2.278
36,110,2.293
34,110,2.278
32,110,2.259
30,110,2.231
28,110,2.201
26,110,2.177
24,110,2.162
22,110,2.165
20,110,2.168
18,110,2.168
16,110,2.166
14,110,2.156
12,110,2.148
10,110,2.135
8,110,2.133
6,110,2.128
4,110,2.117
2,110,2.100
0,110,2.080
0,112,2.063
2,112,2.073
4,112,2.077
6,112,2.072
8,112,2.082
10,112,2.092
12,112,2.101
14,112,2.107
16,112,2.112
18,112,2.121
20,112,2.127
22,112,2.128
24,112,2.127
26,112,2.124
28,112,2.124
30,112,2.122
32,112,2.120
34,112,2.115
36,112,2.113
38,112,2.110
40,112,2.110
42,112,2.124
44,112,2.142
46,112,2.167
48,112,2.186
50,112,2.209
52,112,2.213
54,112,2.198
56,112,2.158
58,112,2.128
60,112,2.118
62,112,2.118
64,112,2.111
66,112,2.102
68,112,2.087
70,112,2.065
72,112,2.046
74,112,2.038
76,112,2.027
78,112,2.011
80,112,2.001
82,112,1.989
84,112,1.970
86,112,1.956
88,112,1.947
90,112,1.931
92,112,1.916
94,112,1.896
96,112,1.879
98,112,1.864
100,112,1.847
102,112,1.829
104,112,1.818
106,112,1.796
108,112,1.773
110,112,1.754
112,112,1.737
114,112,1.730
116,112,1.731
118,112,1.716
120,112,1.711
122,112,1.704
124,112,1.698
126,112,1.688
128,112,1.673
130,112,1.661
132,112,1.649
134,112,1.637
136,112,1.625
138,112,1.611
140,112,1.599
142,112,1.592
144,112,1.587
146,112,1.587
148,112,1.592
150,112,1.602
150,114,1.617
148,114,1.602
146,114,1.594
144,114,1.588
142,114,1.586
140,114,1.587
138,114,1.591
136,114,1.598
134,114,1.610
132,114,1.621
130,114,1.635
128,114,1.649
126,114,1.656
124,114,1.665
122,114,1.675
120,114,1.686
118,114,1.698
116,114,1.712
114,114,1.722
112,114,1.733
110,114,1.746
108,114,1.758
106,114,1.766
104,114,1.775
102,114,1.786
100,114,1.800
98,114,1.818
96,114,1.840
94,114,1.860
92,114,1.877
90,114,1.892
88,114,1.906
86,114,1.924
84,114,1.941
82,114,1.954
80,114,1.971
78,114,1.990
76,114,2.004
74,114,2.018
72,114,2.022
70,114,2.029
68,114,2.040
66,114,2.053
64,114,2.067
62,114,2.080
60,114,2.091
58,114,2.105
56,114,2.124
54,114,2.145
52,114,2.160
50,114,2.165
48,114,2.177
46,114,2.184
44,114,2.207
42,114,2.236
40,114,2.273
38,114,2.291
36,114,2.297
34,114,2.286
32,114,2.250
30,114,2.220
28,114,2.198
26,114,2.187
24,114,2.177
22,114,2.162
20,114,2.156
18,114,2.155
16,114,2.154
14,114,2.150
12,114,2.150
10,114,2.148
8,114,2.145
6,114,2.134
4,114,2.116
2,114,2.096
0,114,2.081
0,116,2.071
2,116,2.074
4,116,2.077
6,116,2.081
8,116,2.085
10,116,2.090
12,116,2.103
14,116,2.110
16,116,2.117
18,116,2.128
20,116,2.131
22,116,2.132
24,116,2.133
26,116,2.125
28,116,2.117
30,116,2.112
32,116,2.112
34,116,2.108
36,116,2.106
38,116,2.116
40,116,2.119
42,116,2.132
44,116,2.150
46,116,2.166
48,116,2.191
50,116,2.215
52,116,2.214
54,116,2.198
56,116,2.182
58,116,2.152
60,116,2.127
62,116,2.119
64,116,2.106
66,116,2.099
68,116,2.086
70,116,2.066
72,116,2.044
74,116,2.026
76,116,2.011
78,116,1.994
80,116,1.985
82,116,1.975
84,116,1.962
86,116,1.952
88,116,1.945
90,116,1.926
92,116,1.910
94,116,1.894
96,116,1.880
98,116,1.866
100,116,1.845
102,116,1.832
104,116,1.810
106,116,1.793
108,116,1.772
110,116,1.755
112,116,1.738
114,116,1.727
116,116,1.720
118,116,1.711
120,116,1.697
122,116,1.686
124,116,1.673
126,116,1.662
128,116,1.653
130,116,1.646
132,116,1.636
134,116,1.628
136,116,1.617
138,116,1.603
140,116,1.591
142,116,1.585
144,116,1.586
146,116,1.593
148,116,1.603
150,116,1.614
150,118,1.627
148,118,1.612
146,118,1.603
144,118,1.593
142,118,1.589
140,118,1.586
138,118,1.586
136,118,1.592
134,118,1.600
132,118,1.613
130,118,1.624
128,118,1.637
126,118,1.648
124,118,1.655
122,118,1.662
120,118,1.672
118,118,1.676
116,118,1.686
114,118,1.698
112,118,1.716
110,118,1.729
108,118,1.747
106,118,1.761
104,118,1.782
102,118,1.792
100,118,1.806
98,118,1.820
96,118,1.844
94,118,1.862
92,118,1.881
90,118,1.899
88,118,1.913
86,118,1.929
84,118,1.939
82,118,1.959
80,118,1.966
78,118,1.981
76,118,1.995
74,118,2.009
72,118,2.020
70,118,2.026
68,118,2.039
66,118,2.044
64,118,2.051
62,118,2.062
60,118,2.077
58,118,2.094
56,118,2.114
54,118,2.138
52,118,2.156
50,118,2.165
48,118,2.171
46,118,2.183
44,118,2.208
42,118,2.248
40,118,2.280
38,118,2.287
36,118,2.283
34,118,2.268
32,118,2.245
30,118,2.225
28,118,2.201
26,118,2.182
24,118,2.167
22,118,2.159
20,118,2.157
18,118,2.151
16,118,2.147
14,118,2.158
12,118,2.162
10,118,2.153
8,118,2.144
6,118,2.130
4,118,2.122
2,118,2.102
0,118,2.088
0,120,2.076
2,120,2.076
4,120,2.083
6,120,2.091
8,120,2.096
10,120,2.097
12,120,2.107
14,120,2.122
16,120,2.129
18,120,2.133
20,120,2.132
22,120,2.129
24,120,2.138
26,120,2.132
28,120,2.121
30,120,2.113
32,120,2.111
34,120,2.111
36,120,2.110
38,120,2.120
40,120,2.126
42,120,2.133
44,120,2.151
46,120,2.167
48,120,2.185
50,120,2.200
52,120,2.216
54,120,2.220
56,120,2.200
58,120,2.169
60,120,2.136
62,120,2.119
64,120,2.105
66,120,2.095
68,120,2.080
70,120,2.060
72,120,2.038
74,120,2.020
76,120,1.999
78,120,1.989
80,120,1.982
82,120,1.971
84,120,1.959
86,120,1.950
88,120,1.939
90,120,1.928
92,120,1.908
94,120,1.891
96,120,1.879
98,120,1.869
100,120,1.855
102,120,1.835
104,120,1.816
106,120,1.798
108,120,1.783
110,120,1.767
112,120,1.751
114,120,1.737
116,120,1.722
118,120,1.706
120,120,1.688
122,120,1.672
124,120,1.659
126,120,1.652
128,120,1.640
130,120,1.635
132,120,1.629
134,120,1.621
136,120,1.609
138,120,1.597
140,120,1.589
142,120,1.588
144,120,1.593
146,120,1.605
148,120,1.619
150,120,1.635
150,122,1.656
148,122,1.634
146,122,1.617
144,122,1.607
142,122,1.599
140,122,1.591
138,122,1.589
136,122,1.592
134,122,1.597
132,122,1.606
130,122,1.618
128,122,1.629
126,122,1.638
124,122,1.646
122,122,1.652
120,122,1.657
118,122,1.665
116,122,1.676
114,122,1.691
112,122,1.702
110,122,1.719
108,122,1.738
106,122,1.757
104,122,1.773
102,122,1.786
100,122,1.804
98,122,1.822
96,122,1.840
94,122,1.863
92,122,1.886
90,122,1.906
88,122,1.918
86,122,1.930
84,122,1.943
82,122,1.953
80,122,1.966
78,122,1.979
76,122,1.997
74,122,2.009
72,122,2.018
70,122,2.025
68,122,2.033
66,122,2.047
64,122,2.057
62,122,2.058
60,122,2.066
58,122,2.080
56,122,2.107
54,122,2.141
52,122,2.160
50,122,2.168
48,122,2.182
46,122,2.201
44,122,2.225
42,122,2.253
40,122,2.279
38,122,2.287
36,122,2.282
34,122,2.270
32,122,2.250
30,122,2.231
28,122,2.216
26,122,2.198
24,122,2.187
22,122,2.176
20,122,2.164
18,122,2.157
16,122,2.163
14,122,2.166
12,122,2.162
10,122,2.156
8,122,2.146
6,122,2.133
4,122,2.124
2,122,2.110
0,122,2.094
0,124,2.080
2,124,2.085
4,124,2.089
6,124,2.090
8,124,2.091
10,124,2.103
12,124,2.111
14,124,2.114
16,124,2.122
18,124,2.123
20,124,2.128
22,124,2.131
24,124,2.134
26,124,2.139
28,124,2.133
30,124,2.124
32,124,2.118
34,124,2.116
36,124,2.120
38,124,2.124
40,124,2.133
42,124,2.148
44,124,2.155
46,124,2.159
48,124,2.179
50,124,2.190
52,124,2.202
54,124,2.205
56,124,2.192
58,124,2.169
60,124,2.139
62,124,2.129
64,124,2.110
66,124,2.101
68,124,2.076
70,124,2.055
72,124,2.032
74,124,2.010
76,124,1.994
78,124,1.983
80,124,1.980
82,124,1.968
84,124,1.958
86,124,1.954
88,124,1.943
90,124,1.924
92,124,1.908
94,124,1.898
96,124,1.885
98,124,1.868
100,124,1.858
102,124,1.848
104,124,1.827
106,124,1.798
108,124,1.777
110,124,1.763
112,124,1.750
114,124,1.730
116,124,1.713
118,124,1.695
120,124,1.674
122,124,1.661
124,124,1.650
126,124,1.643
128,124,1.636
130,124,1.631
132,124,1.623
134,124,1.616
136,124,1.607
138,124,1.598
140,124,1.592
142,124,1.592
144,124,1.602
146,124,1.614
148,124,1.636
150,124,1.658
150,126,1.677
148,126,1.643
146,126,1.626
144,126,1.614
142,126,1.605
140,126,1.596
138,126,1.591
136,126,1.591
134,126,1.596
132,126,1.605
130,126,1.616
128,126,1.626
126,126,1.631
124,126,1.635
122,126,1.644
120,126,1.655
118,126,1.664
116,126,1.675
114,126,1.689
112,126,1.698
110,126,1.713
108,126,1.726
106,126,1.747
104,126,1.771
102,126,1.789
100,126,1.803
98,126,1.817
96,126,1.843
94,126,1.868
92,126,1.889
90,126,1.902
88,126,1.919
86,126,1.940
84,126,1.950
82,126,1.960
80,126,1.975
78,126,1.988
76,126,2.001
74,126,2.013
72,126,2.020
70,126,2.032
68,126,2.035
66,126,2.047
64,126,2.058
62,126,2.060
60,126,2.076
58,126,2.088
56,126,2.111
54,126,2.140
52,126,2.159
50,126,2.179
48,126,2.192
46,126,2.210
44,126,2.227
42,126,2.242
40,126,2.268
38,126,2.272
36,126,2.260
34,126,2.248
32,126,2.238
30,126,2.227
28,126,2.215
26,126,2.208
24,126,2.189
22,126,2.170
20,126,2.172
18,126,2.173
16,126,2.172
14,126,2.178
12,126,2.167
10,126,2.153
8,126,2.144
6,126,2.142
4,126,2.128
2,126,2.104
0,126,2.089
0,128,2.082
2,128,2.079
4,128,2.085
6,128,2.089
8,128,2.094
10,128,2.111
12,128,2.114
14,128,2.119
16,128,2.118
18,128,2.119
20,128,2.123
22,128,2.128
24,128,2.135
26,128,2.147
28,128,2.149
30,128,2.139
32,128,2.126
34,128,2.123
36,128,2.130
38,128,2.135
40,128,2.141
42,128,2.146
44,128,2.152
46,128,2.165
48,128,2.171
50,128,2.173
52,128,2.190
54,128,2.190
56,128,2.180
58,128,2.166
60,128,2.147
62,128,2.127
64,128,2.119
66,128,2.107
68,128,2.085
70,128,2.061
72,128,2.038
74,128,2.014
76,128,1.995
78,128,1.988
80,128,1.989
82,128,1.979
84,128,1.968
86,128,1.958
88,128,1.942
90,128,1.932
92,128,1.917
94,128,1.900
96,128,1.884
98,128,1.869
100,128,1.857
102,128,1.843
104,128,1.822
106,128,1.795
108,128,1.773
110,128,1.756
112,128,1.734
114,128,1.719
116,128,1.702
118,128,1.681
120,128,1.667
122,128,1.657
124,128,1.647
126,128,1.638
128,128,1.631
130,128,1.624
132,128,1.620
134,128,1.613
136,128,1.605
138,128,1.599
140,128,1.595
142,128,1.597
144,128,1.608
146,128,1.627
148,128,1.655
150,128,1.687
150,130,1.714
148,130,1.675
146,130,1.653
144,130,1.632
142,130,1.612
140,130,1.601
138,130,1.595
136,130,1.593
134,130,1.596
132,130,1.602
130,130,1.610
128,130,1.620
126,130,1.627
124,130,1.634
122,130,1.642
120,130,1.649
118,130,1.655
116,130,1.667
114,130,1.680
112,130,1.687
110,130,1.699
108,130,1.716
106,130,1.733
104,130,1.756
102,130,1.775
100,130,1.789
98,130,1.809
96,130,1.831
94,130,1.856
92,130,1.877
90,130,1.898
88,130,1.916
86,130,1.934
84,130,1.949
82,130,1.959
80,130,1.975
78,130,1.990
76,130,2.000
74,130,2.013
72,130,2.027
70,130,2.036
68,130,2.043
66,130,2.053
64,130,2.060
62,130,2.069
60,130,2.083
58,130,2.099
56,130,2.116
54,130,2.143
52,130,2.168
50,130,2.185
48,130,2.206
46,130,2.218
44,130,2.234
42,130,2.240
40,130,2.248
38,130,2.259
36,130,2.260
34,130,2.250
32,130,2.245
30,130,2.234
28,130,2.219
26,130,2.207
24,130,2.195
22,130,2.185
20,130,2.177
18,130,2.181
16,130,2.184
14,130,2.183
12,130,2.178
10,130,2.157
8,130,2.146
6,130,2.128
4,130,2.119
2,130,2.101
0,130,2.089
0,132,2.079
2,132,2.080
4,132,2.084
6,132,2.092
8,132,2.089
10,132,2.095
12,132,2.109
14,132,2.115
16,132,2.115
18,132,2.122
20,132,2.130
22,132,2.137
24,132,2.145
26,132,2.146
28,132,2.145
30,132,2.142
32,132,2.132
34,132,2.134
36,132,2.134
38,132,2.138
40,132,2.146
42,132,2.155
44,132,2.159
46,132,2.170
48,132,2.178
50,132,2.173
52,132,2.179
54,132,2.177
56,132,2.174
58,132,2.162
60,132,2.151
62,132,2.141
64,132,2.126
66,132,2.112
68,132,2.088
70,132,2.063
72,132,2.031
74,132,2.020
76,132,2.008
78,132,1.998
80,132,1.989
82,132,1.976
84,132,1.970
86,132,1.954
88,132,1.940
90,132,1.931
92,132,1.917
94,132,1.902
96,132,1.889
98,132,1.871
100,132,1.848
102,132,1.836
104,132,1.813
106,132,1.786
108,132,1.759
110,132,1.737
112,132,1.721
114,132,1.704
116,132,1.685
118,132,1.667
120,132,1.654
122,132,1.645
124,132,1.637
126,132,1.632
128,132,1.626
130,132,1.618
132,132,1.611
134,132,1.607
136,132,1.602
138,132,1.598
140,132,1.598
142,132,1.605
144,132,1.621
146,132,1.642
148,132,1.672
150,132,1.705
150,134,1.724
148,134,1.686
146,134,1.664
144,134,1.643
142,134,1.625
140,134,1.612
138,134,1.602
136,134,1.596
134,134,1.596
132,134,1.599
130,134,1.603
128,134,1.609
126,134,1.616
124,134,1.624
122,134,1.631
120,134,1.639
118,134,1.645
116,134,1.652
114,134,1.658
112,134,1.671
110,134,1.685
108,134,1.702
106,134,1.721
104,134,1.737
102,134,1.755
100,134,1.773
98,134,1.798
96,134,1.822
94,134,1.846
92,134,1.870
90,134,1.891
88,134,1.907
86,134,1.925
84,134,1.943
82,134,1.955
80,134,1.971
78,134,1.986
76,134,1.995
74,134,2.004
72,134,2.015
70,134,2.032
68,134,2.045
66,134,2.059
64,134,2.068
62,134,2.079
60,134,2.084
58,134,2.107
56,134,2.124
54,134,2.143
52,134,2.165
50,134,2.181
48,134,2.204
46,134,2.217
44,134,2.226
42,134,2.234
40,134,2.241
38,134,2.245
36,134,2.250
34,134,2.253
32,134,2.241
30,134,2.231
28,134,2.225
26,134,2.221
24,134,2.215
22,134,2.202
20,134,2.187
18,134,2.190
16,134,2.187
14,134,2.182
12,134,2.176
10,134,2.164
8,134,2.148
6,134,2.132
4,134,2.118
2,134,2.104
0,134,2.101
0,136,2.093
2,136,2.093
4,136,2.097
6,136,2.093
8,136,2.095
10,136,2.096
12,136,2.105
14,136,2.112
16,136,2.120
18,136,2.127
20,136,2.133
22,136,2.142
24,136,2.149
26,136,2.151
28,136,2.148
30,136,2.144
32,136,2.139
34,136,2.137
36,136,2.145
38,136,2.145
40,136,2.152
42,136,2.158
44,136,2.164
46,136,2.163
48,136,2.167
50,136,2.168
52,136,2.175
54,136,2.177
56,136,2.164
58,136,2.163
60,136,2.154
62,136,2.147
64,136,2.135
66,136,2.115
68,136,2.091
70,136,2.069
72,136,2.050
74,136,2.031
76,136,2.012
78,136,1.998
80,136,1.995
82,136,1.982
84,136,1.966
86,136,1.947
88,136,1.930
90,136,1.922
92,136,1.911
94,136,1.898
96,136,1.879
98,136,1.859
100,136,1.842
102,136,1.822
104,136,1.800
106,136,1.775
108,136,1.748
110,136,1.727
112,136,1.712
114,136,1.692
116,136,1.674
118,136,1.656
120,136,1.642
122,136,1.626
124,136,1.622
126,136,1.619
128,136,1.612
130,136,1.607
132,136,1.605
134,136,1.602
136,136,1.601
138,136,1.601
140,136,1.606
142,136,1.619
144,136,1.634
146,136,1.654
148,136,1.692
150,136,1.726
150,138,1.750
148,138,1.712
146,138,1.680
144,138,1.661
142,138,1.642
140,138,1.623
138,138,1.611
136,138,1.603
134,138,1.599
132,138,1.599
130,138,1.601
128,138,1.606
126,138,1.612
124,138,1.615
122,138,1.619
120,138,1.624
118,138,1.630
116,138,1.640
114,138,1.650
112,138,1.659
110,138,1.675
108,138,1.692
106,138,1.714
104,138,1.732
102,138,1.752
100,138,1.767
98,138,1.783
96,138,1.806
94,138,1.826
92,138,1.851
90,138,1.873
88,138,1.893
86,138,1.914
84,138,1.937
82,138,1.952
80,138,1.963
78,138,1.975
76,138,1.987
74,138,2.005
72,138,2.013
70,138,2.029
68,138,2.042
66,138,2.059
64,138,2.069
62,138,2.080
60,138,2.092
58,138,2.107
56,138,2.132
54,138,2.147
52,138,2.167
50,138,2.186
48,138,2.210
46,138,2.220
44,138,2.226
42,138,2.238
40,138,2.244
38,138,2.252
36,138,2.253
34,138,2.249
32,138,2.246
30,138,2.245
28,138,2.236
26,138,2.231
24,138,2.221
22,138,2.205
20,138,2.195
18,138,2.188
16,138,2.184
14,138,2.182
12,138,2.177
10,138,2.164
8,138,2.154
6,138,2.133
4,138,2.123
2,138,2.112
0,138,2.106
0,140,2.097
2,140,2.103
4,140,2.108
6,140,2.109
8,140,2.102
10,140,2.100
12,140,2.112
14,140,2.121
16,140,2.128
18,140,2.136
20,140,2.144
22,140,2.139
24,140,2.144
26,140,2.149
28,140,2.148
30,140,2.144
32,140,2.147
34,140,2.149
36,140,2.154
38,140,2.161
40,140,2.167
42,140,2.171
44,140,2.170
46,140,2.168
48,140,2.166
50,140,2.173
52,140,2.173
54,140,2.168
56,140,2.172
58,140,2.164
60,140,2.158
62,140,2.145
64,140,2.128
66,140,2.113
68,140,2.094
70,140,2.068
72,140,2.048
74,140,2.034
76,140,2.019
78,140,2.006
80,140,1.991
82,140,1.977
84,140,1.960
86,140,1.941
88,140,1.927
90,140,1.916
92,140,1.902
94,140,1.883
96,140,1.868
98,140,1.846
100,140,1.819
102,140,1.797
104,140,1.769
106,140,1.749
108,140,1.729
110,140,1.711
112,140,1.696
114,140,1.677
116,140,1.660
118,140,1.641
120,140,1.626
122,140,1.615
124,140,1.610
126,140,1.610
128,140,1.608
130,140,1.603
132,140,1.601
134,140,1.602
136,140,1.605
138,140,1.608
140,140,1.614
142,140,1.631
144,140,1.653
146,140,1.677
148,140,1.708
150,140,1.748
150,142,1.770
148,142,1.723
146,142,1.700
144,142,1.680
142,142,1.659
140,142,1.635
138,142,1.622
136,142,1.615
134,142,1.608
132,142,1.603
130,142,1.602
128,142,1.603
126,142,1.605
124,142,1.610
122,142,1.616
120,142,1.622
118,142,1.625
116,142,1.631
114,142,1.641
112,142,1.649
110,142,1.661
108,142,1.679
106,142,1.697
104,142,1.712
102,142,1.728
100,142,1.750
98,142,1.765
96,142,1.780
94,142,1.800
92,142,1.822
90,142,1.841
88,142,1.868
86,142,1.895
84,142,1.922
82,142,1.937
80,142,1.949
78,142,1.965
76,142,1.985
74,142,1.998
72,142,2.012
70,142,2.019
68,142,2.034
66,142,2.050
64,142,2.066
62,142,2.082
60,142,2.103
58,142,2.115
56,142,2.133
54,142,2.151
52,142,2.176
50,142,2.193
48,142,2.200
46,142,2.220
44,142,2.225
42,142,2.236
40,142,2.243
38,142,2.254
36,142,2.252
34,142,2.252
32,142,2.259
30,142,2.257
28,142,2.249
26,142,2.242
24,142,2.233
22,142,2.216
20,142,2.200
18,142,2.194
16,142,2.189
14,142,2.183
12,142,2.175
10,142,2.164
8,142,2.151
6,142,2.136
4,142,2.129
2,142,2.120
0,142,2.119
0,144,2.110
2,144,2.110
4,144,2.114
6,144,2.120
8,144,2.113
10,144,2.115
12,144,2.121
14,144,2.127
16,144,2.130
18,144,2.132
20,144,2.136
22,144,2.129
24,144,2.129
26,144,2.129
28,144,2.136
30,144,2.137
32,144,2.140
34,144,2.144
36,144,2.148
38,144,2.151
40,144,2.156
42,144,2.167
44,144,2.164
46,144,2.163
48,144,2.162
50,144,2.164
52,144,2.163
54,144,2.161
56,144,2.156
58,144,2.154
60,144,2.149
62,144,2.128
64,144,2.115
66,144,2.104
68,144,2.083
70,144,2.061
72,144,2.044
74,144,2.029
76,144,2.011
78,144,1.994
80,144,1.975
82,144,1.956
84,144,1.942
86,144,1.933
88,144,1.916
90,144,1.894
92,144,1.875
94,144,1.856
96,144,1.836
98,144,1.820
100,144,1.792
102,144,1.759
104,144,1.737
106,144,1.717
108,144,1.699
110,144,1.684
112,144,1.668
114,144,1.656
116,144,1.640
118,144,1.627
120,144,1.618
122,144,1.607
124,144,1.603
126,144,1.602
128,144,1.602
130,144,1.600
132,144,1.601
134,144,1.605
136,144,1.610
138,144,1.621
140,144,1.634
142,144,1.651
144,144,1.678
146,144,1.700
148,144,1.731
150,144,1.770
150,146,1.796
148,146,1.750
146,146,1.721
144,146,1.698
142,146,1.677
140,146,1.657
138,146,1.645
136,146,1.630
134,146,1.618
132,146,1.611
130,146,1.605
128,146,1.602
126,146,1.602
124,146,1.603
122,146,1.606
120,146,1.612
118,146,1.615
116,146,1.621
114,146,1.629
112,146,1.639
110,146,1.650
108,146,1.663
106,146,1.678
104,146,1.688
102,146,1.702
100,146,1.717
98,146,1.739
96,146,1.755
94,146,1.771
92,146,1.791
90,146,1.816
88,146,1.842
86,146,1.862
84,146,1.885
82,146,1.906
80,146,1.922
78,146,1.942
76,146,1.960
74,146,1.981
72,146,1.998
70,146,2.017
68,146,2.026
66,146,2.038
64,146,2.055
62,146,2.074
60,146,2.095
58,146,2.109
56,146,2.128
54,146,2.144
52,146,2.163
50,146,2.178
48,146,2.192
46,146,2.204
44,146,2.219
42,146,2.233
40,146,2.233
38,146,2.246
36,146,2.254
34,146,2.254
32,146,2.261
30,146,2.260
28,146,2.261
26,146,2.247
24,146,2.242
22,146,2.224
20,146,2.215
18,146,2.206
16,146,2.199
14,146,2.189
12,146,2.176
10,146,2.178
8,146,2.167
6,146,2.153
4,146,2.142
2,146,2.138
0,146,2.135
0,148,2.126
2,148,2.129
4,148,2.132
6,148,2.130
8,148,2.132
10,148,2.136
12,148,2.142
14,148,2.145
16,148,2.151
18,148,2.159
20,148,2.153
22,148,2.155
24,148,2.157
26,148,2.156
28,148,2.167
30,148,2.169
32,148,2.169
34,148,2.167
36,148,2.173
38,148,2.182
40,148,2.189
42,148,2.191
44,148,2.189
46,148,2.185
48,148,2.180
50,148,2.176
52,148,2.171
54,148,2.171
56,148,2.168
58,148,2.156
60,148,2.148
62,148,2.138
64,148,2.125
66,148,2.107
68,148,2.090
70,148,2.070
72,148,2.049
74,148,2.035
76,148,2.014
78,148,1.991
80,148,1.976
82,148,1.963
84,148,1.945
86,148,1.931
88,148,1.914
90,148,1.891
92,148,1.869
94,148,1.845
96,148,1.825
98,148,1.804
100,148,1.770
102,148,1.747
104,148,1.726
106,148,1.702
108,148,1.679
110,148,1.666
112,148,1.651
114,148,1.643
116,148,1.633
118,148,1.621
120,148,1.614
122,148,1.605
124,148,1.601
126,148,1.599
128,148,1.600
130,148,1.601
132,148,1.603
134,148,1.605
136,148,1.614
138,148,1.627
140,148,1.645
142,148,1.666
144,148,1.694
146,148,1.717
148,148,1.745
150,148,1.787
150,150,1.820
148,150,1.775
146,150,1.730
144,150,1.712
142,150,1.685
140,150,1.659
138,150,1.642
136,150,1.633
134,150,1.625
132,150,1.615
130,150,1.607
128,150,1.603
126,150,1.602
124,150,1.604
122,150,1.606
120,150,1.610
118,150,1.612
116,150,1.620
114,150,1.629
112,150,1.640
110,150,1.652
108,150,1.661
106,150,1.673
104,150,1.688
102,150,1.703
100,150,1.714
98,150,1.729
96,150,1.750
94,150,1.770
92,150,1.790
90,150,1.814
88,150,1.836
86,150,1.851
84,150,1.870
82,150,1.892
80,150,1.904
78,150,1.929
76,150,1.956
74,150,1.979
72,150,2.001
70,150,2.020
68,150,2.029
66,150,2.039
64,150,2.058
62,150,2.077
60,150,2.092
58,150,2.111
56,150,2.130
54,150,2.149
52,150,2.165
50,150,2.184
48,150,2.193
46,150,2.203
44,150,2.215
42,150,2.234
40,150,2.243
38,150,2.247
36,150,2.261
34,150,2.274
32,150,2.271
30,150,2.278
28,150,2.280
26,150,2.272
24,150,2.259
22,150,2.252
20,150,2.241
18,150,2.234
16,150,2.226
14,150,2.213
12,150,2.210
10,150,2.198
8,150,2.189
6,150,2.177
4,150,2.169
2,150,2.157
0,150,2.149
