0,0,7.725
2,0,7.551
4,0,7.239
6,0,6.842
8,0,6.305
10,0,5.776
12,0,5.281
14,0,4.930
16,0,4.591
18,0,4.155
20,0,3.598
22,0,3.020
24,0,2.463
26,0,1.740
28,0,1.091
30,0,7.133
32,0,7.494
34,0,1.081
36,0,1.434
38,0,1.345
40,0,7.903
42,0,2.491
44,0,2.164
46,0,1.515
48,0,5.003
50,0,8.150
52,0,1.002
54,0,1.082
56,0,1.134
58,0,1.203
60,0,1.260
62,0,1.227
64,0,1.077
66,0,9.542
68,0,8.841
70,0,8.458
72,0,9.191
74,0,1.121
76,0,1.444
78,0,1.952
80,0,2.646
82,0,3.361
84,0,4.087
86,0,4.848
88,0,5.604
90,0,6.335
92,0,6.798
94,0,7.018
96,0,7.083
98,0,7.084
100,0,7.124
102,0,7.279
104,0,7.510
106,0,7.719
108,0,7.919
110,0,8.046
112,0,8.114
114,0,8.149
116,0,8.189
118,0,8.227
120,0,8.247
122,0,8.243
124,0,8.212
126,0,8.156
128,0,8.099
130,0,8.064
132,0,8.053
134,0,8.072
136,0,8.129
138,0,8.197
140,0,8.265
142,0,8.316
144,0,8.348
146,0,8.360
148,0,8.354
150,0,8.341
150,2,8.386
148,2,8.390
146,2,8.389
144,2,8.383
142,2,8.365
140,2,8.335
138,2,8.287
136,2,8.209
134,2,8.117
132,2,8.015
130,2,7.913
128,2,7.812
126,2,7.731
124,2,7.685
122,2,7.707
120,2,7.784
118,2,7.882
116,2,7.984
114,2,8.075
112,2,8.127
110,2,8.130
108,2,8.075
106,2,8.005
104,2,7.939
102,2,7.886
100,2,7.831
98,2,7.770
96,2,7.681
94,2,7.557
92,2,7.392
90,2,7.230
88,2,7.115
86,2,7.052
84,2,7.054
82,2,6.988
80,2,6.713
78,2,6.175
76,2,5.416
74,2,4.578
72,2,3.765
70,2,3.006
68,2,2.303
66,2,1.643
64,2,1.049
62,2,6.695
60,2,5.305
58,2,4.760
56,2,4.028
54,2,2.764
52,2,1.665
50,2,1.391
48,2,1.735
46,2,2.418
44,2,3.211
42,2,3.601
40,2,3.430
38,2,3.269
36,2,3.073
34,2,2.805
32,2,2.093
30,2,1.069
28,2,5.360
26,2,1.994
24,2,7.544
22,2,1.741
20,2,2.510
18,2,2.450
16,2,1.760
14,2,1.218
12,2,1.165
10,2,1.497
8,2,1.985
6,2,2.580
4,2,3.208
2,2,3.790
0,2,4.600
0,4,4.274
2,4,3.876
4,4,3.361
6,4,2.895
8,4,2.531
10,4,2.243
12,4,1.986
14,4,1.717
16,4,1.488
18,4,1.323
20,4,1.201
22,4,1.189
24,4,1.344
26,4,1.717
28,4,2.309
30,4,2.872
32,4,2.978
34,4,2.448
36,4,1.538
38,4,7.126
40,4,2.398
42,4,6.528
44,4,4.888
46,4,9.169
48,4,1.367
50,4,1.695
52,4,1.861
54,4,2.094
56,4,2.322
58,4,2.267
60,4,1.802
62,4,1.166
64,4,8.516
66,4,1.060
68,4,2.233
70,4,3.865
72,4,4.949
74,4,5.098
76,4,5.174
78,4,7.180
80,4,1.193
82,4,1.854
84,4,2.572
86,4,3.356
88,4,4.229
90,4,5.210
92,4,6.089
94,4,6.704
96,4,6.971
98,4,7.006
100,4,7.048
102,4,7.167
104,4,7.370
106,4,7.595
108,4,7.819
110,4,8.015
112,4,8.134
114,4,8.188
116,4,8.202
118,4,8.194
120,4,8.142
122,4,8.027
124,4,7.825
126,4,7.586
128,4,7.363
130,4,7.229
132,4,7.248
134,4,7.380
136,4,7.574
138,4,7.820
140,4,8.036
142,4,8.202
144,4,8.310
146,4,8.367
148,4,8.392
150,4,8.403
150,6,8.414
148,6,8.408
146,6,8.394
144,6,8.367
142,6,8.326
140,6,8.253
138,6,8.143
136,6,7.976
134,6,7.771
132,6,7.543
130,6,7.300
128,6,7.089
126,6,6.946
124,6,6.889
122,6,6.921
120,6,7.062
118,6,7.306
116,6,7.571
114,6,7.807
112,6,7.981
110,6,8.065
108,6,8.083
106,6,8.067
104,6,8.035
102,6,7.996
100,6,7.938
98,6,7.834
96,6,7.674
94,6,7.486
92,6,7.308
90,6,7.161
88,6,7.066
86,6,7.055
84,6,6.969
82,6,6.646
80,6,5.976
78,6,5.047
76,6,4.042
74,6,3.167
72,6,2.497
70,6,1.922
68,6,1.385
66,6,9.068
64,6,6.075
62,6,5.450
60,6,6.546
58,6,7.024
56,6,5.852
54,6,3.581
52,6,1.587
50,6,5.600
48,6,3.265
46,6,4.711
44,6,6.424
42,6,6.215
40,6,4.860
38,6,3.554
36,6,3.070
34,6,3.302
32,6,4.166
30,6,7.276
28,6,1.777
26,6,5.160
24,6,1.357
22,6,2.576
20,6,3.527
18,6,3.495
16,6,2.632
14,6,1.715
12,6,1.130
10,6,9.097
8,6,9.286
6,6,1.074
4,6,1.351
2,6,1.882
0,6,2.847
0,8,2.998
2,8,2.646
4,8,2.137
6,8,1.682
8,8,1.329
10,8,1.071
12,8,9.177
14,8,8.365
16,8,7.984
18,8,7.838
20,8,8.515
22,8,1.095
24,8,1.573
26,8,2.284
28,8,3.146
30,8,3.832
32,8,3.935
34,8,3.294
36,8,2.213
38,8,1.171
40,8,5.060
42,8,2.181
44,8,1.152
46,8,7.203
48,8,5.317
50,8,3.917
52,8,2.524
54,8,2.144
56,8,2.871
58,8,3.680
60,8,3.314
62,8,1.958
64,8,2.343
66,8,7.343
68,8,2.057
70,8,4.039
72,8,5.653
74,8,5.943
76,8,5.302
78,8,5.656
80,8,8.523
82,8,1.314
84,8,1.829
86,8,2.400
88,8,3.118
90,8,4.066
92,8,5.168
94,8,6.128
96,8,6.732
98,8,6.964
100,8,7.001
102,8,7.089
104,8,7.243
106,8,7.455
108,8,7.624
110,8,7.717
112,8,7.735
114,8,7.753
116,8,7.802
118,8,7.838
120,8,7.791
122,8,7.600
124,8,7.255
126,8,6.844
128,8,6.522
130,8,6.384
132,8,6.419
134,8,6.623
136,8,6.958
138,8,7.343
140,8,7.709
142,8,8.009
144,8,8.210
146,8,8.322
148,8,8.382
150,8,8.411
150,10,8.412
148,10,8.393
146,10,8.364
144,10,8.319
142,10,8.243
140,10,8.133
138,10,7.968
136,10,7.755
134,10,7.502
132,10,7.238
130,10,6.996
128,10,6.795
126,10,6.672
124,10,6.638
122,10,6.694
120,10,6.805
118,10,6.974
116,10,7.128
114,10,7.238
112,10,7.252
110,10,7.169
108,10,7.017
106,10,6.889
104,10,6.815
102,10,6.833
100,10,6.843
98,10,6.879
96,10,6.871
94,10,6.783
92,10,6.658
90,10,6.602
88,10,6.581
86,10,6.542
84,10,6.418
82,10,6.067
80,10,5.459
78,10,4.649
76,10,3.816
74,10,3.112
72,10,2.598
70,10,2.200
68,10,1.798
66,10,1.355
64,10,9.840
62,10,7.092
60,10,5.114
58,10,3.612
56,10,2.398
54,10,1.447
52,10,9.154
50,10,7.818
48,10,8.881
46,10,9.601
44,10,8.012
42,10,6.107
40,10,4.939
38,10,5.682
36,10,8.246
34,10,1.119
32,10,1.286
30,10,1.448
28,10,2.563
26,10,7.579
24,10,1.968
22,10,3.571
20,10,4.487
18,10,4.048
16,10,2.706
14,10,1.409
12,10,7.191
10,10,5.897
8,10,7.094
6,10,8.642
4,10,1.128
2,10,1.644
0,10,2.560
0,12,3.077
2,12,2.841
4,12,2.429
6,12,2.026
8,12,1.669
10,12,1.385
12,12,1.159
14,12,9.865
16,12,8.261
18,12,6.702
20,12,5.308
22,12,5.171
24,12,8.507
26,12,1.683
28,12,2.956
30,12,4.228
32,12,4.803
34,12,4.322
36,12,3.016
38,12,1.575
40,12,6.279
42,12,2.510
44,12,1.857
46,12,1.944
48,12,1.878
50,12,1.533
52,12,1.261
54,12,1.159
56,12,1.240
58,12,1.446
60,12,1.686
62,12,1.745
64,12,1.701
66,12,1.694
68,12,1.935
70,12,2.774
72,12,4.233
74,12,6.303
76,12,8.968
78,12,1.246
80,12,1.655
82,12,2.131
84,12,2.590
86,12,3.002
88,12,3.574
90,12,4.360
92,12,5.259
94,12,6.054
96,12,6.580
98,12,6.882
100,12,7.014
102,12,7.100
104,12,7.231
106,12,7.332
108,12,7.322
110,12,7.185
112,12,7.000
114,12,6.896
116,12,6.916
118,12,7.058
120,12,7.222
122,12,7.303
124,12,7.212
126,12,6.973
128,12,6.728
130,12,6.574
132,12,6.569
134,12,6.754
136,12,7.009
138,12,7.341
140,12,7.670
142,12,7.941
144,12,8.139
146,12,8.264
148,12,8.339
150,12,8.383
150,14,8.360
148,14,8.331
146,14,8.290
144,14,8.236
142,14,8.168
140,14,8.072
138,14,7.947
136,14,7.784
134,14,7.598
132,14,7.411
130,14,7.239
128,14,7.087
126,14,6.980
124,14,6.961
122,14,7.006
120,14,7.103
118,14,7.208
116,14,7.267
114,14,7.229
112,14,7.094
110,14,6.905
108,14,6.732
106,14,6.624
104,14,6.626
102,14,6.752
100,14,6.961
98,14,7.180
96,14,7.312
94,14,7.334
92,14,7.275
90,14,7.178
88,14,7.093
86,14,7.018
84,14,6.861
82,14,6.578
80,14,6.107
78,14,5.495
76,14,4.826
74,14,4.213
72,14,3.696
70,14,3.261
68,14,2.881
66,14,2.550
64,14,2.246
62,14,1.911
60,14,1.554
58,14,1.218
56,14,9.279
54,14,7.492
52,14,7.032
50,14,7.612
48,14,8.175
46,14,7.736
44,14,6.442
42,14,5.000
40,14,3.798
38,14,3.030
36,14,2.833
34,14,2.896
32,14,2.644
30,14,1.902
28,14,2.415
26,14,9.158
24,14,2.516
22,14,4.332
20,14,4.901
18,14,3.576
16,14,1.583
14,14,4.909
12,14,6.604
10,14,1.173
8,14,1.487
6,14,1.753
4,14,2.160
2,14,2.764
0,14,3.524
0,16,4.354
2,16,4.316
4,16,4.088
6,16,3.846
8,16,3.587
10,16,3.295
12,16,3.027
14,16,2.851
16,16,2.735
18,16,2.566
20,16,2.132
22,16,1.377
24,16,6.553
26,16,5.918
28,16,1.580
30,16,3.254
32,16,4.562
34,16,4.577
36,16,3.356
38,16,1.770
40,16,6.297
42,16,1.815
44,16,1.695
46,16,2.403
48,16,2.685
50,16,2.751
52,16,3.079
54,16,4.018
56,16,5.592
58,16,7.574
60,16,9.576
62,16,1.087
64,16,1.070
66,16,9.493
68,16,8.899
70,16,1.002
72,16,1.283
74,16,1.695
76,16,2.105
78,16,2.424
80,16,2.682
82,16,2.960
84,16,3.314
86,16,3.811
88,16,4.461
90,16,5.201
92,16,5.917
94,16,6.482
96,16,6.832
98,16,7.014
100,16,7.112
102,16,7.229
104,16,7.339
106,16,7.392
108,16,7.300
110,16,7.062
112,16,6.780
114,16,6.598
116,16,6.571
118,16,6.694
120,16,6.916
122,16,7.170
124,16,7.356
126,16,7.438
128,16,7.424
130,16,7.394
132,16,7.406
134,16,7.463
136,16,7.549
138,16,7.650
140,16,7.758
142,16,7.852
144,16,7.938
146,16,8.028
148,16,8.121
150,16,8.208
150,18,7.991
148,18,7.886
146,18,7.769
144,18,7.662
142,18,7.580
140,18,7.514
138,18,7.497
136,18,7.534
134,18,7.576
132,18,7.628
130,18,7.688
128,18,7.727
126,18,7.746
124,18,7.752
122,18,7.741
120,18,7.716
118,18,7.650
116,18,7.524
114,18,7.363
112,18,7.170
110,18,6.988
108,18,6.839
106,18,6.772
104,18,6.838
102,18,7.000
100,18,7.231
98,18,7.435
96,18,7.512
94,18,7.457
92,18,7.295
90,18,7.075
88,18,6.833
86,18,6.590
84,18,6.304
82,18,5.936
80,18,5.403
78,18,4.726
76,18,3.985
74,18,3.307
72,18,2.827
70,18,2.565
68,18,2.513
66,18,2.571
64,18,2.568
62,18,2.350
60,18,1.943
58,18,1.561
56,18,1.372
54,18,1.470
52,18,1.771
50,18,2.060
48,18,2.087
46,18,1.814
44,18,1.380
42,18,9.554
40,18,6.391
38,18,4.190
36,18,2.716
34,18,1.944
32,18,1.314
30,18,4.084
28,18,9.837
26,18,7.758
24,18,2.283
22,18,3.679
20,18,3.310
18,18,1.439
16,18,4.034
14,18,1.460
12,18,3.431
10,18,4.677
8,18,5.015
6,18,5.060
4,18,5.273
2,18,5.553
0,18,5.801
0,20,6.567
2,20,6.634
4,20,6.636
6,20,6.632
8,20,6.595
10,20,6.531
12,20,6.446
14,20,6.401
16,20,6.348
18,20,6.154
20,20,5.599
22,20,4.482
24,20,2.782
26,20,1.086
28,20,3.582
30,20,1.058
32,20,2.418
34,20,3.096
36,20,2.467
38,20,1.224
40,20,3.251
42,20,2.229
44,20,6.615
46,20,1.649
48,20,2.302
50,20,3.127
52,20,4.572
54,20,6.699
56,20,9.725
58,20,1.382
60,20,1.889
62,20,2.292
64,20,2.417
66,20,2.214
68,20,1.814
70,20,1.493
72,20,1.471
74,20,1.770
76,20,2.180
78,20,2.398
80,20,2.327
82,20,2.100
84,20,2.007
86,20,2.135
88,20,2.556
90,20,3.258
92,20,4.034
94,20,4.770
96,20,5.302
98,20,5.755
100,20,6.200
102,20,6.642
104,20,7.061
106,20,7.361
108,20,7.485
110,20,7.396
112,20,7.194
114,20,7.031
116,20,7.026
118,20,7.149
120,20,7.357
122,20,7.564
124,20,7.735
126,20,7.851
128,20,7.915
130,20,7.939
132,20,7.896
134,20,7.756
136,20,7.505
138,20,7.190
140,20,6.901
142,20,6.703
144,20,6.658
146,20,6.763
148,20,6.994
150,20,7.272
150,22,6.828
148,22,6.583
146,22,6.350
144,22,6.150
142,22,6.021
140,22,5.988
138,22,6.081
136,22,6.275
134,22,6.589
132,22,6.961
130,22,7.359
128,22,7.681
126,22,7.903
124,22,8.032
122,22,8.078
120,22,8.082
118,22,8.054
116,22,7.986
114,22,7.870
112,22,7.698
110,22,7.510
108,22,7.358
106,22,7.273
104,22,7.256
102,22,7.272
100,22,7.265
98,22,7.156
96,22,6.854
94,22,6.366
92,22,5.731
90,22,5.063
88,22,4.442
86,22,3.931
84,22,3.466
82,22,3.006
80,22,2.489
78,22,1.892
76,22,1.421
74,22,1.160
72,22,1.164
70,22,1.405
68,22,1.853
66,22,2.304
64,22,2.536
62,22,2.411
60,22,2.102
58,22,1.943
56,22,2.112
54,22,2.563
52,22,3.009
50,22,3.204
48,22,3.138
46,22,2.862
44,22,2.449
42,22,2.033
40,22,1.679
38,22,1.363
36,22,1.111
34,22,9.511
32,22,8.110
30,22,5.311
28,22,1.370
26,22,7.257
24,22,6.461
22,22,1.154
20,22,6.549
18,22,1.348
16,22,1.323
14,22,3.896
12,22,5.947
10,22,6.998
8,22,7.372
6,22,7.490
4,22,7.540
2,22,7.539
0,22,7.531
0,24,7.738
2,24,7.756
4,24,7.770
6,24,7.786
8,24,7.798
10,24,7.798
12,24,7.775
14,24,7.719
16,24,7.622
18,24,7.448
20,24,7.074
22,24,6.341
24,24,5.031
26,24,3.150
28,24,1.260
30,24,1.844
32,24,1.141
34,24,3.999
36,24,3.374
38,24,6.755
40,24,9.693
42,24,5.391
44,24,1.019
46,24,1.301
48,24,1.440
50,24,1.577
52,24,1.808
54,24,2.051
56,24,2.335
58,24,2.676
60,24,3.006
62,24,3.226
64,24,3.307
66,24,3.224
68,24,2.905
70,24,2.478
72,24,2.224
74,24,2.319
76,24,2.658
78,24,2.822
80,24,2.522
82,24,1.923
84,24,1.352
86,24,1.006
88,24,9.886
90,24,1.281
92,24,1.740
94,24,2.213
96,24,2.641
98,24,3.065
100,24,3.586
102,24,4.285
104,24,5.128
106,24,5.976
108,24,6.612
110,24,6.993
112,24,7.180
114,24,7.274
116,24,7.365
118,24,7.519
120,24,7.737
122,24,7.946
124,24,8.107
126,24,8.193
128,24,8.209
130,24,8.150
132,24,7.971
134,24,7.616
136,24,7.098
138,24,6.520
140,24,6.008
142,24,5.658
144,24,5.519
146,24,5.574
148,24,5.784
150,24,6.122
150,26,6.134
148,26,5.911
146,26,5.732
144,26,5.604
142,26,5.569
140,26,5.636
138,26,5.812
136,26,6.113
134,26,6.504
132,26,6.950
130,26,7.399
128,26,7.771
126,26,8.036
124,26,8.192
122,26,8.268
120,26,8.282
118,26,8.245
116,26,8.158
114,26,8.009
112,26,7.826
110,26,7.649
108,26,7.494
106,26,7.363
104,26,7.234
102,26,7.054
100,26,6.748
98,26,6.260
96,26,5.543
94,26,4.703
92,26,3.901
90,26,3.259
88,26,2.805
86,26,2.486
84,26,2.263
82,26,2.057
80,26,1.850
78,26,1.639
76,26,1.482
74,26,1.563
72,26,1.979
70,26,2.681
68,26,3.513
66,26,4.171
64,26,4.364
62,26,4.099
60,26,3.667
58,26,3.428
56,26,3.388
54,26,3.437
52,26,3.466
50,26,3.504
48,26,3.604
46,26,3.832
44,26,4.046
42,26,4.091
40,26,4.019
38,26,3.904
36,26,3.750
34,26,3.628
32,26,3.421
30,26,2.885
28,26,1.942
26,26,9.381
24,26,3.569
22,26,2.656
20,26,7.289
18,26,2.137
16,26,4.319
14,26,6.216
12,26,7.214
10,26,7.627
8,26,7.820
6,26,7.923
4,26,7.959
2,26,7.947
0,26,7.921
0,28,7.939
2,28,7.950
4,28,7.968
6,28,7.985
8,28,7.995
10,28,7.998
12,28,7.985
14,28,7.948
16,28,7.884
18,28,7.790
20,28,7.642
22,28,7.390
24,28,6.910
26,28,6.008
28,28,4.643
30,28,3.100
32,28,1.749
34,28,9.698
36,28,8.153
38,28,1.125
40,28,1.823
42,28,2.741
44,28,3.521
46,28,4.016
48,28,4.231
50,28,4.301
52,28,4.336
54,28,4.357
56,28,4.337
58,28,4.209
60,28,3.899
62,28,3.578
64,28,3.427
66,28,3.433
68,28,3.524
70,28,3.605
72,28,3.788
74,28,4.175
76,28,4.712
78,28,5.033
80,28,4.797
82,28,4.046
84,28,3.118
86,28,2.405
88,28,2.086
90,28,2.098
92,28,2.244
94,28,2.410
96,28,2.568
98,28,2.754
100,28,3.051
102,28,3.532
104,28,4.222
106,28,5.143
108,28,6.043
110,28,6.730
112,28,7.141
114,28,7.381
116,28,7.537
118,28,7.685
120,28,7.870
122,28,8.064
124,28,8.217
126,28,8.300
128,28,8.320
130,28,8.283
132,28,8.166
134,28,7.931
136,28,7.576
138,28,7.133
140,28,6.714
142,28,6.399
144,28,6.233
146,28,6.239
148,28,6.388
150,28,6.638
150,30,7.177
148,30,7.084
146,30,7.006
144,30,6.965
142,30,6.981
140,30,7.065
138,30,7.210
136,30,7.412
134,30,7.639
132,30,7.863
130,30,8.055
128,30,8.197
126,30,8.284
124,30,8.334
122,30,8.354
120,30,8.350
118,30,8.322
116,30,8.263
114,30,8.174
112,30,8.065
110,30,7.945
108,30,7.852
106,30,7.754
104,30,7.626
102,30,7.420
100,30,7.060
98,30,6.533
96,30,5.865
94,30,5.233
92,30,4.731
90,30,4.402
88,30,4.241
86,30,4.161
84,30,4.103
82,30,3.969
80,30,3.775
78,30,3.664
76,30,3.729
74,30,4.043
72,30,4.590
70,30,5.285
68,30,5.957
66,30,6.359
64,30,6.367
62,30,5.978
60,30,5.357
58,30,4.713
56,30,4.164
54,30,3.656
52,30,3.215
50,30,2.979
48,30,2.999
46,30,3.236
44,30,3.537
42,30,3.854
40,30,4.114
38,30,4.265
36,30,4.367
34,30,4.344
32,30,4.145
30,30,3.687
28,30,2.985
26,30,2.381
24,30,2.295
22,30,2.881
20,30,4.181
18,30,5.704
16,30,6.799
14,30,7.395
12,30,7.691
10,30,7.872
8,30,7.976
6,30,8.024
4,30,8.031
2,30,8.008
0,30,7.944
0,32,7.892
2,32,7.913
4,32,7.956
6,32,7.992
8,32,8.015
10,32,8.027
12,32,8.027
14,32,8.017
16,32,7.989
18,32,7.930
20,32,7.828
22,32,7.690
24,32,7.517
26,32,7.270
28,32,6.815
30,32,5.996
32,32,4.812
34,32,3.601
36,32,2.702
38,32,2.251
40,32,2.276
42,32,2.747
44,32,3.288
46,32,3.696
48,32,3.864
50,32,3.897
52,32,3.835
54,32,3.656
56,32,3.444
58,32,3.199
60,32,2.931
62,32,2.739
64,32,2.672
66,32,2.911
68,32,3.441
70,32,4.089
72,32,4.733
74,32,5.447
76,32,6.143
78,32,6.506
80,32,6.424
82,32,5.911
84,32,5.206
86,32,4.529
88,32,4.088
90,32,3.958
92,32,4.124
94,32,4.483
96,32,4.856
98,32,5.104
100,32,5.284
102,32,5.488
104,32,5.858
106,32,6.383
108,32,6.949
110,32,7.446
112,32,7.758
114,32,7.933
116,32,8.034
118,32,8.110
120,32,8.188
122,32,8.261
124,32,8.319
126,32,8.356
128,32,8.370
130,32,8.361
132,32,8.334
134,32,8.289
136,32,8.213
138,32,8.114
140,32,8.007
142,32,7.917
144,32,7.870
146,32,7.863
148,32,7.892
150,32,7.947
150,34,8.106
148,34,8.151
146,34,8.149
144,34,8.152
142,34,8.152
140,34,8.169
138,34,8.163
136,34,8.198
134,34,8.224
132,34,8.254
130,34,8.283
128,34,8.302
126,34,8.320
124,34,8.335
122,34,8.339
120,34,8.336
118,34,8.320
116,34,8.300
114,34,8.271
112,34,8.238
110,34,8.209
108,34,8.175
106,34,8.135
104,34,8.082
102,34,7.993
100,34,7.857
98,34,7.671
96,34,7.450
94,34,7.197
92,34,6.942
90,34,6.631
88,34,6.146
86,34,5.428
84,34,4.617
82,34,3.850
80,34,3.285
78,34,2.968
76,34,2.997
74,34,3.329
72,34,3.852
70,34,4.543
68,34,5.192
66,34,5.533
64,34,5.469
62,34,5.050
60,34,4.518
58,34,4.048
56,34,3.474
54,34,2.804
52,34,2.262
50,34,1.959
48,34,1.900
46,34,1.934
44,34,2.049
42,34,2.176
40,34,2.313
38,34,2.411
36,34,2.464
34,34,2.439
32,34,2.303
30,34,1.928
28,34,1.465
26,34,1.504
24,34,2.268
22,34,3.529
20,34,5.042
18,34,6.373
16,34,7.003
14,34,7.302
12,34,7.591
10,34,7.831
8,34,7.952
6,34,7.989
4,34,7.984
2,34,7.939
0,34,7.819
0,36,7.675
2,36,7.715
4,36,7.797
6,36,7.864
8,36,7.903
10,36,7.920
12,36,7.918
14,36,7.898
16,36,7.848
18,36,7.751
20,36,7.589
22,36,7.351
24,36,7.082
26,36,6.828
28,36,6.513
30,36,5.959
32,36,4.926
34,36,3.764
36,36,2.667
38,36,1.739
40,36,1.235
42,36,1.282
44,36,1.638
46,36,1.915
48,36,2.010
50,36,2.012
52,36,1.948
54,36,1.893
56,36,1.785
58,36,1.629
60,36,1.558
62,36,1.590
64,36,1.691
66,36,1.967
68,36,2.529
70,36,3.201
72,36,3.726
74,36,4.105
76,36,4.524
78,36,4.819
80,36,4.744
82,36,4.210
84,36,3.383
86,36,2.618
88,36,2.115
90,36,1.976
92,36,2.197
94,36,2.841
96,36,3.829
98,36,5.042
100,36,6.137
102,36,6.916
104,36,7.349
106,36,7.607
108,36,7.787
110,36,7.918
112,36,8.007
114,36,8.059
116,36,8.089
118,36,8.102
120,36,8.122
122,36,8.152
124,36,8.180
126,36,8.205
128,36,8.192
130,36,8.180
132,36,8.158
134,36,8.144
136,36,8.073
138,36,8.036
140,36,8.034
142,36,8.024
144,36,8.032
146,36,8.055
148,36,8.088
150,36,8.111
150,38,7.724
148,38,7.809
146,38,7.725
144,38,7.654
142,38,7.588
140,38,7.538
138,38,7.531
136,38,7.526
134,38,7.526
132,38,7.667
130,38,7.749
128,38,7.677
126,38,7.732
124,38,7.780
122,38,7.789
120,38,7.757
118,38,7.747
116,38,7.698
114,38,7.665
112,38,7.637
110,38,7.634
108,38,7.639
106,38,7.645
104,38,7.623
102,38,7.553
100,38,7.424
98,38,7.239
96,38,6.986
94,38,6.606
92,38,6.003
90,38,4.978
88,38,3.675
86,38,2.363
84,38,1.368
82,38,7.601
80,38,5.123
78,38,4.925
76,38,6.073
74,38,8.676
72,38,1.347
70,38,1.976
68,38,2.509
66,38,2.783
64,38,2.842
62,38,2.852
60,38,2.862
58,38,2.778
56,38,2.460
54,38,2.038
52,38,1.677
50,38,1.444
48,38,1.346
46,38,1.366
44,38,1.457
42,38,1.551
40,38,1.631
38,38,1.671
36,38,1.694
34,38,1.722
32,38,1.732
30,38,1.585
28,38,1.416
26,38,1.646
24,38,2.469
22,38,3.538
20,38,4.549
18,38,5.349
16,38,5.943
14,38,6.478
12,38,6.998
10,38,7.365
8,38,7.579
6,38,7.709
4,38,7.760
2,38,7.670
0,38,7.335
0,40,6.865
2,40,7.000
4,40,7.252
6,40,7.446
8,40,7.552
10,40,7.578
12,40,7.543
14,40,7.465
16,40,7.349
18,40,7.199
20,40,6.961
22,40,6.645
24,40,6.256
26,40,5.838
28,40,5.408
30,40,4.921
32,40,4.361
34,40,3.658
36,40,2.880
38,40,2.103
40,40,1.611
42,40,1.574
44,40,1.744
46,40,1.825
48,40,1.804
50,40,1.775
52,40,1.770
54,40,1.757
56,40,1.681
58,40,1.577
60,40,1.450
62,40,1.341
64,40,1.363
66,40,1.548
68,40,1.819
70,40,2.161
72,40,2.356
74,40,2.316
76,40,2.233
78,40,2.170
80,40,1.992
82,40,1.575
84,40,1.034
86,40,6.343
88,40,4.738
90,40,4.083
92,40,2.989
94,40,2.990
96,40,7.116
98,40,1.656
100,40,2.929
102,40,4.215
104,40,5.151
106,40,5.767
108,40,6.174
110,40,6.469
112,40,6.670
114,40,6.756
116,40,6.758
118,40,6.677
120,40,6.630
122,40,6.583
124,40,6.584
126,40,6.712
128,40,6.886
130,40,6.901
132,40,6.868
134,40,6.756
136,40,6.583
138,40,6.399
140,40,6.192
142,40,6.184
144,40,6.273
146,40,6.377
148,40,6.428
150,40,6.511
150,42,5.392
148,42,5.299
146,42,4.698
144,42,4.851
142,42,4.805
140,42,4.631
138,42,4.794
136,42,4.886
134,42,5.051
132,42,5.200
130,42,5.315
128,42,5.483
126,42,5.545
124,42,5.484
122,42,5.525
120,42,5.388
118,42,5.040
116,42,4.994
114,42,4.982
112,42,4.873
110,42,4.908
108,42,4.981
106,42,4.921
104,42,4.827
102,42,4.599
100,42,4.310
98,42,3.839
96,42,3.325
94,42,2.730
92,42,1.985
90,42,1.219
88,42,5.474
86,42,2.407
84,42,2.619
82,42,4.860
80,42,6.908
78,42,6.915
76,42,5.202
74,42,3.315
72,42,2.940
70,42,4.552
68,42,6.748
66,42,7.987
64,42,8.424
62,42,8.849
60,42,9.754
58,42,1.020
56,42,1.001
54,42,9.709
52,42,9.630
50,42,9.914
48,42,1.143
46,42,1.424
44,42,1.747
42,42,1.958
40,42,2.042
38,42,2.045
36,42,2.018
34,42,1.990
32,42,1.897
30,42,1.699
28,42,1.526
26,42,1.641
24,42,2.207
22,42,2.940
20,42,3.573
18,42,4.146
16,42,4.722
14,42,5.316
12,42,5.888
10,42,6.304
8,42,6.590
6,42,6.810
4,42,6.931
2,42,6.755
0,42,6.140
0,44,5.300
2,44,5.441
4,44,5.717
6,44,5.943
8,44,6.054
10,44,6.046
12,44,5.953
14,44,5.798
16,44,5.646
18,44,5.484
20,44,5.294
22,44,5.027
24,44,4.666
26,44,4.266
28,44,3.850
30,44,3.432
32,44,3.002
34,44,2.489
36,44,1.957
38,44,1.502
40,44,1.273
42,44,1.332
44,44,1.511
46,44,1.693
48,44,1.791
50,44,1.819
52,44,1.852
54,44,1.840
56,44,1.739
58,44,1.517
60,44,1.179
62,44,8.615
64,44,7.132
66,44,7.040
68,44,7.137
70,44,7.041
72,44,6.577
74,44,5.820
76,44,5.341
78,44,5.205
80,44,4.408
82,44,2.663
84,44,1.156
86,44,1.700
88,44,4.083
90,44,6.503
92,44,7.202
94,44,5.502
96,44,2.914
98,44,1.760
100,44,3.473
102,44,7.809
104,44,1.333
106,44,1.926
108,44,2.428
110,44,2.920
112,44,3.156
114,44,3.283
116,44,3.534
118,44,3.431
120,44,3.857
122,44,3.873
124,44,3.435
126,44,3.731
128,44,3.961
130,44,4.024
132,44,3.963
134,44,3.753
136,44,3.601
138,44,3.460
140,44,3.293
142,44,3.055
144,44,2.507
146,44,3.056
148,44,3.497
150,44,3.870
150,46,1.991
148,46,1.266
146,46,1.724
144,46,1.820
142,46,2.266
140,46,1.991
138,46,2.302
136,46,2.295
134,46,2.190
132,46,1.862
130,46,2.271
128,46,2.348
126,46,2.565
124,46,2.563
122,46,2.662
120,46,2.680
118,46,2.527
116,46,2.521
114,46,2.519
112,46,2.256
110,46,2.261
108,46,2.056
106,46,2.071
104,46,1.855
102,46,1.584
100,46,1.269
98,46,9.454
96,46,6.261
94,46,3.639
92,46,2.035
90,46,1.570
88,46,2.087
86,46,2.976
84,46,3.623
82,46,3.545
80,46,2.756
78,46,1.696
76,46,6.796
74,46,2.554
72,46,7.236
70,46,1.955
68,46,3.019
66,46,3.230
64,46,2.761
62,46,2.347
60,46,2.481
58,46,3.063
56,46,3.498
54,46,3.600
52,46,3.238
50,46,3.227
48,46,4.862
46,46,8.221
44,46,1.154
42,46,1.336
40,46,1.413
38,46,1.419
36,46,1.399
34,46,1.308
32,46,1.120
30,46,8.785
28,46,7.043
26,46,6.734
24,46,8.631
22,46,1.204
20,46,1.589
18,46,1.990
16,46,2.412
14,46,2.745
12,46,3.023
10,46,3.204
8,46,3.417
6,46,3.688
4,46,3.821
2,46,3.814
0,46,3.570
0,48,2.514
2,48,2.463
4,48,2.498
6,48,2.557
8,48,2.551
10,48,2.516
12,48,2.431
14,48,2.342
16,48,2.239
18,48,2.150
20,48,2.065
22,48,2.001
24,48,1.903
26,48,1.734
28,48,1.563
30,48,1.313
32,48,1.093
34,48,8.711
36,48,6.670
38,48,5.362
40,48,5.241
42,48,6.352
44,48,8.575
46,48,1.106
48,48,1.308
50,48,1.408
52,48,1.413
54,48,1.364
56,48,1.264
58,48,1.048
60,48,6.805
62,48,3.359
64,48,1.758
66,48,1.748
68,48,1.973
70,48,1.742
72,48,1.347
74,48,1.055
76,48,1.234
78,48,1.902
80,48,2.318
82,48,1.997
84,48,1.269
86,48,7.493
88,48,5.765
90,48,7.179
92,48,1.093
94,48,1.568
96,48,2.059
98,48,2.199
100,48,2.054
102,48,2.342
104,48,2.183
106,48,3.371
108,48,4.728
110,48,8.073
112,48,1.488
114,48,1.632
116,48,1.773
118,48,1.782
120,48,1.731
122,48,1.794
124,48,1.710
126,48,1.651
128,48,1.506
130,48,1.492
132,48,1.476
134,48,1.074
136,48,1.214
138,48,9.809
140,48,9.106
142,48,6.695
144,48,6.974
146,48,8.825
148,48,8.614
150,48,1.079
150,50,5.582
148,50,7.387
146,50,4.994
144,50,5.492
142,50,3.592
140,50,3.100
138,50,5.651
136,50,3.340
134,50,3.640
132,50,3.774
130,50,7.050
128,50,7.069
126,50,6.940
124,50,8.258
122,50,9.167
120,50,1.000
118,50,1.426
116,50,1.478
114,50,1.478
112,50,1.265
110,50,1.515
108,50,1.460
106,50,1.472
104,50,1.414
102,50,1.242
100,50,1.017
98,50,7.089
96,50,5.083
94,50,3.847
92,50,4.483
90,50,3.084
88,50,2.338
86,50,1.040
84,50,5.492
82,50,2.929
80,50,3.876
78,50,5.124
76,50,5.551
74,50,5.576
72,50,6.348
70,50,7.811
68,50,1.070
66,50,1.331
64,50,1.329
62,50,1.346
60,50,1.065
58,50,7.456
56,50,4.729
54,50,4.536
52,50,1.105
50,50,3.261
48,50,7.098
46,50,1.132
44,50,1.453
42,50,1.717
40,50,1.982
38,50,2.188
36,50,2.193
34,50,1.893
32,50,1.374
30,50,8.686
28,50,5.646
26,50,4.396
24,50,4.198
22,50,4.615
20,50,5.613
18,50,7.016
16,50,8.575
14,50,9.857
12,50,1.061
10,50,1.095
8,50,1.149
6,50,1.194
4,50,1.239
2,50,1.225
0,50,1.118
0,52,9.315
2,52,9.488
4,52,9.959
6,52,1.043
8,52,1.078
10,52,1.093
12,52,1.088
14,52,1.078
16,52,1.066
18,52,1.058
20,52,1.052
22,52,1.039
24,52,9.824
26,52,8.880
28,52,7.674
30,52,6.448
32,52,5.295
34,52,4.542
36,52,4.347
38,52,4.772
40,52,6.012
42,52,8.700
44,52,1.323
46,52,1.926
48,52,2.414
50,52,2.589
52,52,2.449
54,52,2.129
56,52,1.768
58,52,1.454
60,52,1.098
62,52,6.887
64,52,3.568
66,52,1.975
68,52,1.757
70,52,2.358
72,52,3.349
74,52,4.041
76,52,4.161
78,52,3.751
80,52,2.668
82,52,1.594
84,52,6.764
86,52,3.613
88,52,4.799
90,52,8.726
92,52,1.377
94,52,1.711
96,52,1.818
98,52,2.827
100,52,7.620
102,52,1.080
104,52,1.208
106,52,1.084
108,52,1.197
110,52,1.460
112,52,1.700
114,52,1.722
116,52,1.721
118,52,1.699
120,52,1.572
122,52,1.579
124,52,1.366
126,52,1.450
128,52,8.636
130,52,5.493
132,52,9.186
134,52,6.071
136,52,7.114
138,52,5.352
140,52,3.653
142,52,4.371
144,52,2.117
146,52,2.298
148,52,1.315
150,52,6.336
150,54,2.027
148,54,1.779
146,54,1.781
144,54,1.516
142,54,1.906
140,54,1.862
138,54,2.726
136,54,4.080
134,54,4.610
132,54,7.373
130,54,7.128
128,54,5.875
126,54,8.412
124,54,1.227
122,54,1.320
120,54,1.308
118,54,1.601
116,54,1.815
114,54,1.839
112,54,2.375
110,54,2.341
108,54,2.364
106,54,2.569
104,54,2.553
102,54,2.534
100,54,2.514
98,54,2.244
96,54,2.234
94,54,1.586
92,54,1.254
90,54,1.796
88,54,1.746
86,54,1.122
84,54,9.091
82,54,8.067
80,54,6.260
78,54,4.198
76,54,2.373
74,54,1.789
72,54,2.153
70,54,3.354
68,54,5.318
66,54,7.541
64,54,9.186
62,54,9.838
60,54,8.763
58,54,6.528
56,54,4.342
54,54,3.422
52,54,4.163
50,54,6.277
48,54,8.723
46,54,1.061
44,54,1.269
42,54,1.625
40,54,2.163
38,54,2.680
36,54,2.881
34,54,2.676
32,54,2.218
30,54,1.756
28,54,1.426
26,54,1.247
24,54,1.130
22,54,1.110
20,54,1.265
18,54,1.534
16,54,1.815
14,54,2.044
12,54,2.109
10,54,2.069
8,54,1.983
6,54,1.888
4,54,1.836
2,54,1.747
0,54,1.629
0,56,2.364
2,56,2.425
4,56,2.553
6,56,2.676
8,56,2.785
10,56,2.891
12,56,2.898
14,56,2.920
16,56,2.982
18,56,3.061
20,56,3.082
22,56,3.021
24,56,2.903
26,56,2.678
28,56,2.351
30,56,2.004
32,56,1.706
34,56,1.538
36,56,1.552
38,56,1.660
40,56,1.762
42,56,1.905
44,56,2.120
46,56,2.397
48,56,2.601
50,56,2.574
52,56,2.239
54,56,1.739
56,56,1.337
58,56,1.136
60,56,1.047
62,56,8.971
64,56,6.586
66,56,4.231
68,56,3.356
70,56,4.389
72,56,6.423
74,56,7.880
76,56,7.710
78,56,6.256
80,56,4.368
82,56,2.846
84,56,2.558
86,56,3.610
88,56,5.903
90,56,1.020
92,56,1.534
94,56,1.670
96,56,2.024
98,56,2.122
100,56,2.368
102,56,2.620
104,56,2.666
106,56,3.101
108,56,3.034
110,56,3.342
112,56,3.439
114,56,3.385
116,56,3.141
118,56,3.316
120,56,3.135
122,56,2.651
124,56,2.013
126,56,2.015
128,56,2.370
130,56,1.329
132,56,1.123
134,56,1.113
136,56,9.805
138,56,8.304
140,56,8.421
142,56,8.229
144,56,1.069
146,56,1.234
148,56,1.616
150,56,1.335
150,58,2.447
148,58,2.550
146,58,2.550
144,58,2.697
142,58,2.326
140,58,2.397
138,58,1.763
136,58,1.686
134,58,1.615
132,58,1.585
130,58,1.684
128,58,1.582
126,58,1.866
124,58,2.011
122,58,2.161
120,58,2.557
118,58,2.677
116,58,3.088
114,58,3.017
112,58,3.574
110,58,3.432
108,58,3.795
106,58,4.141
104,58,4.651
102,58,4.664
100,58,4.463
98,58,4.622
96,58,4.707
94,58,4.726
92,58,4.711
90,58,4.824
88,58,4.755
86,58,4.589
84,58,4.488
82,58,4.190
80,58,3.684
78,58,2.869
76,58,2.310
74,58,1.895
72,58,1.486
70,58,1.034
68,58,8.399
66,58,6.824
64,58,5.980
62,58,6.318
60,58,7.275
58,58,9.858
56,58,1.450
54,58,2.114
52,58,2.792
50,58,3.223
48,58,3.263
46,58,2.970
44,58,2.633
42,58,2.398
40,58,2.339
38,58,2.468
36,58,2.679
34,58,2.926
32,58,3.280
30,58,3.673
28,58,3.964
26,58,4.046
24,58,4.007
22,58,4.011
20,58,4.277
18,58,4.769
16,58,5.338
14,58,5.657
12,58,5.696
10,58,5.598
8,58,5.526
6,58,5.396
4,58,5.216
2,58,4.961
0,58,4.728
0,60,5.823
2,60,5.907
4,60,6.090
6,60,6.232
8,60,6.322
10,60,6.369
12,60,6.461
14,60,6.548
16,60,6.579
18,60,6.598
20,60,6.644
22,60,6.625
24,60,6.529
26,60,6.283
28,60,5.897
30,60,5.455
32,60,5.082
34,60,4.907
36,60,4.888
38,60,4.910
40,60,4.800
42,60,4.474
44,60,4.018
46,60,3.557
48,60,3.207
50,60,2.991
52,60,2.871
54,60,2.922
56,60,3.194
58,60,3.586
60,60,4.071
62,60,4.293
64,60,4.093
66,60,3.499
68,60,2.667
70,60,1.945
72,60,1.428
74,60,1.160
76,60,1.125
78,60,1.239
80,60,1.512
82,60,1.918
84,60,2.463
86,60,2.970
88,60,3.431
90,60,4.153
92,60,4.978
94,60,5.439
96,60,5.872
98,60,5.835
100,60,5.837
102,60,5.762
104,60,5.695
106,60,5.579
108,60,5.594
110,60,5.512
112,60,5.365
114,60,5.206
116,60,5.497
118,60,5.269
120,60,4.657
122,60,4.542
124,60,4.411
126,60,4.341
128,60,3.904
130,60,3.507
132,60,3.240
134,60,3.051
136,60,3.231
138,60,3.486
140,60,3.942
142,60,4.208
144,60,4.331
146,60,4.657
148,60,4.734
150,60,4.814
150,62,6.047
148,62,6.313
146,62,6.327
144,62,6.276
142,62,6.258
140,62,6.120
138,62,5.639
136,62,5.684
134,62,5.137
132,62,5.313
130,62,5.086
128,62,5.276
126,62,5.248
124,62,5.274
122,62,5.634
120,62,5.855
118,62,5.911
116,62,6.131
114,62,6.295
112,62,6.298
110,62,6.348
108,62,6.294
106,62,6.645
104,62,6.643
102,62,6.506
100,62,6.666
98,62,6.964
96,62,6.994
94,62,6.987
92,62,7.214
90,62,7.279
88,62,7.387
86,62,7.458
84,62,7.443
82,62,7.344
80,62,7.108
78,62,6.680
76,62,6.207
74,62,5.849
72,62,5.650
70,62,5.331
68,62,4.958
66,62,4.683
64,62,4.476
62,62,4.463
60,62,4.745
58,62,5.295
56,62,5.988
54,62,6.602
52,62,6.980
50,62,7.104
48,62,6.995
46,62,6.703
44,62,6.324
42,62,6.006
40,62,5.809
38,62,5.767
36,62,5.846
34,62,6.080
32,62,6.433
30,62,6.848
28,62,7.135
26,62,7.211
24,62,7.178
22,62,7.159
20,62,7.283
18,62,7.503
16,62,7.668
14,62,7.731
12,62,7.741
10,62,7.726
8,62,7.693
6,62,7.655
4,62,7.598
2,62,7.520
0,62,7.397
0,64,7.631
2,64,7.692
4,64,7.758
6,64,7.801
8,64,7.822
10,64,7.838
12,64,7.849
14,64,7.861
16,64,7.878
18,64,7.893
20,64,7.900
22,64,7.901
24,64,7.890
26,64,7.853
28,64,7.773
30,64,7.663
32,64,7.562
34,64,7.525
36,64,7.535
38,64,7.550
40,64,7.498
42,64,7.325
44,64,7.061
46,64,6.780
48,64,6.582
50,64,6.496
52,64,6.491
54,64,6.611
56,64,6.798
58,64,7.071
60,64,7.335
62,64,7.486
64,64,7.482
66,64,7.321
68,64,6.960
70,64,6.451
72,64,5.977
74,64,5.672
76,64,5.682
78,64,5.843
80,64,6.130
82,64,6.448
84,64,6.741
86,64,6.981
88,64,7.260
90,64,7.580
92,64,7.723
94,64,7.881
96,64,7.939
98,64,7.933
100,64,7.879
102,64,7.784
104,64,7.760
106,64,7.643
108,64,7.523
110,64,7.510
112,64,7.336
114,64,7.368
116,64,7.291
118,64,7.340
120,64,7.322
122,64,7.232
124,64,7.216
126,64,7.198
128,64,7.067
130,64,7.020
132,64,6.863
134,64,6.950
136,64,6.995
138,64,7.086
140,64,7.265
142,64,7.365
144,64,7.526
146,64,7.546
148,64,7.735
150,64,7.737
150,66,8.095
148,66,8.132
146,66,8.145
144,66,8.145
142,66,8.105
140,66,8.074
138,66,8.021
136,66,7.985
134,66,7.947
132,66,7.881
130,66,7.850
128,66,7.839
126,66,7.934
124,66,7.934
122,66,7.889
120,66,7.898
118,66,7.838
116,66,7.823
114,66,7.801
112,66,7.792
110,66,7.788
108,66,7.812
106,66,7.759
104,66,7.750
102,66,7.740
100,66,7.691
98,66,7.848
96,66,7.896
94,66,7.964
92,66,8.105
90,66,8.039
88,66,8.124
86,66,8.268
84,66,8.264
82,66,8.279
80,66,8.255
78,66,8.251
76,66,8.206
74,66,8.157
72,66,8.061
70,66,8.019
68,66,7.958
66,66,7.810
64,66,7.760
62,66,7.711
60,66,7.745
58,66,7.830
56,66,7.893
54,66,7.947
52,66,8.029
50,66,8.084
48,66,8.074
46,66,8.030
44,66,7.952
42,66,7.878
40,66,7.822
38,66,7.793
36,66,7.795
34,66,7.847
32,66,7.921
30,66,7.997
28,66,8.027
26,66,8.028
24,66,8.008
22,66,8.006
20,66,8.019
18,66,8.038
16,66,8.048
14,66,8.043
12,66,8.035
10,66,8.019
8,66,8.005
6,66,7.995
4,66,7.987
2,66,7.970
0,66,7.902
0,68,7.876
2,68,7.905
4,68,7.937
6,68,7.957
8,68,7.967
10,68,7.974
12,68,7.976
14,68,7.980
16,68,7.986
18,68,7.994
20,68,8.009
22,68,8.019
24,68,8.027
26,68,8.034
28,68,8.042
30,68,8.037
32,68,8.033
34,68,8.031
36,68,8.044
38,68,8.060
40,68,8.067
42,68,8.051
44,68,8.003
46,68,7.951
48,68,7.909
50,68,7.896
52,68,7.917
54,68,7.969
56,68,8.039
58,68,8.110
60,68,8.134
62,68,8.120
64,68,8.052
66,68,7.977
68,68,7.941
70,68,7.923
72,68,7.935
74,68,7.958
76,68,7.986
78,68,8.071
80,68,8.166
82,68,8.225
84,68,8.288
86,68,8.295
88,68,8.345
90,68,8.364
92,68,8.335
94,68,8.292
96,68,8.292
98,68,8.306
100,68,8.176
102,68,8.218
104,68,8.088
106,68,8.008
108,68,8.011
110,68,7.877
112,68,7.918
114,68,7.901
116,68,7.925
118,68,8.003
120,68,7.976
122,68,8.034
124,68,8.107
126,68,8.150
128,68,8.237
130,68,8.278
132,68,8.260
134,68,8.255
136,68,8.275
138,68,8.352
140,68,8.340
142,68,8.376
144,68,8.399
146,68,8.405
148,68,8.399
150,68,8.406
150,70,8.412
148,70,8.382
146,70,8.445
144,70,8.448
142,70,8.441
140,70,8.446
138,70,8.443
136,70,8.449
134,70,8.442
132,70,8.448
130,70,8.430
128,70,8.438
126,70,8.413
124,70,8.374
122,70,8.373
120,70,8.392
118,70,8.411
116,70,8.287
114,70,8.178
112,70,8.346
110,70,8.246
108,70,8.192
106,70,8.057
104,70,8.021
102,70,7.954
100,70,7.982
98,70,8.011
96,70,7.973
94,70,7.975
92,70,7.986
90,70,8.104
88,70,8.080
86,70,8.147
84,70,8.187
82,70,8.254
80,70,8.309
78,70,8.274
76,70,8.389
74,70,8.389
72,70,8.401
70,70,8.399
68,70,8.379
66,70,8.346
64,70,8.294
62,70,8.168
60,70,7.944
58,70,7.706
56,70,7.581
54,70,7.623
52,70,7.814
50,70,8.070
48,70,8.197
46,70,8.211
44,70,8.168
42,70,8.108
40,70,8.033
38,70,7.992
36,70,7.975
34,70,7.979
32,70,8.019
30,70,8.023
28,70,8.021
26,70,8.000
24,70,7.961
22,70,7.922
20,70,7.903
18,70,7.883
16,70,7.873
14,70,7.863
12,70,7.835
10,70,7.813
8,70,7.815
6,70,7.820
4,70,7.815
2,70,7.792
0,70,7.752
0,72,7.603
2,72,7.615
4,72,7.632
6,72,7.649
8,72,7.666
10,72,7.677
12,72,7.679
14,72,7.678
16,72,7.674
18,72,7.689
20,72,7.707
22,72,7.721
24,72,7.741
26,72,7.762
28,72,7.783
30,72,7.801
32,72,7.807
34,72,7.842
36,72,7.895
38,72,7.942
40,72,7.965
42,72,7.966
44,72,7.949
46,72,7.940
48,72,7.937
50,72,7.973
52,72,8.006
54,72,8.063
56,72,8.133
58,72,8.171
60,72,8.189
62,72,8.098
64,72,7.847
66,72,7.569
68,72,7.482
70,72,7.552
72,72,7.780
74,72,8.053
76,72,8.241
78,72,8.336
80,72,8.376
82,72,8.363
84,72,8.384
86,72,8.409
88,72,8.367
90,72,8.265
92,72,8.304
94,72,8.209
96,72,8.120
98,72,7.939
100,72,7.964
102,72,8.043
104,72,7.922
106,72,7.899
108,72,7.979
110,72,8.072
112,72,8.045
114,72,8.136
116,72,8.214
118,72,8.230
120,72,8.361
122,72,8.342
124,72,8.404
126,72,8.434
128,72,8.402
130,72,8.424
132,72,8.449
134,72,8.459
136,72,8.454
138,72,8.465
140,72,8.457
142,72,8.437
144,72,8.412
146,72,8.448
148,72,8.398
150,72,8.299
150,74,8.256
148,74,8.282
146,74,8.297
144,74,8.282
142,74,8.385
140,74,8.352
138,74,8.379
136,74,8.395
134,74,8.415
132,74,8.402
130,74,8.424
128,74,8.421
126,74,8.403
124,74,8.420
122,74,8.426
120,74,8.422
118,74,8.404
116,74,8.408
114,74,8.375
112,74,8.411
110,74,8.359
108,74,8.343
106,74,8.258
104,74,8.229
102,74,8.184
100,74,8.034
98,74,8.052
96,74,7.992
94,74,8.025
92,74,7.912
90,74,7.799
88,74,7.737
86,74,7.760
84,74,7.795
82,74,7.857
80,74,7.946
78,74,8.013
76,74,7.952
74,74,8.079
72,74,8.263
70,74,8.246
68,74,8.204
66,74,8.147
64,74,8.080
62,74,7.851
60,74,7.557
58,74,7.346
56,74,7.298
54,74,7.385
52,74,7.637
50,74,7.963
48,74,8.143
46,74,8.149
44,74,8.083
42,74,7.997
40,74,7.918
38,74,7.858
36,74,7.806
34,74,7.791
32,74,7.790
30,74,7.783
28,74,7.738
26,74,7.640
24,74,7.522
22,74,7.438
20,74,7.406
18,74,7.407
16,74,7.396
14,74,7.366
12,74,7.323
10,74,7.304
8,74,7.311
6,74,7.307
4,74,7.275
2,74,7.238
0,74,7.178
0,76,6.818
2,76,6.844
4,76,6.855
6,76,6.900
8,76,6.950
10,76,6.988
12,76,7.011
14,76,7.023
16,76,7.033
18,76,7.050
20,76,7.079
22,76,7.120
24,76,7.158
26,76,7.176
28,76,7.174
30,76,7.180
32,76,7.191
34,76,7.260
36,76,7.386
38,76,7.514
40,76,7.637
42,76,7.694
44,76,7.696
46,76,7.707
48,76,7.713
50,76,7.765
52,76,7.814
54,76,7.899
56,76,7.983
58,76,8.045
60,76,8.095
62,76,8.025
64,76,7.728
66,76,7.431
68,76,7.235
70,76,7.261
72,76,7.401
74,76,7.702
76,76,8.002
78,76,8.066
80,76,8.084
82,76,8.130
84,76,8.148
86,76,8.081
88,76,7.958
90,76,7.750
92,76,7.753
94,76,7.751
96,76,7.683
98,76,7.683
100,76,7.668
102,76,7.781
104,76,7.825
106,76,7.942
108,76,7.953
110,76,8.029
112,76,8.124
114,76,8.132
116,76,8.233
118,76,8.320
120,76,8.269
122,76,8.301
124,76,8.330
126,76,8.331
128,76,8.330
130,76,8.348
132,76,8.305
134,76,8.312
136,76,8.336
138,76,8.224
140,76,8.170
142,76,8.196
144,76,8.124
146,76,8.230
148,76,8.103
150,76,8.031
150,78,7.769
148,78,7.766
146,78,7.732
144,78,7.871
142,78,7.852
140,78,7.799
138,78,7.937
136,78,8.024
134,78,8.096
132,78,8.111
130,78,8.108
128,78,8.132
126,78,8.185
124,78,8.203
122,78,8.215
120,78,8.214
118,78,8.190
116,78,8.251
114,78,8.254
112,78,8.238
110,78,8.248
108,78,8.229
106,78,8.212
104,78,8.170
102,78,8.088
100,78,8.069
98,78,8.012
96,78,7.962
94,78,7.919
92,78,7.828
90,78,7.625
88,78,7.584
86,78,7.495
84,78,7.463
82,78,7.352
80,78,7.428
78,78,7.424
76,78,7.490
74,78,7.484
72,78,7.724
70,78,7.627
68,78,7.731
66,78,7.656
64,78,7.705
62,78,7.534
60,78,7.285
58,78,7.297
56,78,7.366
54,78,7.599
52,78,7.817
50,78,8.003
48,78,8.055
46,78,7.960
44,78,7.788
42,78,7.620
40,78,7.473
38,78,7.437
36,78,7.393
34,78,7.383
32,78,7.395
30,78,7.305
28,78,7.133
26,78,6.785
24,78,6.489
22,78,6.365
20,78,6.446
18,78,6.549
16,78,6.549
14,78,6.510
12,78,6.446
10,78,6.416
8,78,6.402
6,78,6.350
4,78,6.262
2,78,6.126
0,78,6.013
0,80,5.629
2,80,5.656
4,80,5.724
6,80,5.822
8,80,5.921
10,80,6.015
12,80,6.081
14,80,6.129
16,80,6.174
18,80,6.194
20,80,6.213
22,80,6.261
24,80,6.307
26,80,6.336
28,80,6.301
30,80,6.146
32,80,5.957
34,80,5.932
36,80,6.171
38,80,6.595
40,80,6.980
42,80,7.182
44,80,7.267
46,80,7.287
48,80,7.252
50,80,7.266
52,80,7.339
54,80,7.467
56,80,7.663
58,80,7.844
60,80,7.910
62,80,7.949
64,80,7.864
66,80,7.738
68,80,7.509
70,80,7.356
72,80,7.336
74,80,7.337
76,80,7.441
78,80,7.474
80,80,7.514
82,80,7.616
84,80,7.578
86,80,7.587
88,80,7.334
90,80,7.233
92,80,7.114
94,80,7.126
96,80,7.160
98,80,7.157
100,80,7.304
102,80,7.483
104,80,7.610
106,80,7.651
108,80,7.861
110,80,7.897
112,80,8.038
114,80,8.063
116,80,8.097
118,80,8.115
120,80,8.107
122,80,8.103
124,80,8.085
126,80,8.058
128,80,7.995
130,80,8.030
132,80,8.032
134,80,7.930
136,80,7.909
138,80,7.722
140,80,7.741
142,80,7.682
144,80,7.602
146,80,7.540
148,80,7.414
150,80,7.361
150,82,7.069
148,82,7.040
146,82,7.181
144,82,7.170
142,82,7.039
140,82,7.052
138,82,7.180
136,82,7.271
134,82,7.462
132,82,7.491
130,82,7.544
128,82,7.450
126,82,7.507
124,82,7.531
122,82,7.735
120,82,7.797
118,82,7.841
116,82,7.806
114,82,7.883
112,82,7.912
110,82,7.957
108,82,7.965
106,82,7.962
104,82,7.956
102,82,7.928
100,82,7.905
98,82,7.838
96,82,7.765
94,82,7.723
92,82,7.666
90,82,7.522
88,82,7.559
86,82,7.320
84,82,6.993
82,82,6.939
80,82,6.917
78,82,6.714
76,82,6.753
74,82,6.839
72,82,6.689
70,82,6.645
68,82,6.747
66,82,6.624
64,82,6.834
62,82,6.855
60,82,6.945
58,82,7.281
56,82,7.520
54,82,7.680
52,82,7.870
50,82,7.928
48,82,7.893
46,82,7.719
44,82,7.597
42,82,7.443
40,82,7.201
38,82,7.130
36,82,7.092
34,82,7.074
32,82,7.093
30,82,6.834
28,82,6.050
26,82,5.137
24,82,4.667
22,82,4.881
20,82,5.497
18,82,5.959
16,82,6.042
14,82,5.995
12,82,5.936
10,82,5.891
8,82,5.841
6,82,5.732
4,82,5.516
2,82,5.242
0,82,5.062
0,84,4.840
2,84,4.883
4,84,4.977
6,84,5.131
8,84,5.325
10,84,5.504
12,84,5.654
14,84,5.743
16,84,5.786
18,84,5.822
20,84,5.861
22,84,5.914
24,84,5.944
26,84,5.959
28,84,5.803
30,84,5.331
32,84,4.686
34,84,4.262
36,84,4.354
38,84,4.976
40,84,5.938
42,84,6.705
44,84,7.014
46,84,7.069
48,84,7.032
50,84,7.085
52,84,7.102
54,84,7.273
56,84,7.427
58,84,7.645
60,84,7.808
62,84,7.880
64,84,7.871
66,84,7.803
68,84,7.611
70,84,7.343
72,84,7.018
74,84,6.852
76,84,6.621
78,84,6.326
80,84,6.476
82,84,6.567
84,84,6.528
86,84,6.544
88,84,6.532
90,84,6.534
92,84,6.834
94,84,7.037
96,84,7.116
98,84,7.119
100,84,7.582
102,84,7.637
104,84,7.635
106,84,7.743
108,84,7.730
110,84,7.779
112,84,7.815
114,84,7.829
116,84,7.836
118,84,7.783
120,84,7.777
122,84,7.708
124,84,7.661
126,84,7.545
128,84,7.266
130,84,7.412
132,84,7.191
134,84,7.023
136,84,7.034
138,84,6.670
140,84,6.801
142,84,6.858
144,84,6.651
146,84,6.689
148,84,6.672
150,84,6.736
150,86,6.679
148,86,6.724
146,86,6.691
144,86,6.605
142,86,6.571
140,86,6.555
138,86,6.515
136,86,6.612
134,86,6.588
132,86,6.543
130,86,6.707
128,86,6.636
126,86,6.656
124,86,6.809
122,86,6.932
120,86,6.912
118,86,6.942
116,86,7.203
114,86,7.385
112,86,7.524
110,86,7.462
108,86,7.444
106,86,7.668
104,86,7.717
102,86,7.702
100,86,7.698
98,86,7.741
96,86,7.716
94,86,7.717
92,86,7.683
90,86,7.665
88,86,7.568
86,86,7.563
84,86,7.412
82,86,7.298
80,86,7.121
78,86,6.874
76,86,6.762
74,86,6.541
72,86,6.411
70,86,6.176
68,86,5.899
66,86,5.673
64,86,5.846
62,86,6.061
60,86,6.290
58,86,6.634
56,86,7.081
54,86,7.399
52,86,7.418
50,86,7.421
48,86,7.568
46,86,7.554
44,86,7.437
42,86,7.345
40,86,7.249
38,86,7.196
36,86,7.139
34,86,7.042
32,86,6.820
30,86,6.182
28,86,5.007
26,86,4.002
24,86,3.744
22,86,4.276
20,86,5.149
18,86,5.837
16,86,5.990
14,86,5.948
12,86,5.853
10,86,5.785
8,86,5.729
6,86,5.579
4,86,5.291
2,86,4.945
0,86,4.712
0,88,4.665
2,88,4.727
4,88,4.840
6,88,5.033
8,88,5.245
10,88,5.452
12,88,5.602
14,88,5.690
16,88,5.726
18,88,5.761
20,88,5.823
22,88,5.882
24,88,5.957
26,88,5.960
28,88,5.791
30,88,5.256
32,88,4.444
34,88,3.805
36,88,3.719
38,88,4.210
40,88,5.136
42,88,6.323
44,88,6.851
46,88,7.089
48,88,7.227
50,88,7.146
52,88,7.146
54,88,7.277
56,88,7.358
58,88,7.451
60,88,7.495
62,88,7.447
64,88,7.481
66,88,7.112
68,88,6.929
70,88,6.394
72,88,6.396
74,88,6.104
76,88,5.910
78,88,5.792
80,88,5.823
82,88,5.940
84,88,6.266
86,88,6.746
88,88,6.722
90,88,6.951
92,88,6.870
94,88,7.208
96,88,7.388
98,88,7.525
100,88,7.571
102,88,7.528
104,88,7.599
106,88,7.637
108,88,7.633
110,88,7.597
112,88,7.665
114,88,7.565
116,88,7.378
118,88,7.339
120,88,7.444
122,88,7.367
124,88,6.853
126,88,7.028
128,88,7.041
130,88,6.571
132,88,6.592
134,88,6.480
136,88,6.401
138,88,6.397
140,88,6.708
142,88,6.411
144,88,6.495
146,88,6.413
148,88,6.507
150,88,7.050
150,90,7.155
148,90,7.043
146,90,6.836
144,90,6.591
142,90,6.810
140,90,6.643
138,90,6.877
136,90,6.552
134,90,6.280
132,90,6.314
130,90,6.372
128,90,6.348
126,90,6.323
124,90,6.316
122,90,6.351
120,90,6.534
118,90,6.647
116,90,6.603
114,90,6.421
112,90,6.598
110,90,6.980
108,90,6.889
106,90,7.087
104,90,7.302
102,90,7.207
100,90,7.277
98,90,7.373
96,90,7.382
94,90,7.420
92,90,7.443
90,90,7.445
88,90,7.461
86,90,7.459
84,90,7.343
82,90,7.313
80,90,7.237
78,90,7.243
76,90,7.167
74,90,6.827
72,90,6.515
70,90,6.093
68,90,5.860
66,90,5.525
64,90,5.452
62,90,5.400
60,90,5.547
58,90,5.777
56,90,6.179
54,90,6.422
52,90,6.512
50,90,6.713
48,90,6.789
46,90,6.766
44,90,6.926
42,90,7.031
40,90,7.052
38,90,7.053
36,90,7.107
34,90,6.977
32,90,6.523
30,90,5.880
28,90,5.106
26,90,4.231
24,90,4.110
22,90,4.630
20,90,5.438
18,90,5.852
16,90,5.905
14,90,5.785
12,90,5.612
10,90,5.522
8,90,5.546
6,90,5.489
4,90,5.257
2,90,4.921
0,90,4.601
0,92,4.344
2,92,4.460
4,92,4.632
6,92,4.861
8,92,5.063
10,92,5.205
12,92,5.264
14,92,5.264
16,92,5.252
18,92,5.276
20,92,5.377
22,92,5.531
24,92,5.693
26,92,5.779
28,92,5.646
30,92,5.432
32,92,4.963
34,92,4.415
36,92,4.235
38,92,4.518
40,92,5.193
42,92,6.060
44,92,6.515
46,92,6.799
48,92,6.940
50,92,6.844
52,92,6.892
54,92,6.897
56,92,6.881
58,92,6.694
60,92,6.616
62,92,6.381
64,92,6.393
66,92,6.277
68,92,5.962
70,92,5.692
72,92,5.504
74,92,5.369
76,92,5.058
78,92,5.051
80,92,5.454
82,92,5.536
84,92,6.028
86,92,6.387
88,92,6.500
90,92,6.912
92,92,7.084
94,92,7.194
96,92,7.190
98,92,7.177
100,92,7.172
102,92,7.151
104,92,7.120
106,92,7.112
108,92,6.972
110,92,6.966
112,92,6.935
114,92,6.897
116,92,6.879
118,92,6.578
120,92,6.136
122,92,6.257
124,92,6.070
126,92,6.007
128,92,6.038
130,92,5.961
132,92,6.076
134,92,6.140
136,92,6.299
138,92,6.422
140,92,6.789
142,92,6.529
144,92,6.431
146,92,6.709
148,92,7.038
150,92,7.173
150,94,7.225
148,94,7.198
146,94,6.854
144,94,6.943
142,94,6.715
140,94,6.829
138,94,6.915
136,94,6.470
134,94,6.331
132,94,6.044
130,94,6.303
128,94,6.603
126,94,5.972
124,94,5.782
122,94,5.524
120,94,5.542
118,94,5.664
116,94,5.430
114,94,5.454
112,94,5.435
110,94,5.370
108,94,5.492
106,94,5.534
104,94,5.849
102,94,5.932
100,94,5.897
98,94,5.833
96,94,6.007
94,94,6.053
92,94,6.083
90,94,6.346
88,94,6.480
86,94,6.516
84,94,6.598
82,94,6.572
80,94,6.562
78,94,6.493
76,94,6.295
74,94,6.135
72,94,5.624
70,94,5.446
68,94,5.089
66,94,4.855
64,94,4.663
62,94,4.186
60,94,4.117
58,94,4.371
56,94,4.283
54,94,4.053
52,94,4.070
50,94,4.369
48,94,4.818
46,94,5.465
44,94,5.570
42,94,5.737
40,94,5.825
38,94,6.039
36,94,6.011
34,94,6.228
32,94,6.216
30,94,5.847
28,94,5.381
26,94,5.023
24,94,5.020
22,94,4.983
20,94,5.125
18,94,5.144
16,94,5.090
14,94,4.881
12,94,4.694
10,94,4.566
8,94,4.611
6,94,4.597
4,94,4.432
2,94,4.067
0,94,3.683
0,96,3.212
2,96,3.352
4,96,3.537
6,96,3.756
8,96,3.968
10,96,4.114
12,96,4.162
14,96,4.139
16,96,4.137
18,96,4.150
20,96,4.256
22,96,4.401
24,96,4.564
26,96,4.694
28,96,4.750
30,96,4.810
32,96,4.820
34,96,4.926
36,96,4.750
38,96,5.100
40,96,5.596
42,96,5.582
44,96,5.883
46,96,6.073
48,96,6.055
50,96,5.990
52,96,5.758
54,96,5.538
56,96,5.257
58,96,5.152
60,96,4.333
62,96,4.360
64,96,4.303
66,96,4.033
68,96,3.855
70,96,3.761
72,96,3.704
74,96,3.711
76,96,3.903
78,96,4.064
80,96,4.391
82,96,4.282
84,96,4.804
86,96,5.143
88,96,5.434
90,96,5.853
92,96,5.971
94,96,6.014
96,96,5.993
98,96,5.915
100,96,5.751
102,96,5.653
104,96,5.457
106,96,5.354
108,96,5.347
110,96,5.340
112,96,5.214
114,96,5.288
116,96,4.920
118,96,4.762
120,96,4.819
122,96,4.710
124,96,4.786
126,96,4.773
128,96,4.966
130,96,5.278
132,96,5.388
134,96,5.685
136,96,6.138
138,96,6.350
140,96,6.088
142,96,6.354
144,96,6.729
146,96,6.747
148,96,6.835
150,96,6.937
150,98,6.685
148,98,6.664
146,98,6.549
144,98,6.510
142,98,6.287
140,98,6.332
138,98,6.296
136,98,6.176
134,98,6.148
132,98,5.783
130,98,6.001
128,98,5.768
126,98,5.519
124,98,5.494
122,98,5.384
120,98,4.645
118,98,4.695
116,98,4.909
114,98,4.382
112,98,3.950
110,98,3.833
108,98,3.944
106,98,3.502
104,98,3.486
102,98,3.315
100,98,3.555
98,98,3.137
96,98,3.066
94,98,3.577
92,98,3.769
90,98,4.078
88,98,4.514
86,98,4.554
84,98,4.887
82,98,4.915
80,98,4.921
78,98,4.864
76,98,4.782
74,98,4.627
72,98,4.381
70,98,4.312
68,98,4.063
66,98,3.737
64,98,3.810
62,98,3.773
60,98,3.895
58,98,3.515
56,98,3.310
54,98,2.784
52,98,2.567
50,98,2.581
48,98,2.499
46,98,2.788
44,98,3.461
42,98,3.323
40,98,3.783
38,98,3.977
36,98,4.750
34,98,5.127
32,98,5.150
30,98,5.106
28,98,5.056
26,98,5.014
24,98,4.836
22,98,4.602
20,98,4.587
18,98,4.103
16,98,3.898
14,98,3.744
12,98,3.534
10,98,3.489
8,98,3.538
6,98,3.532
4,98,3.336
2,98,3.067
0,98,2.799
0,100,2.716
2,100,2.796
4,100,2.911
6,100,3.045
8,100,3.206
10,100,3.307
12,100,3.374
14,100,3.361
16,100,3.308
18,100,3.333
20,100,3.343
22,100,3.398
24,100,3.637
26,100,3.921
28,100,4.082
30,100,4.036
32,100,4.504
34,100,4.744
36,100,4.742
38,100,4.791
40,100,4.912
42,100,4.956
44,100,4.992
46,100,5.045
48,100,4.902
50,100,4.311
52,100,4.260
54,100,3.885
56,100,3.579
58,100,3.288
60,100,2.457
62,100,2.333
64,100,2.541
66,100,2.481
68,100,2.547
70,100,2.596
72,100,3.117
74,100,3.180
76,100,3.189
78,100,3.176
80,100,3.276
82,100,3.859
84,100,4.072
86,100,4.228
88,100,4.283
90,100,4.485
92,100,4.538
94,100,4.439
96,100,4.306
98,100,4.002
100,100,3.673
102,100,3.555
104,100,3.030
106,100,2.654
108,100,3.054
110,100,2.808
112,100,2.714
114,100,2.805
116,100,3.162
118,100,3.399
120,100,3.511
122,100,3.749
124,100,3.944
126,100,4.435
128,100,4.538
130,100,4.940
132,100,5.282
134,100,5.137
136,100,5.344
138,100,5.401
140,100,5.396
142,100,5.488
144,100,5.685
146,100,5.776
148,100,5.887
150,100,5.939
150,102,5.305
148,102,5.373
146,102,5.294
144,102,5.247
142,102,5.211
140,102,5.174
138,102,5.050
136,102,4.936
134,102,4.992
132,102,4.969
130,102,4.853
128,102,5.001
126,102,4.949
124,102,4.769
122,102,5.037
120,102,4.694
118,102,4.736
116,102,4.380
114,102,3.659
112,102,3.897
110,102,3.740
108,102,3.694
106,102,2.686
104,102,2.520
102,102,2.110
100,102,1.801
98,102,1.740
96,102,1.816
94,102,1.793
92,102,2.131
90,102,2.178
88,102,2.859
86,102,3.341
84,102,3.147
82,102,3.487
80,102,3.654
78,102,3.739
76,102,3.821
74,102,3.969
72,102,3.930
70,102,3.943
68,102,3.884
66,102,3.931
64,102,3.859
62,102,3.978
60,102,3.761
58,102,3.716
56,102,3.295
54,102,3.317
52,102,2.707
50,102,2.422
48,102,2.247
46,102,2.202
44,102,2.276
42,102,2.430
40,102,2.812
38,102,2.776
36,102,3.593
34,102,3.736
32,102,3.768
30,102,4.033
28,102,4.417
26,102,4.615
24,102,4.777
22,102,4.810
20,102,4.594
18,102,4.545
16,102,4.064
14,102,3.803
12,102,3.637
10,102,3.615
8,102,3.601
6,102,3.503
4,102,3.337
2,102,3.185
0,102,3.014
0,104,3.131
2,104,3.296
4,104,3.383
6,104,3.458
8,104,3.536
10,104,3.674
12,104,3.647
14,104,3.668
16,104,3.706
18,104,3.824
20,104,3.876
22,104,3.935
24,104,4.246
26,104,4.426
28,104,4.718
30,104,4.959
32,104,4.833
34,104,4.810
36,104,4.674
38,104,4.589
40,104,4.387
42,104,4.447
44,104,4.197
46,104,4.234
48,104,3.833
50,104,3.464
52,104,3.164
54,104,2.832
56,104,2.520
58,104,2.668
60,104,2.329
62,104,2.467
64,104,2.493
66,104,2.863
68,104,3.272
70,104,3.673
72,104,3.552
74,104,3.798
76,104,3.840
78,104,3.975
80,104,3.995
82,104,3.990
84,104,3.998
86,104,4.050
88,104,3.947
90,104,3.747
92,104,3.621
94,104,3.428
96,104,3.025
98,104,2.931
100,104,2.864
102,104,2.787
104,104,2.021
106,104,1.727
108,104,1.885
110,104,1.913
112,104,2.220
114,104,2.537
116,104,3.017
118,104,3.518
120,104,3.729
122,104,4.291
124,104,4.538
126,104,3.941
128,104,4.198
130,104,4.614
132,104,4.657
134,104,4.552
136,104,4.524
138,104,4.469
140,104,4.471
142,104,4.444
144,104,4.434
146,104,4.683
148,104,4.674
150,104,4.737
150,106,4.439
148,106,4.461
146,106,4.300
144,106,4.170
142,106,4.129
140,106,4.314
138,106,4.270
136,106,4.066
134,106,4.236
132,106,4.244
130,106,4.405
128,106,4.528
126,106,4.575
124,106,4.711
122,106,4.770
120,106,4.693
118,106,4.596
116,106,4.639
114,106,4.375
112,106,4.542
110,106,4.529
108,106,4.091
106,106,3.765
104,106,3.555
102,106,2.854
100,106,2.621
98,106,2.675
96,106,2.082
94,106,2.177
92,106,2.186
90,106,2.421
88,106,2.686
86,106,2.774
84,106,3.014
82,106,2.996
80,106,3.227
78,106,3.411
76,106,3.644
74,106,4.262
72,106,4.336
70,106,4.688
68,106,4.849
66,106,4.949
64,106,5.087
62,106,5.187
60,106,5.228
58,106,5.171
56,106,5.062
54,106,4.844
52,106,4.295
50,106,4.217
48,106,3.699
46,106,3.686
44,106,3.588
42,106,3.300
40,106,3.452
38,106,3.643
36,106,3.066
34,106,3.155
32,106,3.673
30,106,3.684
28,106,4.264
26,106,4.645
24,106,5.208
22,106,5.621
20,106,5.835
18,106,5.796
16,106,5.588
14,106,5.252
12,106,4.895
10,106,4.644
8,106,4.422
6,106,4.281
4,106,4.245
2,106,4.097
0,106,3.692
0,108,3.702
2,108,4.065
4,108,4.361
6,108,4.592
8,108,4.633
10,108,4.583
12,108,4.442
14,108,4.329
16,108,4.607
18,108,4.703
20,108,4.877
22,108,5.383
24,108,5.729
26,108,5.719
28,108,5.973
30,108,6.075
32,108,5.943
34,108,5.540
36,108,5.136
38,108,4.518
40,108,4.143
42,108,3.521
44,108,3.743
46,108,4.256
48,108,3.979
50,108,4.074
52,108,3.879
54,108,3.675
56,108,3.407
58,108,3.456
60,108,3.359
62,108,3.648
64,108,4.515
66,108,4.639
68,108,4.910
70,108,5.226
72,108,5.130
74,108,5.333
76,108,5.361
78,108,5.263
80,108,5.200
82,108,5.099
84,108,4.918
86,108,4.663
88,108,4.402
90,108,4.041
92,108,3.950
94,108,3.837
96,108,3.527
98,108,3.102
100,108,3.186
102,108,2.901
104,108,2.704
106,108,2.763
108,108,2.861
110,108,3.772
112,108,3.784
114,108,4.039
116,108,4.485
118,108,4.625
120,108,4.788
122,108,4.688
124,108,4.868
126,108,5.156
128,108,5.153
130,108,5.059
132,108,4.932
134,108,4.811
136,108,4.649
138,108,4.219
140,108,4.547
142,108,4.655
144,108,4.552
146,108,4.349
148,108,4.040
150,108,4.543
150,110,4.139
148,110,4.635
146,110,4.743
144,110,4.540
142,110,4.695
140,110,4.625
138,110,4.544
136,110,4.614
134,110,4.750
132,110,4.939
130,110,5.129
128,110,5.204
126,110,5.422
124,110,5.579
122,110,5.653
120,110,5.739
118,110,5.756
116,110,5.772
114,110,5.823
112,110,5.714
110,110,5.520
108,110,5.390
106,110,5.336
104,110,5.136
102,110,4.920
100,110,4.739
98,110,4.443
96,110,4.164
94,110,3.871
92,110,3.789
90,110,3.645
88,110,3.557
86,110,3.497
84,110,3.736
82,110,3.689
80,110,3.508
78,110,4.258
76,110,4.481
74,110,4.689
72,110,5.169
70,110,5.415
68,110,5.928
66,110,6.136
64,110,6.231
62,110,6.466
60,110,6.522
58,110,6.551
56,110,6.490
54,110,6.203
52,110,5.833
50,110,5.374
48,110,5.142
46,110,5.003
44,110,4.992
42,110,4.883
40,110,4.721
38,110,4.671
36,110,4.412
34,110,3.745
32,110,3.153
30,110,3.372
28,110,4.462
26,110,5.012
24,110,5.785
22,110,6.450
20,110,6.881
18,110,6.894
16,110,6.645
14,110,5.795
12,110,5.363
10,110,4.886
8,110,5.109
6,110,5.214
4,110,5.347
2,110,5.084
0,110,4.281
0,112,4.241
2,112,4.735
4,112,5.213
6,112,5.614
8,112,5.746
10,112,5.707
12,112,5.660
14,112,5.025
16,112,5.001
18,112,5.264
20,112,5.683
22,112,6.083
24,112,6.615
26,112,6.987
28,112,7.081
30,112,7.072
32,112,6.850
34,112,6.513
36,112,5.848
38,112,4.941
40,112,4.452
42,112,4.461
44,112,4.037
46,112,4.286
48,112,4.587
50,112,4.911
52,112,5.124
54,112,5.017
56,112,5.133
58,112,4.655
60,112,4.655
62,112,5.100
64,112,5.772
66,112,6.023
68,112,6.454
70,112,6.586
72,112,6.751
74,112,6.772
76,112,6.685
78,112,6.536
80,112,6.106
82,112,5.981
84,112,5.765
86,112,5.275
88,112,4.771
90,112,4.789
92,112,4.694
94,112,4.468
96,112,4.055
98,112,3.650
100,112,3.743
102,112,3.949
104,112,4.111
106,112,4.297
108,112,4.601
110,112,4.974
112,112,5.513
114,112,5.869
116,112,5.705
118,112,5.847
120,112,6.069
122,112,6.122
124,112,6.291
126,112,6.254
128,112,6.248
130,112,6.236
132,112,6.110
134,112,5.978
136,112,5.783
138,112,5.656
140,112,5.718
142,112,5.663
144,112,5.686
146,112,5.594
148,112,5.098
150,112,5.316
150,114,5.477
148,114,5.755
146,114,5.706
144,114,5.428
142,114,5.669
140,114,5.907
138,114,5.761
136,114,5.512
134,114,5.829
132,114,6.137
130,114,6.300
128,114,6.406
126,114,6.683
124,114,6.575
122,114,6.750
120,114,6.858
118,114,6.921
116,114,6.925
114,114,6.885
112,114,6.864
110,114,6.796
108,114,6.769
106,114,6.723
104,114,6.639
102,114,6.532
100,114,6.263
98,114,6.052
96,114,5.605
94,114,5.268
92,114,4.853
90,114,4.613
88,114,4.016
86,114,3.905
84,114,4.069
82,114,4.132
80,114,4.018
78,114,4.461
76,114,4.920
74,114,4.729
72,114,5.219
70,114,5.990
68,114,6.552
66,114,6.448
64,114,6.917
62,114,7.253
60,114,7.409
58,114,7.440
56,114,7.329
54,114,7.143
52,114,6.833
50,114,6.468
48,114,6.457
46,114,6.396
44,114,6.518
42,114,6.443
40,114,6.341
38,114,6.295
36,114,5.678
34,114,4.580
32,114,3.919
30,114,3.988
28,114,4.463
26,114,5.288
24,114,6.510
22,114,7.235
20,114,7.399
18,114,7.550
16,114,7.424
14,114,7.046
12,114,6.580
10,114,6.105
8,114,6.022
6,114,6.767
4,114,6.686
2,114,6.103
0,114,5.193
0,116,5.392
2,116,5.872
4,116,6.410
6,116,6.895
8,116,7.134
10,116,7.031
12,116,6.651
14,116,6.457
16,116,6.515
18,116,6.488
20,116,6.722
22,116,7.127
24,116,7.441
26,116,7.641
28,116,7.731
30,116,7.681
32,116,7.487
34,116,7.083
36,116,6.534
38,116,5.712
40,116,5.351
42,116,4.650
44,116,4.310
46,116,4.887
48,116,5.591
50,116,6.114
52,116,6.402
54,116,6.492
56,116,6.385
58,116,6.244
60,116,6.365
62,116,6.254
64,116,6.592
66,116,7.015
68,116,7.372
70,116,7.526
72,116,7.562
74,116,7.457
76,116,7.274
78,116,7.048
80,116,6.602
82,116,6.242
84,116,5.837
86,116,5.286
88,116,4.948
90,116,4.728
92,116,4.306
94,116,4.197
96,116,4.117
98,116,4.035
100,116,3.960
102,116,4.529
104,116,5.099
106,116,5.980
108,116,6.674
110,116,6.619
112,116,6.799
114,116,6.850
116,116,6.961
118,116,7.086
120,116,7.175
122,116,7.259
124,116,7.321
126,116,7.306
128,116,7.204
130,116,7.161
132,116,7.138
134,116,6.723
136,116,6.620
138,116,6.394
140,116,6.415
142,116,6.231
144,116,6.362
146,116,6.275
148,116,6.066
150,116,6.008
150,118,6.172
148,118,6.231
146,118,6.211
144,118,6.083
142,118,6.319
140,118,6.101
138,118,6.246
136,118,6.212
134,118,6.549
132,118,6.755
130,118,6.930
128,118,7.004
126,118,7.056
124,118,7.262
122,118,7.481
120,118,7.526
118,118,7.536
116,118,7.551
114,118,7.511
112,118,7.429
110,118,7.391
108,118,7.330
106,118,7.322
104,118,7.330
102,118,7.300
100,118,7.148
98,118,6.909
96,118,6.458
94,118,5.874
92,118,5.162
90,118,4.703
88,118,4.826
86,118,4.975
84,118,4.763
82,118,4.747
80,118,4.658
78,118,4.888
76,118,4.952
74,118,5.091
72,118,5.565
70,118,6.504
68,118,6.863
66,118,7.320
64,118,7.329
62,118,7.604
60,118,7.828
58,118,7.847
56,118,7.766
54,118,7.581
52,118,7.386
50,118,7.229
48,118,7.158
46,118,7.183
44,118,7.383
42,118,7.537
40,118,7.542
38,118,7.397
36,118,6.809
34,118,6.162
32,118,5.668
30,118,5.481
28,118,5.693
26,118,6.528
24,118,7.465
22,118,7.816
20,118,7.939
18,118,7.994
16,118,7.918
14,118,7.670
12,118,7.365
10,118,7.190
8,118,7.402
6,118,7.756
4,118,7.744
2,118,7.211
0,118,6.531
0,120,6.907
2,120,7.176
4,120,7.490
6,120,7.733
8,120,7.887
10,120,7.951
12,120,7.809
14,120,7.670
16,120,7.523
18,120,7.491
20,120,7.617
22,120,7.806
24,120,7.993
26,120,8.039
28,120,8.036
30,120,8.061
32,120,7.959
34,120,7.733
36,120,7.194
38,120,6.704
40,120,6.295
42,120,6.205
44,120,6.091
46,120,6.471
48,120,7.100
50,120,7.506
52,120,7.566
54,120,7.472
56,120,7.657
58,120,7.450
60,120,7.277
62,120,7.311
64,120,7.455
66,120,7.636
68,120,7.822
70,120,7.953
72,120,7.970
74,120,7.822
76,120,7.725
78,120,7.566
80,120,7.062
82,120,6.653
84,120,6.302
86,120,5.673
88,120,5.192
90,120,5.067
92,120,5.221
94,120,5.205
96,120,4.644
98,120,4.548
100,120,4.650
102,120,5.697
104,120,5.921
106,120,6.534
108,120,7.084
110,120,7.352
112,120,7.535
114,120,7.554
116,120,7.559
118,120,7.598
120,120,7.640
122,120,7.730
124,120,7.782
126,120,7.741
128,120,7.725
130,120,7.599
132,120,7.464
134,120,7.338
136,120,7.025
138,120,7.114
140,120,6.842
142,120,6.454
144,120,6.653
146,120,6.703
148,120,6.693
150,120,6.734
150,122,6.992
148,122,6.937
146,122,6.988
144,122,6.967
142,122,6.865
140,122,6.854
138,122,6.800
136,122,6.823
134,122,6.818
132,122,7.040
130,122,7.170
128,122,7.280
126,122,7.401
124,122,7.558
122,122,7.715
120,122,7.767
118,122,7.838
116,122,7.846
114,122,7.848
112,122,7.810
110,122,7.700
108,122,7.745
106,122,7.809
104,122,7.811
102,122,7.808
100,122,7.690
98,122,7.431
96,122,7.018
94,122,6.592
92,122,6.256
90,122,6.127
88,122,6.133
86,122,6.066
84,122,6.262
82,122,6.294
80,122,5.959
78,122,5.932
76,122,6.101
74,122,6.312
72,122,6.525
70,122,6.793
68,122,7.107
66,122,7.354
64,122,7.561
62,122,7.615
60,122,7.813
58,122,7.974
56,122,7.919
54,122,7.907
52,122,7.876
50,122,7.842
48,122,7.913
46,122,8.074
44,122,8.191
42,122,8.267
40,122,8.221
38,122,8.140
36,122,7.972
34,122,7.692
32,122,7.338
30,122,7.201
28,122,7.313
26,122,7.487
24,122,7.682
22,122,7.896
20,122,8.018
18,122,8.037
16,122,8.210
14,122,8.187
12,122,8.088
10,122,8.085
8,122,8.193
6,122,8.310
4,122,8.292
2,122,8.001
0,122,7.755
0,124,7.981
2,124,8.111
4,124,8.196
6,124,8.298
8,124,8.383
10,124,8.367
12,124,8.350
14,124,8.316
16,124,8.262
18,124,8.214
20,124,8.234
22,124,8.254
24,124,8.298
26,124,8.266
28,124,8.272
30,124,8.153
32,124,8.041
34,124,7.972
36,124,7.859
38,124,7.661
40,124,7.467
42,124,7.363
44,124,7.427
46,124,7.616
48,124,7.871
50,124,8.019
52,124,8.207
54,124,8.267
56,124,8.218
58,124,8.108
60,124,8.028
62,124,7.973
64,124,7.963
66,124,7.957
68,124,8.035
70,124,8.005
72,124,8.041
74,124,8.014
76,124,7.906
78,124,7.963
80,124,7.588
82,124,7.070
84,124,7.045
86,124,6.846
88,124,6.590
90,124,6.416
92,124,6.340
94,124,6.761
96,124,6.702
98,124,6.237
100,124,6.379
102,124,6.585
104,124,6.771
106,124,7.367
108,124,7.739
110,124,7.938
112,124,8.006
114,124,7.997
116,124,7.974
118,124,7.970
120,124,7.934
122,124,8.003
124,124,8.071
126,124,7.994
128,124,7.859
130,124,7.949
132,124,7.724
134,124,7.512
136,124,7.388
138,124,7.377
140,124,7.193
142,124,7.158
144,124,7.206
146,124,7.214
148,124,7.222
150,124,7.293
150,126,7.490
148,126,7.464
146,126,7.507
144,126,7.501
142,126,7.443
140,126,7.453
138,126,7.398
136,126,7.428
134,126,7.405
132,126,7.582
130,126,7.612
128,126,7.489
126,126,7.682
124,126,7.733
122,126,7.760
120,126,7.901
118,126,7.844
116,126,8.043
114,126,7.937
112,126,7.904
110,126,8.013
108,126,8.114
106,126,8.116
104,126,8.192
102,126,8.158
100,126,8.061
98,126,7.946
96,126,7.755
94,126,7.514
92,126,7.372
90,126,7.327
88,126,7.423
86,126,7.581
84,126,7.680
82,126,7.599
80,126,7.692
78,126,7.704
76,126,7.482
74,126,7.512
72,126,7.658
70,126,7.572
68,126,7.647
66,126,7.741
64,126,7.825
62,126,7.800
60,126,7.853
58,126,7.685
56,126,7.946
54,126,7.880
52,126,8.035
50,126,8.157
48,126,8.248
46,126,8.368
44,126,8.421
42,126,8.447
40,126,8.435
38,126,8.391
36,126,8.375
34,126,8.320
32,126,8.187
30,126,8.041
28,126,7.950
26,126,8.002
24,126,7.954
22,126,7.981
20,126,8.077
18,126,8.043
16,126,8.201
14,126,8.170
12,126,8.257
10,126,8.331
8,126,8.395
6,126,8.453
4,126,8.456
2,126,8.430
0,126,8.295
0,128,8.332
2,128,8.404
4,128,8.436
6,128,8.456
8,128,8.464
10,128,8.470
12,128,8.466
14,128,8.414
16,128,8.393
18,128,8.356
20,128,8.336
22,128,8.201
24,128,8.220
26,128,8.188
28,128,8.082
30,128,8.066
32,128,7.986
34,128,8.025
36,128,7.938
38,128,7.948
40,128,7.922
42,128,7.982
44,128,8.094
46,128,8.225
48,128,8.345
50,128,8.352
52,128,8.409
54,128,8.464
56,128,8.456
58,128,8.428
60,128,8.379
62,128,8.262
64,128,8.156
66,128,8.125
68,128,8.018
70,128,7.887
72,128,7.958
74,128,7.961
76,128,7.891
78,128,7.832
80,128,7.773
82,128,7.731
84,128,7.650
86,128,7.764
88,128,7.748
90,128,7.846
92,128,7.828
94,128,7.959
96,128,7.934
98,128,7.788
100,128,7.707
102,128,7.753
104,128,7.887
106,128,8.065
108,128,8.219
110,128,8.305
112,128,8.268
114,128,8.314
116,128,8.244
118,128,8.099
120,128,8.046
122,128,8.056
124,128,8.020
126,128,8.031
128,128,8.079
130,128,7.857
132,128,7.739
134,128,7.720
136,128,7.754
138,128,7.688
140,128,7.626
142,128,7.621
144,128,7.634
146,128,7.788
148,128,7.917
150,128,7.903
150,130,8.120
148,130,8.101
146,130,7.966
144,130,8.010
142,130,7.950
140,130,7.910
138,130,7.956
136,130,7.839
134,130,7.778
132,130,7.823
130,130,7.846
128,130,7.803
126,130,7.806
124,130,7.845
122,130,7.770
120,130,7.871
118,130,7.880
116,130,7.929
114,130,8.093
112,130,8.071
110,130,8.152
108,130,8.130
106,130,8.238
104,130,8.297
102,130,8.311
100,130,8.358
98,130,8.302
96,130,8.260
94,130,8.193
92,130,8.118
90,130,8.160
88,130,8.203
86,130,8.257
84,130,8.269
82,130,8.252
80,130,8.276
78,130,8.292
76,130,8.188
74,130,8.136
72,130,8.115
70,130,8.049
68,130,7.988
66,130,7.941
64,130,7.938
62,130,7.793
60,130,7.716
58,130,7.700
56,130,7.810
54,130,7.871
52,130,7.994
50,130,8.163
48,130,8.271
46,130,8.388
44,130,8.465
42,130,8.493
40,130,8.479
38,130,8.491
36,130,8.471
34,130,8.463
32,130,8.399
30,130,8.326
28,130,8.328
26,130,8.210
24,130,8.144
22,130,8.042
20,130,8.009
18,130,7.970
16,130,8.040
14,130,8.102
12,130,8.233
10,130,8.315
8,130,8.403
6,130,8.467
4,130,8.490
2,130,8.487
0,130,8.430
0,132,8.483
2,132,8.486
4,132,8.497
6,132,8.491
8,132,8.474
10,132,8.468
12,132,8.399
14,132,8.297
16,132,8.290
18,132,8.237
20,132,8.228
22,132,8.171
24,132,8.119
26,132,8.047
28,132,8.038
30,132,8.015
32,132,8.010
34,132,8.016
36,132,8.160
38,132,8.245
40,132,8.309
42,132,8.347
44,132,8.365
46,132,8.418
48,132,8.441
50,132,8.476
52,132,8.482
54,132,8.492
56,132,8.463
58,132,8.469
60,132,8.418
62,132,8.256
64,132,8.094
66,132,8.057
68,132,7.891
70,132,7.842
72,132,7.783
74,132,7.839
76,132,7.889
78,132,7.951
80,132,7.926
82,132,8.040
84,132,8.151
86,132,8.223
88,132,8.300
90,132,8.292
92,132,8.316
94,132,8.353
96,132,8.375
98,132,8.346
100,132,8.322
102,132,8.331
104,132,8.346
106,132,8.328
108,132,8.376
110,132,8.357
112,132,8.362
114,132,8.336
116,132,8.209
118,132,8.022
120,132,8.073
122,132,7.984
124,132,7.881
126,132,7.853
128,132,7.930
130,132,7.888
132,132,7.907
134,132,7.949
136,132,8.009
138,132,7.994
140,132,8.052
142,132,8.188
144,132,8.238
146,132,8.189
148,132,8.246
150,132,8.311
150,134,8.396
148,134,8.385
146,134,8.340
144,134,8.325
142,134,8.364
140,134,8.288
138,134,8.226
136,134,8.174
134,134,8.142
132,134,8.185
130,134,8.160
128,134,8.043
126,134,7.986
124,134,7.995
122,134,7.899
120,134,7.865
118,134,7.803
116,134,7.799
114,134,7.860
112,134,7.850
110,134,8.053
108,134,8.137
106,134,8.105
104,134,8.143
102,134,8.121
100,134,8.324
98,134,8.375
96,134,8.336
94,134,8.362
92,134,8.384
90,134,8.393
88,134,8.421
86,134,8.417
84,134,8.447
82,134,8.456
80,134,8.447
78,134,8.388
76,134,8.414
74,134,8.373
72,134,8.356
70,134,8.388
68,134,8.257
66,134,8.170
64,134,8.177
62,134,7.941
60,134,7.837
58,134,7.779
56,134,7.707
54,134,7.805
52,134,7.875
50,134,8.058
48,134,8.233
46,134,8.330
44,134,8.347
42,134,8.413
40,134,8.454
38,134,8.505
36,134,8.503
34,134,8.503
32,134,8.494
30,134,8.492
28,134,8.438
26,134,8.399
24,134,8.411
22,134,8.286
20,134,8.170
18,134,8.056
16,134,7.965
14,134,7.941
12,134,7.973
10,134,8.084
8,134,8.317
6,134,8.387
4,134,8.463
2,134,8.499
0,134,8.509
0,136,8.509
2,136,8.504
4,136,8.486
6,136,8.455
8,136,8.412
10,136,8.408
12,136,8.402
14,136,8.254
16,136,8.053
18,136,7.989
20,136,7.990
22,136,7.927
24,136,7.994
26,136,7.951
28,136,7.995
30,136,8.056
32,136,8.220
34,136,8.280
36,136,8.365
38,136,8.426
40,136,8.435
42,136,8.451
44,136,8.490
46,136,8.502
48,136,8.508
50,136,8.497
52,136,8.493
54,136,8.451
56,136,8.439
58,136,8.398
60,136,8.329
62,136,8.238
64,136,8.079
66,136,7.896
68,136,7.845
70,136,7.828
72,136,7.841
74,136,7.961
76,136,8.051
78,136,8.102
80,136,8.252
82,136,8.354
84,136,8.248
86,136,8.333
88,136,8.400
90,136,8.439
92,136,8.466
94,136,8.461
96,136,8.468
98,136,8.458
100,136,8.445
102,136,8.397
104,136,8.421
106,136,8.407
108,136,8.274
110,136,8.321
112,136,8.252
114,136,8.237
116,136,8.163
118,136,8.019
120,136,7.921
122,136,7.877
124,136,7.874
126,136,7.922
128,136,7.944
130,136,7.938
132,136,8.050
134,136,8.178
136,136,8.170
138,136,8.276
140,136,8.293
142,136,8.393
144,136,8.378
146,136,8.393
148,136,8.431
150,136,8.412
150,138,8.464
148,138,8.442
146,138,8.425
144,138,8.430
142,138,8.410
140,138,8.397
138,138,8.394
136,138,8.392
134,138,8.359
132,138,8.277
130,138,8.291
128,138,8.247
126,138,8.301
124,138,8.155
122,138,8.075
120,138,8.008
118,138,7.956
116,138,7.893
114,138,7.915
112,138,7.907
110,138,7.900
108,138,7.931
106,138,8.003
104,138,8.048
102,138,8.050
100,138,8.131
98,138,8.191
96,138,8.278
94,138,8.347
92,138,8.382
90,138,8.436
88,138,8.439
86,138,8.410
84,138,8.441
82,138,8.456
80,138,8.476
78,138,8.486
76,138,8.486
74,138,8.471
72,138,8.455
70,138,8.453
68,138,8.389
66,138,8.262
64,138,8.277
62,138,8.197
60,138,8.152
58,138,8.089
56,138,7.906
54,138,7.905
52,138,7.964
50,138,8.002
48,138,8.118
46,138,8.102
44,138,8.273
42,138,8.340
40,138,8.333
38,138,8.426
36,138,8.464
34,138,8.475
32,138,8.504
30,138,8.506
28,138,8.504
26,138,8.484
24,138,8.396
22,138,8.321
20,138,8.260
18,138,8.133
16,138,8.079
14,138,7.921
12,138,7.917
10,138,7.960
8,138,8.106
6,138,8.252
4,138,8.429
2,138,8.476
0,138,8.506
0,140,8.505
2,140,8.468
4,140,8.478
6,140,8.432
8,140,8.266
10,140,8.330
12,140,8.272
14,140,8.117
16,140,7.957
18,140,7.887
20,140,7.859
22,140,7.854
24,140,7.923
26,140,7.968
28,140,8.142
30,140,8.184
32,140,8.239
34,140,8.315
36,140,8.460
38,140,8.464
40,140,8.507
42,140,8.504
44,140,8.493
46,140,8.507
48,140,8.501
50,140,8.475
52,140,8.464
54,140,8.444
56,140,8.353
58,140,8.213
60,140,8.294
62,140,8.122
64,140,7.963
66,140,7.940
68,140,7.924
70,140,7.993
72,140,7.965
74,140,8.011
76,140,8.219
78,140,8.227
80,140,8.317
82,140,8.385
84,140,8.408
86,140,8.449
88,140,8.454
90,140,8.470
92,140,8.487
94,140,8.478
96,140,8.479
98,140,8.452
100,140,8.454
102,140,8.413
104,140,8.318
106,140,8.331
108,140,8.226
110,140,8.165
112,140,8.080
114,140,8.077
116,140,7.995
118,140,7.916
120,140,7.909
122,140,7.909
124,140,7.938
126,140,7.968
128,140,8.042
130,140,8.140
132,140,8.168
134,140,8.357
136,140,8.327
138,140,8.317
140,140,8.345
142,140,8.396
144,140,8.440
146,140,8.468
148,140,8.466
150,140,8.485
150,142,8.485
148,142,8.482
146,142,8.483
144,142,8.447
142,142,8.447
140,142,8.379
138,142,8.451
136,142,8.446
134,142,8.409
132,142,8.362
130,142,8.258
128,142,8.283
126,142,8.343
124,142,8.278
122,142,8.341
120,142,8.117
118,142,8.061
116,142,8.141
114,142,8.122
112,142,8.003
110,142,7.948
108,142,7.982
106,142,7.934
104,142,7.974
102,142,8.019
100,142,8.049
98,142,8.103
96,142,8.196
94,142,8.275
92,142,8.221
90,142,8.188
88,142,8.327
86,142,8.437
84,142,8.377
82,142,8.413
80,142,8.430
78,142,8.483
76,142,8.479
74,142,8.491
72,142,8.484
70,142,8.483
68,142,8.461
66,142,8.402
64,142,8.376
62,142,8.396
60,142,8.236
58,142,8.255
56,142,8.024
54,142,7.952
52,142,8.025
50,142,8.007
48,142,7.983
46,142,8.054
44,142,8.181
42,142,8.254
40,142,8.350
38,142,8.318
36,142,8.392
34,142,8.457
32,142,8.480
30,142,8.497
28,142,8.509
26,142,8.471
24,142,8.455
22,142,8.381
20,142,8.320
18,142,8.226
16,142,8.114
14,142,7.964
12,142,7.848
10,142,7.899
8,142,8.038
6,142,8.254
4,142,8.303
2,142,8.431
0,142,8.488
0,144,8.467
2,144,8.424
4,144,8.379
6,144,8.364
8,144,8.338
10,144,8.223
12,144,8.092
14,144,8.041
16,144,7.959
18,144,7.917
20,144,7.892
22,144,7.943
24,144,8.023
26,144,8.120
28,144,8.181
30,144,8.291
32,144,8.263
34,144,8.398
36,144,8.468
38,144,8.495
40,144,8.498
42,144,8.507
44,144,8.494
46,144,8.465
48,144,8.456
50,144,8.464
52,144,8.377
54,144,8.333
56,144,8.205
58,144,8.144
60,144,8.063
62,144,7.986
64,144,7.949
66,144,7.997
68,144,8.037
70,144,8.016
72,144,8.029
74,144,8.199
76,144,8.319
78,144,8.439
80,144,8.441
82,144,8.450
84,144,8.469
86,144,8.481
88,144,8.486
90,144,8.482
92,144,8.472
94,144,8.451
96,144,8.392
98,144,8.360
100,144,8.334
102,144,8.336
104,144,8.270
106,144,8.244
108,144,8.129
110,144,7.993
112,144,7.931
114,144,7.978
116,144,7.931
118,144,7.939
120,144,7.916
122,144,8.048
124,144,8.006
126,144,8.159
128,144,8.202
130,144,8.240
132,144,8.357
134,144,8.281
136,144,8.298
138,144,8.446
140,144,8.445
142,144,8.461
144,144,8.469
146,144,8.473
148,144,8.487
150,144,8.474
150,146,8.475
148,146,8.474
146,146,8.477
144,146,8.472
142,146,8.475
140,146,8.477
138,146,8.481
136,146,8.450
134,146,8.470
132,146,8.453
130,146,8.426
128,146,8.371
126,146,8.390
124,146,8.371
122,146,8.297
120,146,8.225
118,146,8.204
116,146,8.251
114,146,8.205
112,146,8.200
110,146,8.066
108,146,7.992
106,146,7.970
104,146,7.960
102,146,7.970
100,146,7.950
98,146,8.017
96,146,8.146
94,146,8.160
92,146,8.131
90,146,8.193
88,146,8.221
86,146,8.272
84,146,8.306
82,146,8.350
80,146,8.425
78,146,8.450
76,146,8.457
74,146,8.442
72,146,8.467
70,146,8.490
68,146,8.463
66,146,8.474
64,146,8.468
62,146,8.387
60,146,8.364
58,146,8.340
56,146,8.255
54,146,8.192
52,146,8.053
50,146,8.080
48,146,7.996
46,146,7.972
44,146,7.991
42,146,8.058
40,146,8.113
38,146,8.101
36,146,8.267
34,146,8.276
32,146,8.362
30,146,8.461
28,146,8.497
26,146,8.470
24,146,8.435
22,146,8.374
20,146,8.337
18,146,8.323
16,146,8.256
14,146,8.205
12,146,7.981
10,146,7.966
8,146,7.990
6,146,8.053
4,146,8.295
2,146,8.400
0,146,8.445
0,148,8.447
2,148,8.353
4,148,8.271
6,148,8.264
8,148,8.137
10,148,8.013
12,148,8.025
14,148,7.969
16,148,7.981
18,148,8.032
20,148,8.082
22,148,8.029
24,148,8.188
26,148,8.330
28,148,8.285
30,148,8.274
32,148,8.327
34,148,8.396
36,148,8.434
38,148,8.476
40,148,8.501
42,148,8.482
44,148,8.462
46,148,8.448
48,148,8.400
50,148,8.328
52,148,8.282
54,148,8.117
56,148,8.160
58,148,8.118
60,148,8.027
62,148,7.962
64,148,8.023
66,148,8.106
68,148,8.088
70,148,8.205
72,148,8.202
74,148,8.308
76,148,8.372
78,148,8.379
80,148,8.481
82,148,8.476
84,148,8.484
86,148,8.485
88,148,8.482
90,148,8.467
92,148,8.398
94,148,8.376
96,148,8.371
98,148,8.349
100,148,8.287
102,148,8.225
104,148,8.102
106,148,8.069
108,148,8.057
110,148,8.004
112,148,7.957
114,148,7.950
116,148,7.997
118,148,8.053
120,148,8.004
122,148,8.087
124,148,8.206
126,148,8.311
128,148,8.294
130,148,8.353
132,148,8.417
134,148,8.436
136,148,8.418
138,148,8.444
140,148,8.471
142,148,8.473
144,148,8.480
146,148,8.480
148,148,8.486
150,148,8.457
150,150,8.444
148,150,8.468
146,150,8.419
144,150,8.466
142,150,8.471
140,150,8.487
138,150,8.481
136,150,8.484
134,150,8.481
132,150,8.466
130,150,8.431
128,150,8.462
126,150,8.451
124,150,8.437
122,150,8.417
120,150,8.375
118,150,8.320
116,150,8.285
114,150,8.317
112,150,8.261
110,150,8.240
108,150,8.170
106,150,8.124
104,150,8.009
102,150,7.978
100,150,7.949
98,150,7.959
96,150,7.942
94,150,7.992
92,150,8.000
90,150,8.101
88,150,8.121
86,150,8.111
84,150,8.162
82,150,8.210
80,150,8.355
78,150,8.416
76,150,8.433
74,150,8.432
72,150,8.477
70,150,8.476
68,150,8.481
66,150,8.485
64,150,8.469
62,150,8.460
60,150,8.416
58,150,8.347
56,150,8.228
54,150,8.244
52,150,8.212
50,150,8.118
48,150,8.075
46,150,8.076
44,150,7.986
42,150,7.978
40,150,8.081
38,150,8.171
36,150,8.126
34,150,8.212
32,150,8.392
30,150,8.393
28,150,8.419
26,150,8.448
24,150,8.418
22,150,8.398
20,150,8.405
18,150,8.381
16,150,8.308
14,150,8.219
12,150,8.152
10,150,8.047
8,150,7.992
6,150,8.044
4,150,8.152
2,150,8.260
0,150,8.409
