0,0,8.333
2,0,8.313
4,0,8.276
6,0,8.251
8,0,8.245
10,0,8.267
12,0,8.305
14,0,8.354
16,0,8.387
18,0,8.405
20,0,8.399
22,0,8.386
24,0,8.360
26,0,8.318
28,0,8.246
30,0,8.137
32,0,7.993
34,0,7.883
36,0,7.882
38,0,7.990
40,0,8.158
42,0,8.293
44,0,8.365
46,0,8.391
48,0,8.395
50,0,8.394
52,0,8.393
54,0,8.395
56,0,8.399
58,0,8.403
60,0,8.406
62,0,8.409
64,0,8.411
66,0,8.408
68,0,8.403
70,0,8.394
72,0,8.388
74,0,8.382
76,0,8.377
78,0,8.374
80,0,8.371
82,0,8.364
84,0,8.355
86,0,8.348
88,0,8.343
90,0,8.340
92,0,8.333
94,0,8.324
96,0,8.311
98,0,8.300
100,0,8.287
102,0,8.266
104,0,8.229
106,0,8.163
108,0,8.063
110,0,7.967
112,0,7.915
114,0,7.932
116,0,7.995
118,0,8.063
120,0,8.107
122,0,8.136
124,0,8.156
126,0,8.175
128,0,8.187
130,0,8.191
132,0,8.180
134,0,8.149
136,0,8.078
138,0,7.960
140,0,7.809
142,0,7.670
144,0,7.556
146,0,7.459
148,0,7.346
150,0,7.231
150,2,7.169
148,2,7.223
146,2,7.286
144,2,7.350
142,2,7.417
140,2,7.487
138,2,7.573
136,2,7.675
134,2,7.793
132,2,7.916
130,2,8.026
128,2,8.107
126,2,8.154
124,2,8.175
122,2,8.184
120,2,8.180
118,2,8.170
116,2,8.154
114,2,8.132
112,2,8.098
110,2,8.037
108,2,7.934
106,2,7.786
104,2,7.641
102,2,7.548
100,2,7.532
98,2,7.603
96,2,7.756
94,2,7.939
92,2,8.097
90,2,8.202
88,2,8.258
86,2,8.286
84,2,8.301
82,2,8.314
80,2,8.323
78,2,8.333
76,2,8.342
74,2,8.345
72,2,8.350
70,2,8.354
68,2,8.359
66,2,8.366
64,2,8.371
62,2,8.371
60,2,8.372
58,2,8.377
56,2,8.383
54,2,8.390
52,2,8.397
50,2,8.402
48,2,8.405
46,2,8.405
44,2,8.403
42,2,8.399
40,2,8.395
38,2,8.390
36,2,8.389
34,2,8.391
32,2,8.395
30,2,8.402
28,2,8.404
26,2,8.382
24,2,8.337
22,2,8.281
20,2,8.259
18,2,8.276
16,2,8.305
14,2,8.329
12,2,8.356
10,2,8.384
8,2,8.396
6,2,8.379
4,2,8.309
2,2,8.234
0,2,8.219
0,4,8.236
2,4,8.233
4,4,8.225
6,4,8.225
8,4,8.245
10,4,8.280
12,4,8.329
14,4,8.371
16,4,8.394
18,4,8.397
20,4,8.389
22,4,8.372
24,4,8.355
26,4,8.345
28,4,8.339
30,4,8.334
32,4,8.327
34,4,8.327
36,4,8.334
38,4,8.369
40,4,8.395
42,4,8.409
44,4,8.409
46,4,8.401
48,4,8.396
50,4,8.391
52,4,8.389
54,4,8.392
56,4,8.394
58,4,8.399
60,4,8.403
62,4,8.406
64,4,8.405
66,4,8.403
68,4,8.398
70,4,8.391
72,4,8.383
74,4,8.378
76,4,8.374
78,4,8.373
80,4,8.373
82,4,8.367
84,4,8.361
86,4,8.355
88,4,8.350
90,4,8.343
92,4,8.336
94,4,8.327
96,4,8.314
98,4,8.297
100,4,8.269
102,4,8.205
104,4,8.059
106,4,7.808
108,4,7.525
110,4,7.316
112,4,7.226
114,4,7.295
116,4,7.490
118,4,7.755
120,4,7.974
122,4,8.093
124,4,8.139
126,4,8.167
128,4,8.181
130,4,8.185
132,4,8.171
134,4,8.125
136,4,8.028
138,4,7.880
140,4,7.716
142,4,7.571
144,4,7.456
146,4,7.375
148,4,7.310
150,4,7.248
150,6,7.352
148,6,7.365
146,6,7.383
144,6,7.409
142,6,7.447
140,6,7.504
138,6,7.584
136,6,7.688
134,6,7.805
132,6,7.927
130,6,8.036
128,6,8.116
126,6,8.160
124,6,8.179
122,6,8.184
120,6,8.181
118,6,8.169
116,6,8.147
114,6,8.102
112,6,8.006
110,6,7.824
108,6,7.545
106,6,7.239
104,6,6.990
102,6,6.857
100,6,6.867
98,6,7.047
96,6,7.307
94,6,7.634
92,6,7.941
90,6,8.142
88,6,8.241
86,6,8.287
84,6,8.311
82,6,8.326
80,6,8.336
78,6,8.345
76,6,8.350
74,6,8.356
72,6,8.360
70,6,8.365
68,6,8.372
66,6,8.377
64,6,8.378
62,6,8.376
60,6,8.377
58,6,8.380
56,6,8.387
54,6,8.396
52,6,8.403
50,6,8.408
48,6,8.409
46,6,8.408
44,6,8.403
42,6,8.393
40,6,8.383
38,6,8.378
36,6,8.383
34,6,8.394
32,6,8.404
30,6,8.413
28,6,8.423
26,6,8.427
24,6,8.417
22,6,8.403
20,6,8.392
18,6,8.380
16,6,8.366
14,6,8.360
12,6,8.368
10,6,8.391
8,6,8.403
6,6,8.389
4,6,8.334
2,6,8.273
0,6,8.263
0,8,8.310
2,8,8.306
4,8,8.303
6,8,8.304
8,8,8.316
10,8,8.340
12,8,8.370
14,8,8.395
16,8,8.404
18,8,8.402
20,8,8.394
22,8,8.380
24,8,8.368
26,8,8.363
28,8,8.372
30,8,8.386
32,8,8.398
34,8,8.408
36,8,8.415
38,8,8.424
40,8,8.429
42,8,8.425
44,8,8.417
46,8,8.405
48,8,8.394
50,8,8.381
52,8,8.369
54,8,8.364
56,8,8.375
58,8,8.389
60,8,8.399
62,8,8.406
64,8,8.407
66,8,8.405
68,8,8.399
70,8,8.392
72,8,8.386
74,8,8.378
76,8,8.373
78,8,8.377
80,8,8.377
82,8,8.370
84,8,8.365
86,8,8.363
88,8,8.359
90,8,8.351
92,8,8.342
94,8,8.334
96,8,8.322
98,8,8.303
100,8,8.267
102,8,8.182
104,8,7.968
106,8,7.592
108,8,7.174
110,8,6.859
112,8,6.710
114,8,6.748
116,8,6.980
118,8,7.345
120,8,7.730
122,8,7.998
124,8,8.125
126,8,8.178
128,8,8.198
130,8,8.203
132,8,8.196
134,8,8.169
136,8,8.110
138,8,8.008
140,8,7.881
142,8,7.750
144,8,7.647
146,8,7.581
148,8,7.558
150,8,7.560
150,10,7.700
148,10,7.694
146,10,7.692
144,10,7.703
142,10,7.734
140,10,7.781
138,10,7.845
136,10,7.923
134,10,8.002
132,10,8.074
130,10,8.127
128,10,8.163
126,10,8.186
124,10,8.199
122,10,8.204
120,10,8.202
118,10,8.186
116,10,8.151
114,10,8.070
112,10,7.902
110,10,7.622
108,10,7.291
106,10,6.980
104,10,6.763
102,10,6.697
100,10,6.772
98,10,6.989
96,10,7.320
94,10,7.691
92,10,8.001
90,10,8.182
88,10,8.257
86,10,8.291
84,10,8.313
82,10,8.326
80,10,8.334
78,10,8.342
76,10,8.348
74,10,8.354
72,10,8.360
70,10,8.364
68,10,8.367
66,10,8.370
64,10,8.373
62,10,8.374
60,10,8.374
58,10,8.378
56,10,8.384
54,10,8.391
52,10,8.398
50,10,8.401
48,10,8.401
46,10,8.390
44,10,8.364
42,10,8.325
40,10,8.297
38,10,8.299
36,10,8.333
34,10,8.370
32,10,8.394
30,10,8.412
28,10,8.428
26,10,8.437
24,10,8.435
22,10,8.424
20,10,8.413
18,10,8.398
16,10,8.383
14,10,8.376
12,10,8.384
10,10,8.398
8,10,8.407
6,10,8.405
4,10,8.386
2,10,8.363
0,10,8.365
0,12,8.397
2,12,8.399
4,12,8.397
6,12,8.396
8,12,8.397
10,12,8.401
12,12,8.406
14,12,8.409
16,12,8.408
18,12,8.406
20,12,8.401
22,12,8.392
24,12,8.384
26,12,8.382
28,12,8.385
30,12,8.392
32,12,8.403
34,12,8.414
36,12,8.425
38,12,8.433
40,12,8.435
42,12,8.427
44,12,8.411
46,12,8.395
48,12,8.371
50,12,8.332
52,12,8.286
54,12,8.264
56,12,8.275
58,12,8.315
60,12,8.362
62,12,8.388
64,12,8.395
66,12,8.395
68,12,8.390
70,12,8.383
72,12,8.376
74,12,8.372
76,12,8.368
78,12,8.369
80,12,8.368
82,12,8.365
84,12,8.362
86,12,8.356
88,12,8.350
90,12,8.344
92,12,8.336
94,12,8.326
96,12,8.316
98,12,8.301
100,12,8.272
102,12,8.215
104,12,8.075
106,12,7.787
108,12,7.419
110,12,7.098
112,12,6.919
114,12,6.917
116,12,7.098
118,12,7.411
120,12,7.749
122,12,8.011
124,12,8.140
126,12,8.189
128,12,8.204
130,12,8.201
132,12,8.182
134,12,8.152
136,12,8.116
138,12,8.070
140,12,8.016
142,12,7.960
144,12,7.919
146,12,7.887
148,12,7.867
150,12,7.852
150,14,7.916
148,14,7.921
146,14,7.924
144,14,7.924
142,14,7.926
140,14,7.928
138,14,7.934
136,14,7.947
134,14,7.973
132,14,8.017
130,14,8.055
128,14,8.090
126,14,8.130
124,14,8.164
122,14,8.188
120,14,8.196
118,14,8.193
116,14,8.167
114,14,8.110
112,14,7.997
110,14,7.819
108,14,7.603
106,14,7.396
104,14,7.271
102,14,7.257
100,14,7.357
98,14,7.558
96,14,7.805
94,14,8.023
92,14,8.164
90,14,8.235
88,14,8.273
86,14,8.295
84,14,8.309
82,14,8.320
80,14,8.329
78,14,8.337
76,14,8.344
74,14,8.351
72,14,8.356
70,14,8.359
68,14,8.363
66,14,8.368
64,14,8.371
62,14,8.370
60,14,8.371
58,14,8.374
56,14,8.378
54,14,8.383
52,14,8.386
50,14,8.388
48,14,8.379
46,14,8.346
44,14,8.283
42,14,8.223
40,14,8.194
38,14,8.211
36,14,8.273
34,14,8.342
32,14,8.385
30,14,8.410
28,14,8.431
26,14,8.437
24,14,8.432
22,14,8.418
20,14,8.404
18,14,8.394
16,14,8.391
14,14,8.393
12,14,8.397
10,14,8.403
8,14,8.412
6,14,8.417
4,14,8.418
2,14,8.418
0,14,8.419
0,16,8.425
2,16,8.427
4,16,8.427
6,16,8.427
8,16,8.426
10,16,8.424
12,16,8.421
14,16,8.418
16,16,8.413
18,16,8.408
20,16,8.403
22,16,8.398
24,16,8.394
26,16,8.392
28,16,8.389
30,16,8.391
32,16,8.395
34,16,8.403
36,16,8.419
38,16,8.432
40,16,8.438
42,16,8.430
44,16,8.412
46,16,8.389
48,16,8.357
50,16,8.295
52,16,8.222
54,16,8.180
56,16,8.182
58,16,8.226
60,16,8.295
62,16,8.353
64,16,8.378
66,16,8.383
68,16,8.380
70,16,8.376
72,16,8.373
74,16,8.370
76,16,8.370
78,16,8.368
80,16,8.366
82,16,8.363
84,16,8.359
86,16,8.353
88,16,8.346
90,16,8.338
92,16,8.331
94,16,8.324
96,16,8.315
98,16,8.304
100,16,8.286
102,16,8.261
104,16,8.217
106,16,8.138
108,16,7.999
110,16,7.828
112,16,7.709
114,16,7.674
116,16,7.733
118,16,7.875
120,16,8.021
122,16,8.125
124,16,8.178
126,16,8.196
128,16,8.185
130,16,8.146
132,16,8.071
134,16,7.961
136,16,7.833
138,16,7.717
140,16,7.657
142,16,7.659
144,16,7.710
146,16,7.792
148,16,7.864
150,16,7.911
150,18,7.842
148,18,7.779
146,18,7.681
144,18,7.566
142,18,7.446
140,18,7.350
138,18,7.288
136,18,7.281
134,18,7.322
132,18,7.412
130,18,7.545
128,18,7.714
126,18,7.868
124,18,8.002
122,18,8.103
120,18,8.164
118,18,8.188
116,18,8.191
114,18,8.174
112,18,8.143
110,18,8.095
108,18,8.042
106,18,7.994
104,18,7.976
102,18,7.993
100,18,8.042
98,18,8.108
96,18,8.169
94,18,8.215
92,18,8.249
90,18,8.272
88,18,8.288
86,18,8.300
84,18,8.310
82,18,8.319
80,18,8.327
78,18,8.335
76,18,8.342
74,18,8.348
72,18,8.353
70,18,8.360
68,18,8.364
66,18,8.366
64,18,8.370
62,18,8.373
60,18,8.374
58,18,8.375
56,18,8.378
54,18,8.379
52,18,8.380
50,18,8.374
48,18,8.359
46,18,8.305
44,18,8.222
42,18,8.156
40,18,8.140
38,18,8.190
36,18,8.276
34,18,8.348
32,18,8.385
30,18,8.413
28,18,8.435
26,18,8.444
24,18,8.438
22,18,8.422
20,18,8.406
18,18,8.400
16,18,8.401
14,18,8.404
12,18,8.406
10,18,8.412
8,18,8.419
6,18,8.427
4,18,8.433
2,18,8.434
0,18,8.433
0,20,8.433
2,20,8.435
4,20,8.438
6,20,8.439
8,20,8.438
10,20,8.438
12,20,8.433
14,20,8.429
16,20,8.423
18,20,8.417
20,20,8.412
22,20,8.407
24,20,8.405
26,20,8.404
28,20,8.403
30,20,8.402
32,20,8.405
34,20,8.413
36,20,8.426
38,20,8.439
40,20,8.444
42,20,8.435
44,20,8.414
46,20,8.389
48,20,8.360
50,20,8.310
52,20,8.223
54,20,8.144
56,20,8.120
58,20,8.160
60,20,8.245
62,20,8.325
64,20,8.362
66,20,8.376
68,20,8.378
70,20,8.378
72,20,8.377
74,20,8.376
76,20,8.375
78,20,8.372
80,20,8.370
82,20,8.367
84,20,8.364
86,20,8.355
88,20,8.350
90,20,8.340
92,20,8.332
94,20,8.324
96,20,8.317
98,20,8.309
100,20,8.298
102,20,8.285
104,20,8.266
106,20,8.240
108,20,8.203
110,20,8.156
112,20,8.104
114,20,8.064
116,20,8.056
118,20,8.079
120,20,8.119
122,20,8.164
124,20,8.191
126,20,8.189
128,20,8.147
130,20,8.034
132,20,7.832
134,20,7.571
136,20,7.278
138,20,7.029
140,20,6.862
142,20,6.805
144,20,6.876
146,20,7.063
148,20,7.337
150,20,7.565
150,22,7.471
148,22,7.299
146,22,7.109
144,22,6.924
142,22,6.746
140,22,6.633
138,22,6.567
136,22,6.592
134,22,6.716
132,22,6.895
130,22,7.137
128,22,7.402
126,22,7.656
124,22,7.877
122,22,8.036
120,22,8.128
118,22,8.161
116,22,8.154
114,22,8.116
112,22,8.054
110,22,7.987
108,22,7.934
106,22,7.922
104,22,7.952
102,22,8.019
100,22,8.100
98,22,8.172
96,22,8.225
94,22,8.254
92,22,8.272
90,22,8.285
88,22,8.295
86,22,8.307
84,22,8.312
82,22,8.319
80,22,8.325
78,22,8.329
76,22,8.340
74,22,8.344
72,22,8.349
70,22,8.352
68,22,8.355
66,22,8.355
64,22,8.355
62,22,8.357
60,22,8.356
58,22,8.354
56,22,8.350
54,22,8.342
52,22,8.320
50,22,8.275
48,22,8.186
46,22,8.066
44,22,7.971
42,22,7.954
40,22,8.024
38,22,8.153
36,22,8.276
34,22,8.345
32,22,8.381
30,22,8.405
28,22,8.425
26,22,8.437
24,22,8.435
22,22,8.427
20,22,8.417
18,22,8.412
16,22,8.409
14,22,8.409
12,22,8.412
10,22,8.414
8,22,8.406
6,22,8.365
4,22,8.302
2,22,8.268
0,22,8.309
0,24,8.313
2,24,8.293
4,24,8.258
6,24,8.230
8,24,8.220
10,24,8.235
12,24,8.274
14,24,8.327
16,24,8.377
18,24,8.403
20,24,8.410
22,24,8.408
24,24,8.407
26,24,8.405
28,24,8.406
30,24,8.411
32,24,8.417
34,24,8.422
36,24,8.427
38,24,8.428
40,24,8.426
42,24,8.415
44,24,8.399
46,24,8.374
48,24,8.341
50,24,8.284
52,24,8.169
54,24,8.015
56,24,7.889
58,24,7.831
60,24,7.878
62,24,8.020
64,24,8.162
66,24,8.257
68,24,8.305
70,24,8.326
72,24,8.332
74,24,8.335
76,24,8.338
78,24,8.339
80,24,8.341
82,24,8.342
84,24,8.342
86,24,8.339
88,24,8.334
90,24,8.328
92,24,8.324
94,24,8.317
96,24,8.310
98,24,8.303
100,24,8.293
102,24,8.283
104,24,8.268
106,24,8.241
108,24,8.183
110,24,8.062
112,24,7.901
114,24,7.755
116,24,7.658
118,24,7.639
120,24,7.698
122,24,7.829
124,24,7.972
126,24,8.081
128,24,8.106
130,24,8.033
132,24,7.857
134,24,7.580
136,24,7.250
138,24,6.932
140,24,6.678
142,24,6.544
144,24,6.545
146,24,6.691
148,24,6.950
150,24,7.248
150,26,7.381
148,26,7.228
146,26,7.058
144,26,6.910
142,26,6.826
140,26,6.786
138,26,6.792
136,26,6.880
134,26,7.046
132,26,7.262
130,26,7.497
128,26,7.729
126,26,7.913
124,26,8.028
122,26,8.081
120,26,8.079
118,26,8.014
116,26,7.887
114,26,7.734
112,26,7.589
110,26,7.484
108,26,7.446
106,26,7.480
104,26,7.574
102,26,7.739
100,26,7.924
98,26,8.087
96,26,8.195
94,26,8.243
92,26,8.265
90,26,8.279
88,26,8.289
86,26,8.295
84,26,8.301
82,26,8.305
80,26,8.310
78,26,8.313
76,26,8.316
74,26,8.317
72,26,8.312
70,26,8.301
68,26,8.283
66,26,8.257
64,26,8.224
62,26,8.194
60,26,8.179
58,26,8.178
56,26,8.177
54,26,8.139
52,26,8.005
50,26,7.710
48,26,7.236
46,26,6.751
44,26,6.524
42,26,6.616
40,26,6.966
38,26,7.446
36,26,7.864
34,26,8.122
32,26,8.253
30,26,8.321
28,26,8.359
26,26,8.385
24,26,8.403
22,26,8.411
20,26,8.408
18,26,8.405
16,26,8.403
14,26,8.404
12,26,8.407
10,26,8.411
8,26,8.415
6,26,8.419
4,26,8.420
2,26,8.417
0,26,8.414
0,28,8.407
2,28,8.410
4,28,8.413
6,28,8.414
8,28,8.415
10,28,8.415
12,28,8.416
14,28,8.414
16,28,8.413
18,28,8.411
20,28,8.407
22,28,8.405
24,28,8.403
26,28,8.401
28,28,8.400
30,28,8.401
32,28,8.401
34,28,8.397
36,28,8.389
38,28,8.374
40,28,8.349
42,28,8.320
44,28,8.277
46,28,8.204
48,28,8.078
50,28,7.893
52,28,7.601
54,28,7.181
56,28,6.780
58,28,6.429
60,28,6.353
62,28,6.675
64,28,7.213
66,28,7.684
68,28,7.954
70,28,8.052
72,28,8.051
74,28,8.013
76,28,8.023
78,28,8.101
80,28,8.181
82,28,8.227
84,28,8.261
86,28,8.282
88,28,8.289
90,28,8.296
92,28,8.297
94,28,8.294
96,28,8.290
98,28,8.284
100,28,8.280
102,28,8.272
104,28,8.258
106,28,8.230
108,28,8.165
110,28,8.019
112,28,7.809
114,28,7.604
116,28,7.464
118,28,7.418
120,28,7.461
122,28,7.593
124,28,7.779
126,28,7.954
128,28,8.055
130,28,8.068
132,28,8.019
134,28,7.909
136,28,7.748
138,28,7.561
140,28,7.396
142,28,7.294
144,28,7.264
146,28,7.313
148,28,7.435
150,28,7.596
150,30,7.748
148,30,7.699
146,30,7.650
144,30,7.615
142,30,7.597
140,30,7.602
138,30,7.621
136,30,7.668
134,30,7.730
132,30,7.801
130,30,7.874
128,30,7.939
126,30,7.989
124,30,8.022
122,30,8.035
120,30,8.020
118,30,7.967
116,30,7.870
114,30,7.746
112,30,7.636
110,30,7.565
108,30,7.553
106,30,7.609
104,30,7.717
102,30,7.864
100,30,8.010
98,30,8.124
96,30,8.187
94,30,8.216
92,30,8.229
90,30,8.231
88,30,8.230
86,30,8.228
84,30,8.228
82,30,8.227
80,30,8.224
78,30,8.211
76,30,8.186
74,30,8.144
72,30,8.069
70,30,7.943
68,30,7.738
66,30,7.447
64,30,7.100
62,30,6.812
60,30,6.726
58,30,6.831
56,30,6.985
54,30,6.914
52,30,6.435
50,30,5.593
48,30,4.808
46,30,4.457
44,30,4.542
42,30,4.896
40,30,5.419
38,30,6.072
36,30,6.727
34,30,7.230
32,30,7.584
30,30,7.808
28,30,7.939
26,30,8.054
24,30,8.165
22,30,8.273
20,30,8.343
18,30,8.372
16,30,8.377
14,30,8.377
12,30,8.385
10,30,8.398
8,30,8.409
6,30,8.414
4,30,8.414
2,30,8.411
0,30,8.410
0,32,8.412
2,32,8.415
4,32,8.418
6,32,8.417
8,32,8.417
10,32,8.416
12,32,8.416
14,32,8.413
16,32,8.409
18,32,8.400
20,32,8.387
22,32,8.371
24,32,8.360
26,32,8.356
28,32,8.355
30,32,8.349
32,32,8.321
34,32,8.260
36,32,8.149
38,32,7.995
40,32,7.825
42,32,7.621
44,32,7.388
46,32,7.159
48,32,6.881
50,32,6.517
52,32,6.013
54,32,5.439
56,32,4.935
58,32,4.501
60,32,4.169
62,32,4.156
64,32,4.692
66,32,5.584
68,32,6.341
70,32,6.580
72,32,6.461
74,32,6.291
76,32,6.237
78,32,6.479
80,32,6.927
82,32,7.370
84,32,7.695
86,32,7.896
88,32,8.021
90,32,8.093
92,32,8.132
94,32,8.148
96,32,8.156
98,32,8.157
100,32,8.158
102,32,8.160
104,32,8.158
106,32,8.140
108,32,8.095
110,32,8.018
112,32,7.907
114,32,7.785
116,32,7.709
118,32,7.701
120,32,7.755
122,32,7.849
124,32,7.938
126,32,7.982
128,32,7.980
130,32,7.954
132,32,7.920
134,32,7.883
136,32,7.839
138,32,7.793
140,32,7.748
142,32,7.723
144,32,7.713
146,32,7.724
148,32,7.755
150,32,7.804
150,34,7.731
148,34,7.702
146,34,7.670
144,34,7.638
142,34,7.615
140,34,7.599
138,34,7.590
136,34,7.589
134,34,7.594
132,34,7.603
130,34,7.622
128,34,7.645
126,34,7.678
124,34,7.713
122,34,7.746
120,34,7.773
118,34,7.799
116,34,7.809
114,34,7.800
112,34,7.774
110,34,7.740
108,34,7.701
106,34,7.673
104,34,7.661
102,34,7.667
100,34,7.692
98,34,7.729
96,34,7.770
94,34,7.793
92,34,7.811
90,34,7.812
88,34,7.809
86,34,7.816
84,34,7.831
82,34,7.835
80,34,7.814
78,34,7.739
76,34,7.573
74,34,7.282
72,34,6.848
70,34,6.256
68,34,5.479
66,34,4.579
64,34,3.870
62,34,3.549
60,34,3.537
58,34,3.678
56,34,3.810
54,34,3.732
52,34,3.349
50,34,2.938
48,34,2.908
46,34,3.381
44,34,4.010
42,34,4.388
40,34,4.516
38,34,4.577
36,34,4.664
34,34,4.775
32,34,4.926
30,34,5.056
28,34,5.285
26,34,5.810
24,34,6.561
22,34,7.353
20,34,7.913
18,34,8.152
16,34,8.221
14,34,8.243
12,34,8.277
10,34,8.337
8,34,8.384
6,34,8.401
4,34,8.408
2,34,8.410
0,34,8.408
0,36,8.387
2,36,8.394
4,36,8.397
6,36,8.398
8,36,8.397
10,36,8.396
12,36,8.392
14,36,8.387
16,36,8.378
18,36,8.356
20,36,8.313
22,36,8.262
24,36,8.219
26,36,8.186
28,36,8.143
30,36,8.058
32,36,7.855
34,36,7.427
36,36,6.727
38,36,5.898
40,36,5.134
42,36,4.662
44,36,4.485
46,36,4.466
48,36,4.473
50,36,4.428
52,36,4.427
54,36,4.434
56,36,4.408
58,36,4.224
60,36,3.699
62,36,3.041
64,36,2.672
66,36,2.779
68,36,3.097
70,36,3.261
72,36,3.196
74,36,3.078
76,36,3.036
78,36,3.251
80,36,3.843
82,36,4.749
84,36,5.697
86,36,6.452
88,36,7.007
90,36,7.371
92,36,7.558
94,36,7.623
96,36,7.603
98,36,7.545
100,36,7.502
102,36,7.480
104,36,7.454
106,36,7.417
108,36,7.344
110,36,7.262
112,36,7.192
114,36,7.163
116,36,7.190
118,36,7.240
120,36,7.288
122,36,7.320
124,36,7.341
126,36,7.344
128,36,7.316
130,36,7.264
132,36,7.184
134,36,7.127
136,36,7.071
138,36,7.003
140,36,6.974
142,36,6.980
144,36,7.027
146,36,7.069
148,36,7.112
150,36,7.149
150,38,6.659
148,38,6.582
146,38,6.499
144,38,6.405
142,38,6.325
140,38,6.238
138,38,6.162
136,38,6.102
134,38,6.067
132,38,6.031
130,38,6.066
128,38,6.115
126,38,6.171
124,38,6.238
122,38,6.300
120,38,6.320
118,38,6.276
116,38,6.185
114,38,6.060
112,38,5.914
110,38,5.749
108,38,5.615
106,38,5.536
104,38,5.528
102,38,5.514
100,38,5.562
98,38,5.692
96,38,5.831
94,38,5.860
92,38,5.904
90,38,5.958
88,38,6.091
86,38,6.281
84,38,6.474
82,38,6.679
80,38,6.804
78,38,6.751
76,38,6.423
74,38,5.815
72,38,4.987
70,38,4.059
68,38,3.133
66,38,2.399
64,38,1.968
62,38,1.802
60,38,1.772
58,38,1.761
56,38,1.700
54,38,1.571
52,38,1.426
50,38,1.376
48,38,1.493
46,38,1.839
44,38,2.336
42,38,2.823
40,38,3.286
38,38,3.594
36,38,3.588
34,38,3.249
32,38,2.642
30,38,2.133
28,38,2.054
26,38,2.538
24,38,3.544
22,38,4.936
20,38,6.215
18,38,7.085
16,38,7.633
14,38,7.967
12,38,8.143
10,38,8.249
8,38,8.306
6,38,8.317
4,38,8.312
2,38,8.297
0,38,8.269
0,40,8.171
2,40,8.192
4,40,8.220
6,40,8.237
8,40,8.250
10,40,8.261
12,40,8.270
14,40,8.278
16,40,8.278
18,40,8.263
20,40,8.221
22,40,8.140
24,40,8.000
26,40,7.740
28,40,7.343
30,40,6.789
32,40,6.099
34,40,5.173
36,40,4.081
38,40,3.028
40,40,2.221
42,40,1.825
44,40,1.875
46,40,2.307
48,40,2.932
50,40,3.357
52,40,3.399
54,40,3.110
56,40,2.651
58,40,2.179
60,40,1.704
62,40,1.347
64,40,1.146
66,40,1.150
68,40,1.271
70,40,1.431
72,40,1.553
74,40,1.594
76,40,1.623
78,40,1.735
80,40,2.115
82,40,2.797
84,40,3.719
86,40,4.652
88,40,5.483
90,40,6.081
92,40,6.293
94,40,6.145
96,40,5.814
98,40,5.470
100,40,5.196
102,40,4.978
104,40,4.789
106,40,4.606
108,40,4.425
110,40,4.226
112,40,4.032
114,40,3.918
116,40,3.858
118,40,3.947
120,40,4.138
122,40,4.368
124,40,4.579
126,40,4.674
128,40,4.686
130,40,4.647
132,40,4.569
134,40,4.478
136,40,4.396
138,40,4.313
140,40,4.348
142,40,4.461
144,40,4.597
146,40,4.757
148,40,4.940
150,40,5.134
150,42,4.242
148,42,3.997
146,42,3.742
144,42,3.461
142,42,3.224
140,42,3.018
138,42,2.837
136,42,2.680
134,42,2.582
132,42,2.575
130,42,2.624
128,42,2.639
126,42,2.671
124,42,2.590
122,42,2.580
120,42,2.597
118,42,2.527
116,42,2.396
114,42,2.163
112,42,1.984
110,42,1.818
108,42,1.653
106,42,1.556
104,42,1.558
102,42,1.622
100,42,1.757
98,42,1.939
96,42,2.093
94,42,2.239
92,42,2.397
90,42,2.532
88,42,2.784
86,42,3.262
84,42,3.805
82,42,4.300
80,42,4.545
78,42,4.366
76,42,4.027
74,42,3.592
72,42,3.090
70,42,2.610
68,42,2.087
66,42,1.578
64,42,1.146
62,42,8.641
60,42,7.034
58,42,6.014
56,42,5.579
54,42,6.154
52,42,7.350
50,42,8.186
48,42,7.728
46,42,6.342
44,42,5.036
42,42,5.855
40,42,9.648
38,42,1.578
36,42,2.127
34,42,2.104
32,42,1.646
30,42,1.327
28,42,1.402
26,42,1.789
24,42,2.385
22,42,3.122
20,42,3.980
18,42,5.115
16,42,6.432
14,42,7.486
12,42,8.033
10,42,8.197
8,42,8.228
6,42,8.222
4,42,8.194
2,42,8.154
0,42,8.093
0,44,8.031
2,44,8.078
4,44,8.119
6,44,8.149
8,44,8.171
10,44,8.191
12,44,8.209
14,44,8.226
16,44,8.233
18,44,8.225
20,44,8.192
22,44,8.070
24,44,7.725
26,44,7.050
28,44,6.033
30,44,4.943
32,44,4.002
34,44,3.295
36,44,2.743
38,44,2.205
40,44,1.713
42,44,1.355
44,44,1.263
46,44,1.490
48,44,1.896
50,44,1.997
52,44,1.568
54,44,9.469
56,44,5.805
58,44,5.434
60,44,7.296
62,44,9.912
64,44,1.122
66,44,1.012
68,44,7.342
70,44,5.627
72,44,4.735
74,44,4.966
76,44,6.453
78,44,9.571
80,44,1.420
82,44,1.928
84,44,2.355
86,44,2.708
88,44,3.046
90,44,3.355
92,44,3.494
94,44,3.347
96,44,2.969
98,44,2.463
100,44,2.012
102,44,1.698
104,44,1.504
106,44,1.364
108,44,1.219
110,44,1.059
112,44,9.029
114,44,7.873
116,44,7.333
118,44,7.588
120,44,8.447
122,44,9.647
124,44,1.072
126,44,1.143
128,44,1.156
130,44,1.152
132,44,1.117
134,44,1.045
136,44,1.032
138,44,1.042
140,44,1.133
142,44,1.259
144,44,1.455
146,44,1.702
148,44,2.026
150,44,2.351
150,46,1.916
148,46,1.674
146,46,1.432
144,46,1.213
142,46,1.009
140,46,8.535
138,46,7.283
136,46,6.510
134,46,5.946
132,46,5.614
130,46,5.559
128,46,5.662
126,46,5.894
124,46,6.064
122,46,6.147
120,46,6.038
118,46,5.670
116,46,5.055
114,46,4.418
112,46,3.805
110,46,3.310
108,46,3.119
106,46,3.133
104,46,3.451
102,46,3.982
100,46,4.690
98,46,5.514
96,46,6.325
94,46,7.075
92,46,7.876
90,46,9.096
88,46,1.107
86,46,1.386
84,46,1.690
82,46,1.878
80,46,1.893
78,46,1.773
76,46,1.641
74,46,1.538
72,46,1.498
70,46,1.429
68,46,1.355
66,46,1.243
64,46,1.140
62,46,1.115
60,46,1.257
58,46,1.627
56,46,2.205
54,46,2.865
52,46,3.426
50,46,3.703
48,46,3.643
46,46,3.149
44,46,2.167
42,46,1.089
40,46,4.872
38,46,7.845
36,46,1.493
34,46,1.751
32,46,1.447
30,46,1.147
28,46,1.250
26,46,1.710
24,46,2.305
22,46,2.813
20,46,3.385
18,46,4.451
16,46,6.028
14,46,7.400
12,46,8.103
10,46,8.271
8,46,8.298
6,46,8.292
4,46,8.275
2,46,8.253
0,46,8.220
0,48,8.252
2,48,8.273
4,48,8.289
6,48,8.299
8,48,8.309
10,48,8.319
12,48,8.325
14,48,8.332
16,48,8.333
18,48,8.327
20,48,8.298
22,48,8.197
24,48,7.863
26,48,7.099
28,48,5.934
30,48,4.642
32,48,3.585
34,48,2.993
36,48,2.596
38,48,2.146
40,48,1.649
42,48,1.289
44,48,1.237
46,48,1.513
48,48,1.809
50,48,1.676
52,48,1.001
54,48,4.398
56,48,7.339
58,48,1.758
60,48,2.928
62,48,3.715
64,48,3.939
66,48,3.784
68,48,3.299
70,48,2.633
72,48,1.984
74,48,1.507
76,48,1.249
78,48,1.243
80,48,1.298
82,48,1.335
84,48,1.350
86,48,1.354
88,48,1.372
90,48,1.441
92,48,1.567
94,48,1.614
96,48,1.480
98,48,1.244
100,48,1.022
102,48,8.582
104,48,7.367
106,48,6.463
108,48,5.508
110,48,4.767
112,48,4.020
114,48,3.369
116,48,2.983
118,48,3.043
120,48,3.443
122,48,3.923
124,48,4.593
126,48,5.077
128,48,5.481
130,48,5.837
132,48,5.825
134,48,5.794
136,48,5.821
138,48,5.941
140,48,6.292
142,48,6.994
144,48,8.113
146,48,9.803
148,48,1.171
150,48,1.369
150,50,1.186
148,50,1.067
146,50,9.782
144,50,8.852
142,50,8.033
140,50,7.338
138,50,6.830
136,50,6.532
134,50,6.429
132,50,6.443
130,50,6.530
128,50,6.722
126,50,7.025
124,50,7.189
122,50,7.284
120,50,7.429
118,50,7.433
116,50,7.284
114,50,7.283
112,50,7.300
110,50,7.412
108,50,7.822
106,50,8.616
104,50,9.587
102,50,1.071
100,50,1.211
98,50,1.302
96,50,1.424
94,50,1.530
92,50,1.635
90,50,1.715
88,50,1.828
86,50,2.003
84,50,2.115
82,50,2.140
80,50,2.104
78,50,2.074
76,50,2.076
74,50,2.116
72,50,2.238
70,50,2.329
68,50,2.398
66,50,2.387
64,50,2.398
62,50,2.503
60,50,2.784
58,50,3.214
56,50,3.734
54,50,4.260
52,50,4.650
50,50,4.745
48,50,4.297
46,50,3.157
44,50,1.678
42,50,5.858
40,50,5.623
38,50,1.650
36,50,2.909
34,50,3.231
32,50,2.640
30,50,2.008
28,50,1.751
26,50,1.852
24,50,2.198
22,50,2.812
20,50,3.929
18,50,5.566
16,50,7.129
14,50,8.020
12,50,8.314
10,50,8.378
8,50,8.392
6,50,8.393
4,50,8.391
2,50,8.389
0,50,8.385
0,52,8.397
2,52,8.402
4,52,8.404
6,52,8.404
8,52,8.403
10,52,8.403
12,52,8.403
14,52,8.402
16,52,8.401
18,52,8.398
20,52,8.386
22,52,8.353
24,52,8.248
26,52,7.941
28,52,7.209
30,52,6.029
32,52,4.625
34,52,3.397
36,52,2.575
38,52,2.079
40,52,1.828
42,52,1.830
44,52,2.158
46,52,2.801
48,52,3.416
50,52,3.282
52,52,2.142
54,52,8.237
56,52,4.322
58,52,1.183
60,52,2.608
62,52,3.912
64,52,4.606
66,52,4.650
68,52,4.330
70,52,3.857
72,52,3.365
74,52,2.944
76,52,2.760
78,52,2.694
80,52,2.760
82,52,2.800
84,52,2.818
86,52,2.718
88,52,2.637
90,52,2.640
92,52,2.668
94,52,2.676
96,52,2.595
98,52,2.525
100,52,2.380
102,52,2.339
104,52,2.236
106,52,2.149
108,52,2.023
110,52,1.915
112,52,1.788
114,52,1.614
116,52,1.457
118,52,1.294
120,52,1.269
122,52,1.249
124,52,1.259
126,52,1.229
128,52,1.192
130,52,1.103
132,52,1.039
134,52,9.587
136,52,9.013
138,52,8.814
140,52,8.744
142,52,8.796
144,52,8.953
146,52,9.151
148,52,9.789
150,52,1.050
150,54,1.410
148,54,1.460
146,54,1.497
144,54,1.546
142,54,1.522
140,54,1.594
138,54,1.610
136,54,1.625
134,54,1.683
132,54,1.795
130,54,1.928
128,54,2.040
126,54,2.145
124,54,2.229
122,54,2.344
120,54,2.392
118,54,2.407
116,54,2.408
114,54,2.434
112,54,2.489
110,54,2.632
108,54,2.821
106,54,3.107
104,54,3.401
102,54,3.691
100,54,3.897
98,54,4.067
96,54,4.275
94,54,4.456
92,54,4.594
90,54,4.679
88,54,4.748
86,54,4.820
84,54,4.932
82,54,5.047
80,54,5.113
78,54,5.190
76,54,5.201
74,54,5.243
72,54,5.330
70,54,5.342
68,54,5.295
66,54,5.225
64,54,5.092
62,54,5.046
60,54,5.120
58,54,5.228
56,54,5.274
54,54,5.248
52,54,5.057
50,54,4.536
48,54,3.585
46,54,2.396
44,54,1.388
42,54,1.016
40,54,1.760
38,54,3.272
36,54,4.237
34,54,3.780
32,54,2.758
30,54,2.184
28,54,2.240
26,54,2.762
24,54,3.712
22,54,5.042
20,54,6.482
18,54,7.592
16,54,8.138
14,54,8.328
12,54,8.386
10,54,8.401
8,54,8.404
6,54,8.404
4,54,8.407
2,54,8.411
0,54,8.419
0,56,8.417
2,56,8.416
4,56,8.412
6,56,8.405
8,56,8.400
10,56,8.395
12,56,8.394
14,56,8.395
16,56,8.398
18,56,8.399
20,56,8.397
22,56,8.390
24,56,8.366
26,56,8.304
28,56,8.156
30,56,7.794
32,56,7.064
34,56,5.956
36,56,4.768
38,56,3.702
40,56,2.900
42,56,2.373
44,56,2.226
46,56,2.644
48,56,3.576
50,56,4.229
52,56,3.625
54,56,2.183
56,56,1.162
58,56,1.214
60,56,2.054
62,56,3.177
64,56,4.243
66,56,4.953
68,56,5.289
70,56,5.439
72,56,5.467
74,56,5.415
76,56,5.365
78,56,5.432
80,56,5.591
82,56,5.742
84,56,5.837
86,56,5.873
88,56,5.850
90,56,5.817
92,56,5.806
94,56,5.785
96,56,5.749
98,56,5.700
100,56,5.628
102,56,5.543
104,56,5.439
106,56,5.318
108,56,5.147
110,56,4.913
112,56,4.594
114,56,4.147
116,56,3.730
118,56,3.353
120,56,3.145
122,56,3.083
124,56,3.173
126,56,3.348
128,56,3.438
130,56,3.431
132,56,3.378
134,56,3.264
136,56,3.155
138,56,2.986
140,56,2.891
142,56,2.764
144,56,2.724
146,56,2.765
148,56,2.707
150,56,2.808
150,58,3.759
148,58,3.871
146,58,4.009
144,58,4.028
142,58,4.098
140,58,4.152
138,58,4.284
136,58,4.346
134,58,4.494
132,58,4.607
130,58,4.637
128,58,4.747
126,58,4.869
124,58,4.924
122,58,4.867
120,58,4.674
118,58,4.423
116,58,4.160
114,58,4.032
112,58,4.065
110,58,4.255
108,58,4.620
106,58,5.100
104,58,5.631
102,58,6.147
100,58,6.569
98,58,6.839
96,58,6.998
94,58,7.100
92,58,7.196
90,58,7.264
88,58,7.320
86,58,7.376
84,58,7.426
82,58,7.413
80,58,7.377
78,58,7.333
76,58,7.254
74,58,7.134
72,58,6.954
70,58,6.774
68,58,6.637
66,58,6.581
64,58,6.598
62,58,6.707
60,58,6.846
58,58,6.936
56,58,6.914
54,58,6.598
52,58,5.875
50,58,4.876
48,58,3.784
46,58,2.785
44,58,2.061
42,58,1.963
40,58,2.661
38,58,3.330
36,58,3.047
34,58,2.507
32,58,2.935
30,58,4.182
28,58,5.397
26,58,6.241
24,58,6.990
22,58,7.629
20,58,8.036
18,58,8.239
16,58,8.324
14,58,8.356
12,58,8.363
10,58,8.355
8,58,8.330
6,58,8.295
4,58,8.285
2,58,8.315
0,58,8.360
0,60,8.330
2,60,8.318
4,60,8.290
6,60,8.255
8,60,8.224
10,60,8.206
12,60,8.210
14,60,8.236
16,60,8.275
18,60,8.309
20,60,8.329
22,60,8.340
24,60,8.342
26,60,8.331
28,60,8.303
30,60,8.245
32,60,8.130
34,60,7.898
36,60,7.500
38,60,6.948
40,60,6.323
42,60,5.529
44,60,4.305
46,60,3.033
48,60,2.465
50,60,2.866
52,60,3.250
54,60,2.772
56,60,2.054
58,60,1.978
60,60,2.594
62,60,3.547
64,60,4.658
66,60,5.765
68,60,6.571
70,60,6.943
72,60,7.003
74,60,6.896
76,60,6.719
78,60,6.596
80,60,6.549
82,60,6.626
84,60,6.797
86,60,7.059
88,60,7.287
90,60,7.434
92,60,7.524
94,60,7.575
96,60,7.589
98,60,7.536
100,60,7.455
102,60,7.390
104,60,7.339
106,60,7.304
108,60,7.153
110,60,6.884
112,60,6.369
114,60,5.681
116,60,5.045
118,60,4.577
120,60,4.282
122,60,4.129
124,60,4.468
126,60,4.966
128,60,5.431
130,60,5.710
132,60,5.857
134,60,5.823
136,60,5.738
138,60,5.700
140,60,5.625
142,60,5.605
144,60,5.617
146,60,5.619
148,60,6.161
150,60,6.368
150,62,6.490
148,62,6.739
146,62,6.696
144,62,6.414
142,62,6.483
140,62,6.535
138,62,6.563
136,62,6.670
134,62,6.720
132,62,6.763
130,62,6.818
128,62,6.821
126,62,6.760
124,62,6.671
122,62,6.428
120,62,6.129
118,62,5.819
116,62,5.490
114,62,5.338
112,62,5.358
110,62,5.573
108,62,5.909
106,62,6.401
104,62,6.896
102,62,7.283
100,62,7.507
98,62,7.566
96,62,7.525
94,62,7.422
92,62,7.365
90,62,7.370
88,62,7.460
86,62,7.598
84,62,7.747
82,62,7.839
80,62,7.844
78,62,7.751
76,62,7.557
74,62,7.219
72,62,6.874
70,62,6.664
68,62,6.644
66,62,6.783
64,62,7.055
62,62,7.392
60,62,7.643
58,62,7.713
56,62,7.589
54,62,7.167
52,62,6.313
50,62,5.100
48,62,3.747
46,62,2.586
44,62,1.823
42,62,1.622
40,62,1.721
38,62,1.816
36,62,2.280
34,62,3.629
32,62,5.510
30,62,6.979
28,62,7.641
26,62,7.885
24,62,7.993
22,62,8.048
20,62,8.072
18,62,8.087
16,62,8.097
14,62,8.099
12,62,8.080
10,62,8.007
8,62,7.886
6,62,7.779
4,62,7.784
2,62,7.888
0,62,8.013
0,64,7.860
2,64,7.829
4,64,7.768
6,64,7.686
8,64,7.612
10,64,7.527
12,64,7.507
14,64,7.569
16,64,7.684
18,64,7.807
20,64,7.905
22,64,7.971
24,64,7.997
26,64,8.001
28,64,7.978
30,64,7.965
32,64,7.970
34,64,8.001
36,64,7.990
38,64,7.940
40,64,7.827
42,64,7.565
44,64,6.888
46,64,5.474
48,64,3.684
50,64,2.326
52,64,1.776
54,64,1.641
56,64,1.546
58,64,1.703
60,64,2.439
62,64,3.620
64,64,5.006
66,64,6.240
68,64,7.122
70,64,7.585
72,64,7.721
74,64,7.622
76,64,7.323
78,64,6.923
80,64,6.657
82,64,6.569
84,64,6.725
86,64,7.065
88,64,7.462
90,64,7.722
92,64,7.817
94,64,7.774
96,64,7.599
98,64,7.374
100,64,7.171
102,64,7.088
104,64,7.167
106,64,7.316
108,64,7.498
110,64,7.508
112,64,7.325
114,64,6.985
116,64,6.629
118,64,6.277
120,64,6.088
122,64,6.108
124,64,6.272
126,64,6.570
128,64,6.922
130,64,7.149
132,64,7.355
134,64,7.426
136,64,7.486
138,64,7.677
140,64,7.743
142,64,7.914
144,64,7.594
146,64,7.854
148,64,7.527
150,64,7.492
150,66,7.874
148,66,7.960
146,66,7.961
144,66,7.907
142,66,7.744
140,66,7.701
138,66,7.786
136,66,7.730
134,66,7.718
132,66,7.728
130,66,7.707
128,66,7.714
126,66,7.685
124,66,7.606
122,66,7.505
120,66,7.419
118,66,7.260
116,66,7.167
114,66,7.152
112,66,7.212
110,66,7.313
108,66,7.463
106,66,7.603
104,66,7.702
102,66,7.704
100,66,7.600
98,66,7.375
96,66,7.095
94,66,6.836
92,66,6.702
90,66,6.690
88,66,6.818
86,66,7.093
84,66,7.425
82,66,7.694
80,66,7.815
78,66,7.804
76,66,7.683
74,66,7.441
72,66,7.171
70,66,6.983
68,66,6.973
66,66,7.138
64,66,7.419
62,66,7.683
60,66,7.809
58,66,7.790
56,66,7.654
54,66,7.327
52,66,6.667
50,66,5.588
48,66,4.341
46,66,3.252
44,66,2.495
42,66,2.246
40,66,2.570
38,66,3.498
36,66,4.896
34,66,6.301
32,66,7.213
30,66,7.533
28,66,7.507
26,66,7.322
24,66,7.125
22,66,7.063
20,66,7.135
18,66,7.210
16,66,7.283
14,66,7.299
12,66,7.207
10,66,7.015
8,66,6.811
6,66,6.692
4,66,6.740
2,66,6.964
0,66,7.230
0,68,7.123
2,68,7.091
4,68,6.996
6,68,6.849
8,68,6.681
10,68,6.552
12,68,6.483
14,68,6.489
16,68,6.569
18,68,6.724
20,68,6.896
22,68,7.052
24,68,7.139
26,68,7.155
28,68,7.115
30,68,7.060
32,68,6.983
34,68,6.915
36,68,6.929
38,68,7.060
40,68,7.281
42,68,7.459
44,68,7.462
46,68,7.147
48,68,6.286
50,68,5.022
52,68,3.689
54,68,2.771
56,68,2.409
58,68,2.593
60,68,3.271
62,68,4.344
64,68,5.570
66,68,6.648
68,68,7.293
70,68,7.597
72,68,7.708
74,68,7.699
76,68,7.564
78,68,7.296
80,68,7.045
82,68,6.966
84,68,7.095
86,68,7.356
88,68,7.597
90,68,7.703
92,68,7.690
94,68,7.478
96,68,7.128
98,68,6.722
100,68,6.445
102,68,6.332
104,68,6.458
106,68,6.779
108,68,7.172
110,68,7.472
112,68,7.604
114,68,7.670
116,68,7.590
118,68,7.530
120,68,7.487
122,68,7.470
124,68,7.497
126,68,7.554
128,68,7.693
130,68,7.833
132,68,8.018
134,68,7.970
136,68,7.941
138,68,8.055
140,68,8.106
142,68,7.960
144,68,7.841
146,68,7.968
148,68,7.867
150,68,7.900
150,70,7.902
148,70,7.975
146,70,7.868
144,70,7.857
142,70,7.721
140,70,7.835
138,70,7.932
136,70,7.912
134,70,7.692
132,70,7.595
130,70,7.539
128,70,7.512
126,70,7.500
124,70,7.481
122,70,7.505
120,70,7.500
118,70,7.504
116,70,7.550
114,70,7.540
112,70,7.547
110,70,7.542
108,70,7.548
106,70,7.544
104,70,7.514
102,70,7.435
100,70,7.259
98,70,6.914
96,70,6.568
94,70,6.302
92,70,6.171
90,70,6.193
88,70,6.360
86,70,6.663
84,70,6.989
82,70,7.288
80,70,7.467
78,70,7.543
76,70,7.562
74,70,7.528
72,70,7.456
70,70,7.391
68,70,7.368
66,70,7.404
64,70,7.444
62,70,7.456
60,70,7.445
58,70,7.414
56,70,7.345
54,70,7.206
52,70,6.951
50,70,6.505
48,70,6.087
46,70,5.762
44,70,5.558
42,70,5.594
40,70,5.932
38,70,6.387
36,70,6.816
34,70,7.069
32,70,7.059
30,70,6.621
28,70,5.785
26,70,4.998
24,70,4.681
22,70,4.978
20,70,5.609
18,70,6.163
16,70,6.440
14,70,6.500
12,70,6.348
10,70,6.133
8,70,5.985
6,70,6.010
4,70,6.154
2,70,6.397
0,70,6.672
0,72,6.604
2,72,6.572
4,72,6.472
6,72,6.333
8,72,6.185
10,72,6.072
12,72,5.987
14,72,5.928
16,72,5.917
18,72,5.979
20,72,6.104
22,72,6.250
24,72,6.369
26,72,6.387
28,72,6.249
30,72,5.928
32,72,5.426
34,72,4.858
36,72,4.482
38,72,4.510
40,72,5.057
42,72,5.870
44,72,6.622
46,72,6.970
48,72,6.962
50,72,6.719
52,72,6.401
54,72,6.002
56,72,5.728
58,72,5.614
60,72,5.803
62,72,6.094
64,72,6.526
66,72,6.883
68,72,7.101
70,72,7.187
72,72,7.244
74,72,7.288
76,72,7.300
78,72,7.298
80,72,7.277
82,72,7.304
84,72,7.344
86,72,7.385
88,72,7.403
90,72,7.368
92,72,7.274
94,72,7.052
96,72,6.704
98,72,6.369
100,72,6.100
102,72,6.018
104,72,6.128
106,72,6.403
108,72,6.782
110,72,7.067
112,72,7.205
114,72,7.261
116,72,7.265
118,72,7.297
120,72,7.398
122,72,7.595
124,72,7.490
126,72,7.393
128,72,7.609
130,72,7.840
132,72,7.888
134,72,7.862
136,72,7.946
138,72,8.062
140,72,8.066
142,72,8.092
144,72,8.052
146,72,7.958
148,72,7.868
150,72,7.814
150,74,7.922
148,74,7.959
146,74,7.901
144,74,7.786
142,74,7.677
140,74,7.588
138,74,7.403
136,74,7.534
134,74,7.300
132,74,7.338
130,74,7.184
128,74,7.065
126,74,6.925
124,74,6.936
122,74,6.937
120,74,6.913
118,74,6.911
116,74,6.942
114,74,6.963
112,74,6.977
110,74,6.977
108,74,6.977
106,74,6.955
104,74,6.922
102,74,6.869
100,74,6.761
98,74,6.582
96,74,6.387
94,74,6.245
92,74,6.189
90,74,6.227
88,74,6.346
86,74,6.545
84,74,6.751
82,74,6.905
80,74,7.027
78,74,7.049
76,74,7.061
74,74,7.025
72,74,7.032
70,74,6.982
68,74,6.920
66,74,6.826
64,74,6.739
62,74,6.609
60,74,6.478
58,74,6.384
56,74,6.364
54,74,6.400
52,74,6.463
50,74,6.501
48,74,6.522
46,74,6.538
44,74,6.521
42,74,6.378
40,74,6.125
38,74,5.955
36,74,5.943
34,74,6.041
32,74,5.775
30,74,4.870
28,74,3.726
26,74,2.946
24,74,2.919
22,74,3.635
20,74,4.689
18,74,5.550
16,74,5.959
14,74,5.952
12,74,5.816
10,74,5.651
8,74,5.492
6,74,5.419
4,74,5.513
2,74,5.779
0,74,6.042
0,76,5.859
2,76,5.844
4,76,5.758
6,76,5.625
8,76,5.470
10,76,5.289
12,76,5.195
14,76,5.220
16,76,5.342
18,76,5.490
20,76,5.636
22,76,5.754
24,76,5.849
26,76,5.895
28,76,5.757
30,76,5.314
32,76,4.514
34,76,3.578
36,76,2.878
38,76,2.692
40,76,3.124
42,76,4.051
44,76,5.108
46,76,5.778
48,76,5.874
50,76,5.772
52,76,5.803
54,76,5.998
56,76,6.268
58,76,6.408
60,76,6.426
62,76,6.377
64,76,6.299
66,76,6.213
68,76,6.083
70,76,6.032
72,76,6.043
74,76,6.152
76,76,6.311
78,76,6.459
80,76,6.564
82,76,6.625
84,76,6.670
86,76,6.718
88,76,6.732
90,76,6.715
92,76,6.674
94,76,6.583
96,76,6.397
98,76,6.214
100,76,6.049
102,76,5.949
104,76,5.976
106,76,6.072
108,76,6.241
110,76,6.468
112,76,6.547
114,76,6.581
116,76,6.730
118,76,6.770
120,76,6.588
122,76,6.501
124,76,6.989
126,76,7.355
128,76,7.449
130,76,7.472
132,76,7.526
134,76,7.587
136,76,7.608
138,76,7.518
140,76,7.594
142,76,7.692
144,76,7.725
146,76,7.733
148,76,7.716
150,76,7.678
150,78,7.435
148,78,7.479
146,78,7.472
144,78,7.452
142,78,7.417
140,78,7.425
138,78,7.415
136,78,7.343
134,78,6.847
132,78,6.684
130,78,6.203
128,78,6.656
126,78,6.464
124,78,6.145
122,78,5.812
120,78,5.954
118,78,5.719
116,78,5.666
114,78,5.681
112,78,5.683
110,78,5.755
108,78,5.794
106,78,5.806
104,78,5.860
102,78,5.872
100,78,5.898
98,78,5.912
96,78,5.898
94,78,5.892
92,78,5.913
90,78,5.969
88,78,6.049
86,78,6.094
84,78,6.106
82,78,6.157
80,78,6.133
78,78,6.128
76,78,6.152
74,78,6.140
72,78,6.109
70,78,6.015
68,78,5.851
66,78,5.571
64,78,5.173
62,78,4.678
60,78,4.341
58,78,4.221
56,78,4.318
54,78,4.662
52,78,5.090
50,78,5.506
48,78,5.808
46,78,5.918
44,78,5.745
42,78,5.332
40,78,4.922
38,78,4.674
36,78,4.708
34,78,4.897
32,78,4.830
30,78,4.132
28,78,3.117
26,78,2.463
24,78,2.572
22,78,3.306
20,78,4.160
18,78,4.841
16,78,5.265
14,78,5.378
12,78,5.240
10,78,4.838
8,78,4.365
6,78,4.205
4,78,4.406
2,78,4.767
0,78,5.168
0,80,5.117
2,80,5.043
4,80,4.840
6,80,4.577
8,80,4.342
10,80,4.145
12,80,3.982
14,80,3.979
16,80,4.183
18,80,4.544
20,80,4.899
22,80,5.126
24,80,5.206
26,80,5.174
28,80,4.959
30,80,4.536
32,80,3.922
34,80,3.218
36,80,2.603
38,80,2.321
40,80,2.676
42,80,3.488
44,80,4.322
46,80,4.734
48,80,4.682
50,80,4.508
52,80,4.532
54,80,4.739
56,80,5.153
58,80,5.557
60,80,5.707
62,80,5.569
64,80,5.179
66,80,4.629
68,80,4.158
70,80,3.806
72,80,3.701
74,80,3.917
76,80,4.428
78,80,4.902
80,80,5.282
82,80,5.535
84,80,5.682
86,80,5.640
88,80,5.667
90,80,5.597
92,80,5.642
94,80,5.653
96,80,5.640
98,80,5.654
100,80,5.552
102,80,5.421
104,80,5.535
106,80,5.414
108,80,5.616
110,80,5.571
112,80,5.446
114,80,5.937
116,80,6.018
118,80,6.267
120,80,6.311
122,80,6.212
124,80,6.467
126,80,6.599
128,80,6.592
130,80,6.684
132,80,6.893
134,80,6.964
136,80,6.932
138,80,7.050
140,80,7.067
142,80,7.052
144,80,7.005
146,80,6.926
148,80,6.736
150,80,6.757
150,82,6.565
148,82,6.697
146,82,6.774
144,82,6.694
142,82,6.823
140,82,6.812
138,82,6.774
136,82,6.824
134,82,6.781
132,82,6.719
130,82,6.544
128,82,6.238
126,82,6.229
124,82,6.035
122,82,5.148
120,82,4.878
118,82,5.102
116,82,5.103
114,82,5.257
112,82,5.085
110,82,4.586
108,82,4.629
106,82,4.659
104,82,4.681
102,82,4.745
100,82,4.798
98,82,4.852
96,82,4.915
94,82,4.968
92,82,5.016
90,82,5.064
88,82,5.085
86,82,5.075
84,82,5.062
82,82,5.059
80,82,5.065
78,82,5.078
76,82,5.063
74,82,5.039
72,82,4.993
70,82,4.855
68,82,4.510
66,82,3.883
64,82,3.148
62,82,2.569
60,82,2.379
58,82,2.538
56,82,2.882
54,82,3.309
52,82,3.858
50,82,4.442
48,82,4.903
46,82,5.100
44,82,4.902
42,82,4.597
40,82,4.281
38,82,4.178
36,82,4.238
34,82,4.425
32,82,4.463
30,82,4.046
28,82,3.265
26,82,2.624
24,82,2.439
22,82,2.751
20,82,3.252
18,82,3.804
16,82,4.300
14,82,4.502
12,82,4.377
10,82,3.885
8,82,3.302
6,82,3.117
4,82,3.436
2,82,3.954
0,82,4.521
0,84,4.466
2,84,4.379
4,84,4.165
6,84,3.876
8,84,3.542
10,84,3.236
12,84,3.006
14,84,2.960
16,84,3.171
18,84,3.563
20,84,3.974
22,84,4.253
24,84,4.330
26,84,4.193
28,84,3.860
30,84,3.407
32,84,2.956
34,84,2.539
36,84,2.301
38,84,2.391
40,84,2.873
42,84,3.587
44,84,4.133
46,84,4.323
48,84,4.198
50,84,4.006
52,84,3.975
54,84,4.138
56,84,4.433
58,84,4.745
60,84,4.809
62,84,4.430
64,84,3.883
66,84,3.202
68,84,2.726
70,84,2.307
72,84,1.948
74,84,1.876
76,84,2.345
78,84,3.136
80,84,3.851
82,84,4.285
84,84,4.490
86,84,4.621
88,84,4.564
90,84,4.521
92,84,4.455
94,84,4.431
96,84,4.512
98,84,4.513
100,84,4.510
102,84,4.781
104,84,4.941
106,84,5.605
108,84,5.885
110,84,6.121
112,84,5.774
114,84,5.898
116,84,6.158
118,84,6.258
120,84,6.029
122,84,6.462
124,84,6.330
126,84,6.456
128,84,6.488
130,84,6.511
132,84,6.486
134,84,6.329
136,84,6.466
138,84,6.129
140,84,6.376
142,84,5.924
144,84,5.675
146,84,5.229
148,84,5.777
150,84,5.553
150,86,5.393
148,86,5.258
146,86,6.014
144,86,5.495
142,86,6.225
140,86,6.588
138,86,6.620
136,86,6.596
134,86,6.538
132,86,6.565
130,86,6.525
128,86,6.469
126,86,6.382
124,86,6.165
122,86,5.844
120,86,5.863
118,86,5.538
116,86,5.749
114,86,5.349
112,86,4.802
110,86,4.150
108,86,4.146
106,86,4.129
104,86,4.104
102,86,4.064
100,86,4.052
98,86,4.076
96,86,4.087
94,86,4.113
92,86,4.139
90,86,4.137
88,86,4.148
86,86,4.118
84,86,4.139
82,86,4.149
80,86,4.103
78,86,4.094
76,86,4.085
74,86,4.080
72,86,4.031
70,86,3.853
68,86,3.432
66,86,2.808
64,86,2.078
62,86,1.559
60,86,1.292
58,86,1.416
56,86,1.674
54,86,2.153
52,86,2.800
50,86,3.386
48,86,3.831
46,86,4.031
44,86,3.963
42,86,3.817
40,86,3.662
38,86,3.556
36,86,3.551
34,86,3.538
32,86,3.480
30,86,3.264
28,86,2.880
26,86,2.459
24,86,2.210
22,86,2.262
20,86,2.548
18,86,2.908
16,86,3.156
14,86,3.244
12,86,3.217
10,86,2.994
8,86,2.717
6,86,2.691
4,86,3.011
2,86,3.449
0,86,3.834
0,88,3.664
2,88,3.667
4,88,3.559
6,88,3.371
8,88,3.123
10,88,2.875
12,88,2.674
14,88,2.582
16,88,2.634
18,88,2.763
20,88,2.933
22,88,3.032
24,88,3.031
26,88,2.983
28,88,2.861
30,88,2.642
32,88,2.372
34,88,2.152
36,88,2.121
38,88,2.284
40,88,2.616
42,88,2.942
44,88,3.159
46,88,3.303
48,88,3.340
50,88,3.364
52,88,3.383
54,88,3.468
56,88,3.602
58,88,3.721
60,88,3.772
62,88,3.438
64,88,2.841
66,88,2.086
68,88,1.497
70,88,1.122
72,88,9.346
74,88,1.032
76,88,1.501
78,88,2.171
80,88,2.895
82,88,3.384
84,88,3.585
86,88,3.624
88,88,3.634
90,88,3.641
92,88,3.664
94,88,3.770
96,88,4.711
98,88,4.797
100,88,5.252
102,88,5.253
104,88,5.325
106,88,5.236
108,88,5.595
110,88,5.938
112,88,5.915
114,88,5.761
116,88,5.862
118,88,6.158
120,88,6.177
122,88,6.189
124,88,6.169
126,88,6.137
128,88,6.139
130,88,6.102
132,88,6.067
134,88,5.827
136,88,5.907
138,88,5.794
140,88,5.664
142,88,5.613
144,88,5.408
146,88,4.919
148,88,4.841
150,88,4.494
150,90,4.118
148,90,4.208
146,90,4.395
144,90,4.402
142,90,4.952
140,90,5.288
138,90,5.650
136,90,5.605
134,90,5.704
132,90,5.615
130,90,5.806
128,90,5.735
126,90,5.469
124,90,5.344
122,90,5.241
120,90,5.179
118,90,5.138
116,90,4.875
114,90,4.536
112,90,4.012
110,90,3.834
108,90,3.845
106,90,3.759
104,90,3.479
102,90,3.395
100,90,3.300
98,90,3.189
96,90,3.186
94,90,3.175
92,90,3.171
90,90,3.208
88,90,3.220
86,90,3.209
84,90,3.197
82,90,3.209
80,90,3.227
78,90,3.193
76,90,3.158
74,90,3.138
72,90,3.077
70,90,2.917
68,90,2.675
66,90,2.331
64,90,1.985
62,90,1.749
60,90,1.643
58,90,1.723
56,90,1.924
54,90,2.182
52,90,2.432
50,90,2.633
48,90,2.740
46,90,2.761
44,90,2.687
42,90,2.567
40,90,2.456
38,90,2.367
36,90,2.296
34,90,2.222
32,90,2.170
30,90,2.092
28,90,2.044
26,90,1.988
24,90,1.983
22,90,1.991
20,90,2.028
18,90,2.064
16,90,2.080
14,90,2.109
12,90,2.157
10,90,2.226
8,90,2.320
6,90,2.519
4,90,2.830
2,90,3.171
0,90,3.368
0,92,3.435
2,92,3.440
4,92,3.365
6,92,3.240
8,92,3.047
10,92,2.833
12,92,2.601
14,92,2.403
16,92,2.271
18,92,2.179
20,92,2.082
22,92,2.005
24,92,1.969
26,92,1.947
28,92,1.922
30,92,1.891
32,92,1.859
34,92,1.818
36,92,1.826
38,92,1.833
40,92,1.840
42,92,1.882
44,92,1.939
46,92,1.974
48,92,2.023
50,92,2.082
52,92,2.150
54,92,2.256
56,92,2.367
58,92,2.456
60,92,2.469
62,92,2.396
64,92,2.260
66,92,2.051
68,92,1.756
70,92,1.494
72,92,1.402
74,92,1.446
76,92,1.603
78,92,1.920
80,92,2.279
82,92,2.537
84,92,2.666
86,92,2.836
88,92,3.100
90,92,3.237
92,92,3.590
94,92,3.783
96,92,3.988
98,92,4.259
100,92,4.520
102,92,4.606
104,92,4.607
106,92,4.824
108,92,5.186
110,92,5.286
112,92,5.089
114,92,5.136
116,92,5.161
118,92,5.202
120,92,5.180
122,92,5.005
124,92,5.011
126,92,4.493
128,92,4.213
130,92,4.103
132,92,4.403
134,92,4.321
136,92,4.046
138,92,3.684
140,92,3.510
142,92,3.571
144,92,3.563
146,92,3.403
148,92,3.372
150,92,3.440
150,94,2.896
148,94,2.841
146,94,2.766
144,94,2.898
142,94,2.954
140,94,3.009
138,94,3.044
136,94,3.833
134,94,3.967
132,94,4.014
130,94,4.036
128,94,4.037
126,94,3.969
124,94,4.056
122,94,4.086
120,94,3.962
118,94,4.038
116,94,3.937
114,94,3.796
112,94,3.206
110,94,3.334
108,94,3.211
106,94,2.839
104,94,2.532
102,94,2.637
100,94,2.372
98,94,2.092
96,94,2.094
94,94,2.081
92,94,2.106
90,94,2.141
88,94,2.178
86,94,2.224
84,94,2.261
82,94,2.273
80,94,2.246
78,94,2.219
76,94,2.196
74,94,2.151
72,94,2.116
70,94,2.062
68,94,1.961
66,94,1.858
64,94,1.782
62,94,1.786
60,94,1.840
58,94,1.928
56,94,2.003
54,94,2.024
52,94,2.050
50,94,2.057
48,94,2.054
46,94,2.036
44,94,2.000
42,94,1.928
40,94,1.863
38,94,1.832
36,94,1.828
34,94,1.853
32,94,1.894
30,94,1.926
28,94,1.961
26,94,2.024
24,94,2.072
22,94,2.144
20,94,2.189
18,94,2.236
16,94,2.281
14,94,2.404
12,94,2.548
10,94,2.745
8,94,2.920
6,94,3.117
4,94,3.338
2,94,3.560
0,94,3.699
0,96,3.879
2,96,3.846
4,96,3.765
6,96,3.651
8,96,3.531
10,96,3.404
12,96,3.263
14,96,3.128
16,96,2.998
18,96,2.882
20,96,2.690
22,96,2.534
24,96,2.405
26,96,2.303
28,96,2.230
30,96,2.164
32,96,2.123
34,96,2.055
36,96,2.001
38,96,1.908
40,96,1.846
42,96,1.768
44,96,1.736
46,96,1.677
48,96,1.629
50,96,1.616
52,96,1.589
54,96,1.638
56,96,1.702
58,96,1.783
60,96,1.765
62,96,1.778
64,96,1.763
66,96,1.756
68,96,1.714
70,96,1.665
72,96,1.591
74,96,1.493
76,96,1.485
78,96,1.542
80,96,1.649
82,96,1.822
84,96,2.212
86,96,2.347
88,96,2.864
90,96,3.178
92,96,3.653
94,96,3.615
96,96,4.145
98,96,4.181
100,96,4.418
102,96,4.500
104,96,4.120
106,96,4.375
108,96,4.358
110,96,4.283
112,96,4.206
114,96,4.098
116,96,4.055
118,96,3.741
120,96,3.488
122,96,3.363
124,96,2.887
126,96,2.734
128,96,2.405
130,96,2.071
132,96,1.907
134,96,1.860
136,96,1.883
138,96,2.002
140,96,2.047
142,96,2.248
144,96,2.313
146,96,2.366
148,96,2.555
150,96,2.676
150,98,2.273
148,98,1.826
146,98,1.890
144,98,1.797
142,98,1.810
140,98,1.722
138,98,1.715
136,98,1.772
134,98,1.619
132,98,1.950
130,98,2.139
128,98,2.444
126,98,2.781
124,98,2.900
122,98,3.241
120,98,3.302
118,98,3.477
116,98,3.631
114,98,3.750
112,98,3.798
110,98,3.744
108,98,3.612
106,98,3.457
104,98,3.306
102,98,3.174
100,98,2.573
98,98,1.979
96,98,1.902
94,98,1.834
92,98,1.816
90,98,1.845
88,98,1.867
86,98,1.906
84,98,1.941
82,98,1.993
80,98,1.983
78,98,1.999
76,98,2.028
74,98,2.039
72,98,2.098
70,98,2.090
68,98,2.069
66,98,2.033
64,98,2.067
62,98,2.145
60,98,2.238
58,98,2.325
56,98,2.334
54,98,2.325
52,98,2.333
50,98,2.422
48,98,2.492
46,98,2.541
44,98,2.543
42,98,2.521
40,98,2.564
38,98,2.701
36,98,2.885
34,98,2.996
32,98,3.072
30,98,3.062
28,98,3.061
26,98,3.113
24,98,3.235
22,98,3.369
20,98,3.457
18,98,3.452
16,98,3.472
14,98,3.638
12,98,3.892
10,98,4.089
8,98,4.113
6,98,4.014
4,98,3.984
2,98,4.140
0,98,4.432
0,100,4.824
2,100,4.717
4,100,4.529
6,100,4.341
8,100,4.206
10,100,4.128
12,100,4.156
14,100,4.235
16,100,4.290
18,100,4.255
20,100,4.101
22,100,3.895
24,100,3.710
26,100,3.531
28,100,3.440
30,100,3.425
32,100,3.396
34,100,3.306
36,100,3.111
38,100,2.980
40,100,2.903
42,100,2.913
44,100,2.887
46,100,2.804
48,100,2.715
50,100,2.561
52,100,2.388
54,100,2.264
56,100,2.248
58,100,2.264
60,100,2.243
62,100,2.143
64,100,2.081
66,100,2.062
68,100,2.020
70,100,1.977
72,100,1.953
74,100,1.921
76,100,1.811
78,100,1.840
80,100,1.984
82,100,2.274
84,100,2.749
86,100,2.879
88,100,3.657
90,100,3.820
92,100,4.136
94,100,4.339
96,100,4.512
98,100,4.655
100,100,4.677
102,100,4.681
104,100,4.581
106,100,4.485
108,100,4.338
110,100,4.092
112,100,3.591
114,100,3.481
116,100,3.166
118,100,2.925
120,100,2.729
122,100,2.502
124,100,2.173
126,100,1.981
128,100,1.705
130,100,1.438
132,100,1.413
134,100,1.468
136,100,1.561
138,100,1.816
140,100,2.301
142,100,2.389
144,100,2.455
146,100,2.230
148,100,2.070
150,100,2.638
150,102,2.684
148,102,2.393
146,102,2.448
144,102,2.175
142,102,1.957
140,102,1.930
138,102,1.789
136,102,1.689
134,102,1.661
132,102,1.721
130,102,1.983
128,102,2.133
126,102,2.508
124,102,3.211
122,102,3.294
120,102,3.501
118,102,3.711
116,102,4.036
114,102,4.208
112,102,4.308
110,102,4.370
108,102,4.304
106,102,4.259
104,102,4.153
102,102,3.806
100,102,3.517
98,102,3.443
96,102,3.227
94,102,2.923
92,102,2.400
90,102,2.300
88,102,2.251
86,102,2.220
84,102,2.243
82,102,2.307
80,102,2.397
78,102,2.514
76,102,2.644
74,102,2.734
72,102,2.816
70,102,2.868
68,102,2.900
66,102,2.961
64,102,3.041
62,102,3.100
60,102,3.102
58,102,3.082
56,102,3.086
54,102,3.193
52,102,3.310
50,102,3.517
48,102,3.684
46,102,3.693
44,102,3.635
42,102,3.626
40,102,3.787
38,102,4.080
36,102,4.422
34,102,4.678
32,102,4.730
30,102,4.593
28,102,4.446
26,102,4.470
24,102,4.656
22,102,4.861
20,102,4.902
18,102,4.815
16,102,4.851
14,102,5.093
12,102,5.409
10,102,5.587
8,102,5.458
6,102,5.152
4,102,4.997
2,102,5.180
0,102,5.605
0,104,6.076
2,104,5.923
4,104,5.691
6,104,5.425
8,104,5.231
10,104,5.179
12,104,5.267
14,104,5.462
16,104,5.646
18,104,5.705
20,104,5.583
22,104,5.369
24,104,5.094
26,104,4.874
28,104,4.794
30,104,4.823
32,104,4.830
34,104,4.736
36,104,4.519
38,104,4.352
40,104,4.270
42,104,4.355
44,104,4.478
46,104,4.477
48,104,4.305
50,104,3.983
52,104,3.657
54,104,3.389
56,104,3.304
58,104,3.307
60,104,3.318
62,104,3.220
64,104,3.082
66,104,2.874
68,104,2.685
70,104,2.644
72,104,2.667
74,104,2.711
76,104,2.693
78,104,2.835
80,104,2.860
82,104,3.169
84,104,3.575
86,104,3.936
88,104,4.031
90,104,4.710
92,104,5.040
94,104,4.891
96,104,5.173
98,104,5.346
100,104,5.449
102,104,5.475
104,104,5.312
106,104,5.233
108,104,5.004
110,104,4.648
112,104,4.324
114,104,3.911
116,104,3.989
118,104,3.050
120,104,2.454
122,104,2.289
124,104,2.296
126,104,2.223
128,104,2.114
130,104,2.168
132,104,2.303
134,104,2.193
136,104,2.479
138,104,2.832
140,104,3.116
142,104,3.093
144,104,3.524
146,104,3.441
148,104,3.327
150,104,3.537
150,106,3.737
148,106,3.533
146,106,3.371
144,106,3.304
142,106,3.194
140,106,2.899
138,106,2.829
136,106,2.687
134,106,2.713
132,106,2.604
130,106,2.868
128,106,3.112
126,106,3.021
124,106,3.309
122,106,3.711
120,106,4.285
118,106,4.818
116,106,5.167
114,106,5.141
112,106,5.284
110,106,5.352
108,106,5.265
106,106,5.242
104,106,5.320
102,106,4.882
100,106,4.076
98,106,4.583
96,106,4.861
94,106,4.438
92,106,4.790
90,106,4.576
88,106,3.424
86,106,2.856
84,106,2.777
82,106,2.882
80,106,3.081
78,106,3.527
76,106,3.836
74,106,4.012
72,106,4.033
70,106,4.024
68,106,4.149
66,106,4.309
64,106,4.382
62,106,4.335
60,106,4.263
58,106,4.215
56,106,4.321
54,106,4.520
52,106,4.837
50,106,5.114
48,106,5.229
46,106,5.106
44,106,4.977
42,106,4.990
40,106,5.186
38,106,5.569
36,106,5.946
34,106,6.211
32,106,6.231
30,106,6.022
28,106,5.849
26,106,5.867
24,106,6.031
22,106,6.144
20,106,6.110
18,106,6.036
16,106,6.166
14,106,6.462
12,106,6.777
10,106,6.907
8,106,6.725
6,106,6.413
4,106,6.284
2,106,6.498
0,106,6.894
0,108,7.316
2,108,7.184
4,108,6.970
6,108,6.737
8,108,6.573
10,108,6.496
12,108,6.589
14,108,6.778
16,108,6.950
18,108,7.005
20,108,6.923
22,108,6.730
24,108,6.447
26,108,6.201
28,108,6.035
30,108,6.019
32,108,6.066
34,108,6.062
36,108,5.912
38,108,5.706
40,108,5.642
42,108,5.777
44,108,6.004
46,108,6.083
48,108,5.930
50,108,5.488
52,108,5.071
54,108,4.712
56,108,4.564
58,108,4.689
60,108,4.813
62,108,4.788
64,108,4.644
66,108,4.264
68,108,3.781
70,108,3.745
72,108,3.695
74,108,4.005
76,108,4.431
78,108,4.718
80,108,4.979
82,108,5.613
84,108,5.442
86,108,6.020
88,108,6.179
90,108,6.233
92,108,5.910
94,108,5.777
96,108,5.792
98,108,5.592
100,108,5.529
102,108,6.090
104,108,6.194
106,108,6.191
108,108,4.774
110,108,5.385
112,108,3.926
114,108,4.254
116,108,3.786
118,108,3.063
120,108,3.215
122,108,3.496
124,108,4.105
126,108,3.716
128,108,3.819
130,108,4.040
132,108,4.379
134,108,4.425
136,108,4.662
138,108,4.767
140,108,4.683
142,108,4.577
144,108,4.665
146,108,4.977
148,108,4.776
150,108,4.801
150,110,5.231
148,110,5.203
146,110,5.079
144,110,5.062
142,110,5.116
140,110,5.048
138,110,4.904
136,110,4.833
134,110,4.810
132,110,4.795
130,110,4.843
128,110,4.595
126,110,4.645
124,110,4.901
122,110,5.291
120,110,5.305
118,110,5.199
116,110,5.190
114,110,5.686
112,110,5.616
110,110,5.715
108,110,5.977
106,110,5.993
104,110,6.199
102,110,6.258
100,110,6.338
98,110,6.450
96,110,6.397
94,110,6.431
92,110,6.423
90,110,5.508
88,110,5.090
86,110,4.561
84,110,4.625
82,110,4.233
80,110,4.454
78,110,4.958
76,110,5.300
74,110,5.432
72,110,5.473
70,110,5.500
68,110,5.579
66,110,5.706
64,110,5.801
62,110,5.797
60,110,5.711
58,110,5.633
56,110,5.702
54,110,5.949
52,110,6.307
50,110,6.575
48,110,6.641
46,110,6.533
44,110,6.412
42,110,6.407
40,110,6.578
38,110,6.864
36,110,7.136
34,110,7.291
32,110,7.301
30,110,7.170
28,110,7.047
26,110,6.963
24,110,6.755
22,110,6.448
20,110,6.311
18,110,6.544
16,110,7.045
14,110,7.471
12,110,7.711
10,110,7.780
8,110,7.703
6,110,7.566
4,110,7.524
2,110,7.648
0,110,7.846
0,112,8.039
2,112,7.992
4,112,7.904
6,112,7.797
8,112,7.712
10,112,7.685
12,112,7.702
14,112,7.754
16,112,7.809
18,112,7.833
20,112,7.787
22,112,7.654
24,112,7.412
26,112,7.042
28,112,6.593
30,112,6.275
32,112,6.243
34,112,6.432
36,112,6.701
38,112,6.869
40,112,6.946
42,112,7.042
44,112,7.139
46,112,7.177
48,112,7.056
50,112,6.798
52,112,6.495
54,112,6.209
56,112,6.114
58,112,6.200
60,112,6.255
62,112,6.249
64,112,5.882
66,112,5.594
68,112,5.272
70,112,5.123
72,112,5.330
74,112,5.823
76,112,6.352
78,112,6.843
80,112,6.791
82,112,7.017
84,112,7.206
86,112,7.336
88,112,7.328
90,112,7.211
92,112,7.111
94,112,6.903
96,112,6.709
98,112,7.056
100,112,7.121
102,112,7.080
104,112,6.819
106,112,6.286
108,112,6.019
110,112,4.971
112,112,4.469
114,112,4.183
116,112,4.071
118,112,4.304
120,112,4.905
122,112,5.385
124,112,5.831
126,112,5.790
128,112,6.188
130,112,6.369
132,112,6.407
134,112,6.355
136,112,6.601
138,112,6.519
140,112,6.484
142,112,6.363
144,112,6.263
146,112,6.129
148,112,5.978
150,112,5.948
150,114,6.305
148,114,6.349
146,114,6.409
144,114,6.380
142,114,6.408
140,114,6.626
138,114,6.717
136,114,6.678
134,114,6.694
132,114,6.834
130,114,6.822
128,114,6.702
126,114,6.493
124,114,6.383
122,114,6.245
120,114,6.166
118,114,5.964
116,114,5.895
114,114,6.239
112,114,6.056
110,114,6.188
108,114,6.343
106,114,6.770
104,114,7.021
102,114,7.197
100,114,7.357
98,114,7.608
96,114,7.772
94,114,7.848
92,114,7.815
90,114,7.682
88,114,7.345
86,114,6.912
84,114,6.566
82,114,6.528
80,114,6.541
78,114,6.603
76,114,6.702
74,114,6.800
72,114,6.794
70,114,6.842
68,114,6.896
66,114,7.028
64,114,7.130
62,114,7.123
60,114,7.045
58,114,7.001
56,114,7.065
54,114,7.222
52,114,7.397
50,114,7.521
48,114,7.552
46,114,7.536
44,114,7.517
42,114,7.539
40,114,7.618
38,114,7.738
36,114,7.837
34,114,7.886
32,114,7.885
30,114,7.856
28,114,7.738
26,114,7.346
24,114,6.600
22,114,5.977
20,114,5.900
18,114,6.464
16,114,7.359
14,114,7.929
12,114,8.106
10,114,8.153
8,114,8.157
6,114,8.146
4,114,8.157
2,114,8.199
0,114,8.240
0,116,8.285
2,116,8.282
4,116,8.266
6,116,8.240
8,116,8.214
10,116,8.197
12,116,8.183
14,116,8.182
16,116,8.177
18,116,8.167
20,116,8.135
22,116,8.048
24,116,7.836
26,116,7.326
28,116,6.583
30,116,5.978
32,116,5.783
34,116,6.041
36,116,6.650
38,116,7.293
40,116,7.661
42,116,7.771
44,116,7.797
46,116,7.803
48,116,7.769
50,116,7.677
52,116,7.540
54,116,7.420
56,116,7.365
58,116,7.316
60,116,7.292
62,116,7.273
64,116,7.197
66,116,7.196
68,116,7.120
70,116,7.167
72,116,7.539
74,116,7.770
76,116,7.935
78,116,7.942
80,116,7.899
82,116,7.954
84,116,7.971
86,116,8.051
88,116,7.988
90,116,7.779
92,116,7.620
94,116,7.466
96,116,7.527
98,116,7.491
100,116,7.678
102,116,7.415
104,116,7.241
106,116,6.949
108,116,6.459
110,116,6.055
112,116,5.817
114,116,5.789
116,116,5.889
118,116,5.964
120,116,6.380
122,116,6.710
124,116,7.319
126,116,7.576
128,116,7.650
130,116,7.735
132,116,7.795
134,116,7.755
136,116,7.660
138,116,7.529
140,116,7.448
142,116,7.306
144,116,7.137
146,116,6.966
148,116,6.835
150,116,6.784
150,118,6.965
148,118,7.040
146,118,7.249
144,118,7.415
142,118,7.490
140,118,7.535
138,118,7.600
136,118,7.674
134,118,7.664
132,118,7.778
130,118,7.802
128,118,7.839
126,118,7.847
124,118,7.817
122,118,7.665
120,118,7.530
118,118,7.261
116,118,7.066
114,118,7.104
112,118,7.206
110,118,7.292
108,118,7.261
106,118,7.352
104,118,7.616
102,118,7.869
100,118,7.942
98,118,8.124
96,118,8.267
94,118,8.327
92,118,8.355
90,118,8.337
88,118,8.286
86,118,8.206
84,118,8.147
82,118,8.084
80,118,7.932
78,118,7.854
76,118,7.807
74,118,7.745
72,118,7.674
70,118,7.685
68,118,7.715
66,118,7.752
64,118,7.782
62,118,7.788
60,118,7.790
58,118,7.791
56,118,7.817
54,118,7.860
52,118,7.904
50,118,7.932
48,118,7.953
46,118,7.962
44,118,7.971
42,118,7.985
40,118,8.009
38,118,8.044
36,118,8.079
34,118,8.095
32,118,8.093
30,118,8.058
28,118,7.899
26,118,7.337
24,118,6.507
22,118,5.926
20,118,5.948
18,118,6.635
16,118,7.587
14,118,8.076
12,118,8.209
10,118,8.252
8,118,8.270
6,118,8.282
4,118,8.296
2,118,8.315
0,118,8.328
0,120,8.335
2,120,8.340
4,120,8.333
6,120,8.320
8,120,8.310
10,120,8.295
12,120,8.283
14,120,8.271
16,120,8.259
18,120,8.247
20,120,8.214
22,120,8.151
24,120,7.992
26,120,7.543
28,120,6.778
30,120,6.081
32,120,5.799
34,120,5.994
36,120,6.597
38,120,7.347
40,120,7.842
42,120,7.998
44,120,8.026
46,120,8.026
48,120,8.010
50,120,7.981
52,120,7.956
54,120,7.914
56,120,7.874
58,120,7.835
60,120,7.852
62,120,7.856
64,120,7.895
66,120,7.935
68,120,8.113
70,120,8.193
72,120,8.267
74,120,8.318
76,120,8.366
78,120,8.385
80,120,8.396
82,120,8.385
84,120,8.370
86,120,8.352
88,120,8.068
90,120,8.101
92,120,7.962
94,120,8.043
96,120,8.007
98,120,8.040
100,120,7.855
102,120,7.921
104,120,7.812
106,120,7.680
108,120,7.663
110,120,7.565
112,120,7.401
114,120,7.540
116,120,7.720
118,120,7.844
120,120,7.914
122,120,8.064
124,120,8.141
126,120,8.183
128,120,8.279
130,120,8.264
132,120,8.208
134,120,8.100
136,120,7.955
138,120,7.738
140,120,7.657
142,120,7.526
144,120,7.262
146,120,7.167
148,120,7.400
150,120,7.416
150,122,7.454
148,122,7.439
146,122,7.533
144,122,7.567
142,122,7.405
140,122,7.276
138,122,7.408
136,122,7.606
134,122,7.733
132,122,7.863
130,122,8.014
128,122,8.132
126,122,8.230
124,122,8.236
122,122,8.189
120,122,8.085
118,122,8.009
116,122,7.989
114,122,7.846
112,122,7.794
110,122,7.770
108,122,7.856
106,122,7.808
104,122,7.878
102,122,8.013
100,122,8.108
98,122,8.243
96,122,8.379
94,122,8.377
92,122,8.435
90,122,8.447
88,122,8.454
86,122,8.467
84,122,8.403
82,122,8.162
80,122,8.196
78,122,8.137
76,122,8.230
74,122,8.228
72,122,8.318
70,122,8.197
68,122,8.009
66,122,7.956
64,122,7.969
62,122,7.956
60,122,7.952
58,122,7.967
56,122,7.989
54,122,8.014
52,122,8.030
50,122,8.037
48,122,8.044
46,122,8.049
44,122,8.062
42,122,8.076
40,122,8.103
38,122,8.126
36,122,8.141
34,122,8.140
32,122,8.139
30,122,8.102
28,122,7.967
26,122,7.556
24,122,6.940
22,122,6.571
20,122,6.735
18,122,7.347
16,122,7.937
14,122,8.170
12,122,8.240
10,122,8.264
8,122,8.283
6,122,8.299
4,122,8.316
2,122,8.329
0,122,8.336
0,124,8.335
2,124,8.340
4,124,8.336
6,124,8.328
8,124,8.316
10,124,8.303
12,124,8.291
14,124,8.285
16,124,8.269
18,124,8.250
20,124,8.233
22,124,8.200
24,124,8.122
26,124,7.910
28,124,7.442
30,124,6.873
32,124,6.550
34,124,6.615
36,124,7.028
38,124,7.567
40,124,7.931
42,124,8.049
44,124,8.079
46,124,8.090
48,124,8.061
50,124,8.055
52,124,8.033
54,124,8.005
56,124,7.968
58,124,8.009
60,124,8.052
62,124,8.148
64,124,8.207
66,124,8.229
68,124,8.444
70,124,8.481
72,124,8.488
74,124,8.495
76,124,8.488
78,124,8.451
80,124,8.431
82,124,8.410
84,124,8.411
86,124,8.377
88,124,8.208
90,124,8.104
92,124,8.125
94,124,8.053
96,124,7.973
98,124,7.970
100,124,8.031
102,124,8.013
104,124,8.031
106,124,8.061
108,124,8.148
110,124,8.229
112,124,8.304
114,124,8.235
116,124,8.295
118,124,8.335
120,124,8.361
122,124,8.365
124,124,8.403
126,124,8.435
128,124,8.407
130,124,8.354
132,124,8.187
134,124,7.880
136,124,7.403
138,124,7.046
140,124,6.946
142,124,6.755
144,124,6.562
146,124,6.557
148,124,6.841
150,124,7.085
150,126,7.144
148,126,6.785
146,126,6.680
144,126,6.396
142,126,6.375
140,126,6.536
138,126,6.703
136,126,7.033
134,126,7.388
132,126,7.638
130,126,7.880
128,126,8.108
126,126,8.259
124,126,8.360
122,126,8.392
120,126,8.351
118,126,8.249
116,126,8.252
114,126,8.185
112,126,8.151
110,126,8.069
108,126,7.988
106,126,7.986
104,126,7.996
102,126,8.032
100,126,8.064
98,126,8.092
96,126,8.311
94,126,8.339
92,126,8.383
90,126,8.438
88,126,8.479
86,126,8.511
84,126,8.511
82,126,8.506
80,126,8.497
78,126,8.482
76,126,8.415
74,126,8.241
72,126,8.104
70,126,8.129
68,126,8.087
66,126,8.050
64,126,8.002
62,126,8.000
60,126,8.005
58,126,8.014
56,126,8.021
54,126,8.023
52,126,8.032
50,126,8.038
48,126,8.048
46,126,8.058
44,126,8.069
42,126,8.088
40,126,8.104
38,126,8.119
36,126,8.138
34,126,8.145
32,126,8.143
30,126,8.128
28,126,8.072
26,126,7.912
24,126,7.656
22,126,7.548
20,126,7.700
18,126,7.970
16,126,8.145
14,126,8.212
12,126,8.243
10,126,8.258
8,126,8.277
6,126,8.292
4,126,8.309
2,126,8.326
0,126,8.334
0,128,8.327
2,128,8.334
4,128,8.331
6,128,8.321
8,128,8.311
10,128,8.298
12,128,8.288
14,128,8.274
16,128,8.261
18,128,8.246
20,128,8.231
22,128,8.219
24,128,8.185
26,128,8.115
28,128,7.972
30,128,7.747
32,128,7.550
34,128,7.516
36,128,7.670
38,128,7.888
40,128,8.024
42,128,8.066
44,128,8.075
46,128,8.083
48,128,8.083
50,128,8.066
52,128,8.027
54,128,8.023
56,128,8.028
58,128,8.109
60,128,8.196
62,128,8.287
64,128,8.371
66,128,8.428
68,128,8.453
70,128,8.498
72,128,8.509
74,128,8.508
76,128,8.464
78,128,8.404
80,128,8.358
82,128,8.305
84,128,8.213
86,128,8.272
88,128,8.195
90,128,8.058
92,128,8.001
94,128,8.075
96,128,8.130
98,128,8.215
100,128,8.198
102,128,8.196
104,128,8.269
106,128,8.377
108,128,8.364
110,128,8.405
112,128,8.481
114,128,8.503
116,128,8.505
118,128,8.494
120,128,8.491
122,128,8.493
124,128,8.464
126,128,8.447
128,128,8.388
130,128,8.159
132,128,7.872
134,128,7.505
136,128,6.940
138,128,6.074
140,128,5.680
142,128,5.528
144,128,5.496
146,128,5.729
148,128,6.129
150,128,6.674
150,130,6.781
148,130,6.407
146,130,6.084
144,130,5.845
142,130,5.769
140,130,5.688
138,130,5.961
136,130,6.536
134,130,6.909
132,130,7.347
130,130,7.842
128,130,8.114
126,130,8.324
124,130,8.417
122,130,8.473
120,130,8.476
118,130,8.460
116,130,8.406
114,130,8.444
112,130,8.401
110,130,8.280
108,130,8.199
106,130,8.207
104,130,8.152
102,130,8.079
100,130,8.038
98,130,8.040
96,130,8.125
94,130,8.154
92,130,8.229
90,130,8.323
88,130,8.405
86,130,8.471
84,130,8.512
82,130,8.508
80,130,8.515
78,130,8.511
76,130,8.471
74,130,8.446
72,130,8.466
70,130,8.408
68,130,8.347
66,130,8.213
64,130,8.117
62,130,8.076
60,130,8.012
58,130,8.010
56,130,8.015
54,130,8.020
52,130,8.022
50,130,8.023
48,130,8.028
46,130,8.034
44,130,8.046
42,130,8.066
40,130,8.088
38,130,8.104
36,130,8.120
34,130,8.131
32,130,8.134
30,130,8.132
28,130,8.117
26,130,8.089
24,130,8.056
22,130,8.046
20,130,8.097
18,130,8.155
16,130,8.199
14,130,8.219
12,130,8.235
10,130,8.246
8,130,8.258
6,130,8.272
4,130,8.291
2,130,8.307
0,130,8.316
0,132,8.309
2,132,8.318
4,132,8.312
6,132,8.306
8,132,8.293
10,132,8.283
12,132,8.270
14,132,8.256
16,132,8.241
18,132,8.226
20,132,8.215
22,132,8.208
24,132,8.194
26,132,8.173
28,132,8.138
30,132,8.083
32,132,8.026
34,132,8.002
36,132,8.006
38,132,8.035
40,132,8.053
42,132,8.067
44,132,8.068
46,132,8.065
48,132,8.033
50,132,8.026
52,132,8.071
54,132,8.174
56,132,8.120
58,132,8.234
60,132,8.323
62,132,8.476
64,132,8.498
66,132,8.520
68,132,8.518
70,132,8.492
72,132,8.434
74,132,8.354
76,132,8.404
78,132,8.427
80,132,8.294
82,132,8.059
84,132,8.034
86,132,8.151
88,132,8.286
90,132,8.308
92,132,8.310
94,132,8.388
96,132,8.445
98,132,8.434
100,132,8.389
102,132,8.445
104,132,8.519
106,132,8.520
108,132,8.516
110,132,8.523
112,132,8.503
114,132,8.504
116,132,8.476
118,132,8.248
120,132,8.062
122,132,8.082
124,132,8.330
126,132,8.494
128,132,8.475
130,132,8.297
132,132,8.207
134,132,8.258
136,132,8.105
138,132,8.233
140,132,8.221
142,132,8.034
144,132,8.158
146,132,8.103
148,132,8.163
150,132,8.162
150,134,8.164
148,134,8.003
146,134,8.114
144,134,8.092
142,134,8.037
140,134,8.251
138,134,8.015
136,134,8.025
134,134,8.022
132,134,8.300
130,134,8.513
128,134,8.444
126,134,8.347
124,134,8.257
122,134,8.381
120,134,8.491
118,134,8.516
116,134,8.515
114,134,8.500
112,134,8.511
110,134,8.507
108,134,8.458
106,134,8.438
104,134,8.267
102,134,8.206
100,134,8.172
98,134,8.135
96,134,8.119
94,134,8.066
92,134,8.073
90,134,8.170
88,134,8.231
86,134,8.285
84,134,8.463
82,134,8.270
80,134,8.502
78,134,8.519
76,134,8.500
74,134,8.493
72,134,8.483
70,134,8.388
68,134,8.272
66,134,8.396
64,134,8.381
62,134,8.274
60,134,8.109
58,134,8.066
56,134,8.069
54,134,8.008
52,134,8.002
50,134,8.010
48,134,8.013
46,134,8.011
44,134,8.019
42,134,8.048
40,134,8.064
38,134,8.084
36,134,8.110
34,134,8.115
32,134,8.119
30,134,8.122
28,134,8.125
26,134,8.134
24,134,8.149
22,134,8.165
20,134,8.176
18,134,8.198
16,134,8.210
14,134,8.225
12,134,8.227
10,134,8.240
8,134,8.255
6,134,8.266
4,134,8.283
2,134,8.299
0,134,8.306
0,136,8.298
2,136,8.309
4,136,8.300
6,136,8.295
8,136,8.286
10,136,8.265
12,136,8.254
14,136,8.245
16,136,8.234
18,136,8.216
20,136,8.207
22,136,8.201
24,136,8.187
26,136,8.179
28,136,8.168
30,136,8.156
32,136,8.136
34,136,8.115
36,136,8.096
38,136,8.085
40,136,8.075
42,136,8.067
44,136,8.060
46,136,8.061
48,136,8.029
50,136,8.043
52,136,8.178
54,136,8.292
56,136,8.306
58,136,8.460
60,136,8.446
62,136,8.458
64,136,8.458
66,136,8.507
68,136,8.502
70,136,8.451
72,136,8.421
74,136,8.383
76,136,8.314
78,136,8.257
80,136,8.056
82,136,8.016
84,136,8.040
86,136,8.035
88,136,8.112
90,136,8.174
92,136,8.244
94,136,8.287
96,136,8.369
98,136,8.475
100,136,8.453
102,136,8.430
104,136,8.492
106,136,8.497
108,136,8.525
110,136,8.516
112,136,8.522
114,136,8.529
116,136,8.487
118,136,8.459
120,136,8.490
122,136,8.367
124,136,8.329
126,136,8.256
128,136,8.201
130,136,8.162
132,136,8.070
134,136,8.071
136,136,8.048
138,136,8.033
140,136,8.040
142,136,8.002
144,136,8.069
146,136,8.263
148,136,8.162
150,136,8.114
150,138,8.008
148,138,7.970
146,138,8.007
144,138,7.968
142,138,7.981
140,138,8.044
138,138,8.080
136,138,8.028
134,138,8.082
132,138,8.284
130,138,8.321
128,138,8.270
126,138,8.341
124,138,8.316
122,138,8.490
120,138,8.515
118,138,8.520
116,138,8.523
114,138,8.516
112,138,8.503
110,138,8.510
108,138,8.500
106,138,8.471
104,138,8.362
102,138,8.323
100,138,8.138
98,138,8.148
96,138,8.128
94,138,8.112
92,138,8.070
90,138,8.176
88,138,8.166
86,138,8.110
84,138,8.201
82,138,8.383
80,138,8.348
78,138,8.441
76,138,8.517
74,138,8.522
72,138,8.516
70,138,8.509
68,138,8.494
66,138,8.424
64,138,8.381
62,138,8.216
60,138,8.229
58,138,8.285
56,138,8.047
54,138,8.128
52,138,7.982
50,138,7.989
48,138,7.991
46,138,8.003
44,138,8.020
42,138,8.042
40,138,8.050
38,138,8.066
36,138,8.086
34,138,8.105
32,138,8.118
30,138,8.115
28,138,8.127
26,138,8.146
24,138,8.156
22,138,8.169
20,138,8.186
18,138,8.195
16,138,8.197
14,138,8.213
12,138,8.221
10,138,8.236
8,138,8.250
6,138,8.254
4,138,8.277
2,138,8.296
0,138,8.294
0,140,8.295
2,140,8.298
4,140,8.292
6,140,8.283
8,140,8.272
10,140,8.260
12,140,8.244
14,140,8.231
16,140,8.219
18,140,8.205
20,140,8.198
22,140,8.192
24,140,8.183
26,140,8.170
28,140,8.161
30,140,8.153
32,140,8.134
34,140,8.114
36,140,8.102
38,140,8.080
40,140,8.067
42,140,8.060
44,140,8.037
46,140,8.020
48,140,8.089
50,140,8.142
52,140,8.253
54,140,8.397
56,140,8.395
58,140,8.447
60,140,8.486
62,140,8.500
64,140,8.512
66,140,8.516
68,140,8.502
70,140,8.393
72,140,8.371
74,140,8.312
76,140,8.174
78,140,8.079
80,140,8.028
82,140,8.024
84,140,8.063
86,140,8.097
88,140,8.195
90,140,8.302
92,140,8.368
94,140,8.412
96,140,8.462
98,140,8.484
100,140,8.510
102,140,8.521
104,140,8.528
106,140,8.527
108,140,8.512
110,140,8.452
112,140,8.441
114,140,8.441
116,140,8.463
118,140,8.365
120,140,8.255
122,140,8.189
124,140,8.238
126,140,8.172
128,140,8.110
130,140,8.068
132,140,8.030
134,140,8.108
136,140,8.072
138,140,8.030
140,140,8.041
142,140,8.056
144,140,8.302
146,140,8.377
148,140,8.366
150,140,8.329
150,142,8.190
148,142,8.238
146,142,8.156
144,142,8.123
142,142,8.051
140,142,7.980
138,142,7.976
136,142,8.022
134,142,8.042
132,142,8.054
130,142,8.047
128,142,8.210
126,142,8.197
124,142,8.215
122,142,8.262
120,142,8.395
118,142,8.505
116,142,8.507
114,142,8.513
112,142,8.515
110,142,8.398
108,142,8.415
106,142,8.405
104,142,8.503
102,142,8.390
100,142,8.222
98,142,8.347
96,142,8.131
94,142,8.218
92,142,8.085
90,142,8.067
88,142,8.081
86,142,8.230
84,142,8.178
82,142,8.280
80,142,8.283
78,142,8.407
76,142,8.403
74,142,8.458
72,142,8.500
70,142,8.493
68,142,8.496
66,142,8.468
64,142,8.395
62,142,8.322
60,142,8.236
58,142,8.241
56,142,8.050
54,142,8.100
52,142,8.035
50,142,8.043
48,142,7.989
46,142,7.998
44,142,8.000
42,142,8.019
40,142,8.037
38,142,8.056
36,142,8.072
34,142,8.084
32,142,8.101
30,142,8.108
28,142,8.121
26,142,8.128
24,142,8.143
22,142,8.156
20,142,8.171
18,142,8.181
16,142,8.187
14,142,8.197
12,142,8.210
10,142,8.226
8,142,8.236
6,142,8.249
4,142,8.263
2,142,8.281
0,142,8.287
0,144,8.285
2,144,8.289
4,144,8.286
6,144,8.275
8,144,8.265
10,144,8.254
12,144,8.244
14,144,8.231
16,144,8.220
18,144,8.207
20,144,8.191
22,144,8.181
24,144,8.160
26,144,8.151
28,144,8.152
30,144,8.131
32,144,8.116
34,144,8.118
36,144,8.099
38,144,8.078
40,144,8.073
42,144,8.045
44,144,8.017
46,144,8.229
48,144,8.093
50,144,8.144
52,144,8.306
54,144,8.487
56,144,8.466
58,144,8.392
60,144,8.465
62,144,8.474
64,144,8.474
66,144,8.381
68,144,8.359
70,144,8.295
72,144,8.105
74,144,8.023
76,144,8.022
78,144,8.036
80,144,8.017
82,144,8.072
84,144,8.245
86,144,8.265
88,144,8.288
90,144,8.278
92,144,8.299
94,144,8.472
96,144,8.507
98,144,8.513
100,144,8.524
102,144,8.525
104,144,8.499
106,144,8.473
108,144,8.433
110,144,8.385
112,144,8.447
114,144,8.445
116,144,8.423
118,144,8.170
120,144,8.069
122,144,8.262
124,144,8.156
126,144,8.039
128,144,8.021
130,144,8.037
132,144,8.161
134,144,8.085
136,144,8.103
138,144,8.124
140,144,8.108
142,144,8.058
144,144,8.024
146,144,8.271
148,144,8.375
150,144,8.437
150,146,8.387
148,146,8.223
146,146,8.081
144,146,8.165
142,146,8.243
140,146,8.131
138,146,8.059
136,146,8.083
134,146,8.088
132,146,8.037
130,146,8.027
128,146,8.014
126,146,8.028
124,146,8.233
122,146,8.108
120,146,8.133
118,146,8.373
116,146,8.430
114,146,8.375
112,146,8.509
110,146,8.477
108,146,8.038
106,146,8.086
104,146,8.328
102,146,8.481
100,146,8.507
98,146,8.522
96,146,8.497
94,146,8.468
92,146,8.281
90,146,8.158
88,146,8.117
86,146,8.067
84,146,8.031
82,146,8.016
80,146,8.207
78,146,8.252
76,146,8.364
74,146,8.368
72,146,8.396
70,146,8.430
68,146,8.452
66,146,8.486
64,146,8.492
62,146,8.510
60,146,8.491
58,146,8.321
56,146,8.239
54,146,8.214
52,146,8.075
50,146,8.058
48,146,8.038
46,146,7.989
44,146,7.994
42,146,7.994
40,146,7.999
38,146,8.035
36,146,8.058
34,146,8.060
32,146,8.078
30,146,8.088
28,146,8.104
26,146,8.125
24,146,8.130
22,146,8.136
20,146,8.141
18,146,8.153
16,146,8.168
14,146,8.182
12,146,8.192
10,146,8.207
8,146,8.224
6,146,8.240
4,146,8.258
2,146,8.275
0,146,8.283
0,148,8.286
2,148,8.292
4,148,8.282
6,148,8.271
8,148,8.259
10,148,8.244
12,148,8.235
14,148,8.219
16,148,8.205
18,148,8.190
20,148,8.176
22,148,8.158
24,148,8.150
26,148,8.132
28,148,8.121
30,148,8.118
32,148,8.085
34,148,8.058
36,148,8.047
38,148,8.046
40,148,8.024
42,148,8.019
44,148,8.092
46,148,8.193
48,148,8.252
50,148,8.356
52,148,8.364
54,148,8.500
56,148,8.501
58,148,8.504
60,148,8.471
62,148,8.470
64,148,8.402
66,148,8.239
68,148,8.320
70,148,8.149
72,148,8.025
74,148,8.087
76,148,8.074
78,148,7.995
80,148,8.200
82,148,8.069
84,148,8.259
86,148,8.184
88,148,8.351
90,148,8.427
92,148,8.471
94,148,8.470
96,148,8.495
98,148,8.495
100,148,8.497
102,148,8.490
104,148,8.394
106,148,8.372
108,148,8.234
110,148,8.300
112,148,8.250
114,148,8.296
116,148,8.135
118,148,8.052
120,148,8.086
122,148,8.039
124,148,8.012
126,148,8.045
128,148,8.049
130,148,8.151
132,148,8.089
134,148,8.191
136,148,8.195
138,148,8.406
140,148,8.350
142,148,8.413
144,148,8.387
146,148,8.336
148,148,8.376
150,148,8.409
150,150,8.434
148,150,8.425
146,150,8.390
144,150,8.336
142,150,8.296
140,150,8.284
138,150,8.190
136,150,8.194
134,150,8.224
132,150,8.147
130,150,8.037
128,150,7.989
126,150,7.998
124,150,8.045
122,150,8.190
120,150,8.046
118,150,8.252
116,150,8.392
114,150,8.404
112,150,8.453
110,150,8.457
108,150,8.503
106,150,8.489
104,150,8.485
102,150,8.483
100,150,8.492
98,150,8.459
96,150,8.380
94,150,8.355
92,150,8.358
90,150,8.007
88,150,8.253
86,150,7.977
84,150,7.964
82,150,7.976
80,150,7.951
78,150,8.045
76,150,8.006
74,150,8.031
72,150,8.180
70,150,8.236
68,150,8.363
66,150,8.425
64,150,8.443
62,150,8.498
60,150,8.499
58,150,8.432
56,150,8.342
54,150,8.287
52,150,8.091
50,150,8.062
48,150,8.020
46,150,7.996
44,150,8.003
42,150,8.006
40,150,8.001
38,150,8.019
36,150,8.034
34,150,8.054
32,150,8.076
30,150,8.084
28,150,8.099
26,150,8.127
24,150,8.142
22,150,8.149
20,150,8.160
18,150,8.144
16,150,8.158
14,150,8.180
12,150,8.191
10,150,8.201
8,150,8.221
6,150,8.232
4,150,8.254
2,150,8.273
0,150,8.282
