0,0,7.030
2,0,7.032
4,0,7.028
6,0,7.045
8,0,7.076
10,0,7.117
12,0,7.167
14,0,7.228
16,0,7.278
18,0,7.331
20,0,7.383
22,0,7.432
24,0,7.473
26,0,7.502
28,0,7.543
30,0,7.581
32,0,7.617
34,0,7.636
36,0,7.648
38,0,7.665
40,0,7.690
42,0,7.729
44,0,7.776
46,0,7.823
48,0,7.855
50,0,7.875
52,0,7.883
54,0,7.891
56,0,7.891
58,0,7.885
60,0,7.887
62,0,7.898
64,0,7.915
66,0,7.921
68,0,7.920
70,0,7.912
72,0,7.904
74,0,7.909
76,0,7.931
78,0,7.932
80,0,7.828
82,0,7.563
84,0,7.178
86,0,6.819
88,0,6.666
90,0,6.732
92,0,6.871
94,0,6.945
96,0,6.921
98,0,6.792
100,0,6.568
102,0,6.339
104,0,6.217
106,0,6.258
108,0,6.462
110,0,6.739
112,0,7.026
114,0,7.242
116,0,7.340
118,0,7.363
120,0,7.350
122,0,7.328
124,0,7.308
126,0,7.287
128,0,7.245
130,0,7.162
132,0,7.053
134,0,6.936
136,0,6.835
138,0,6.716
140,0,6.541
142,0,6.285
144,0,5.979
146,0,5.710
148,0,5.572
150,0,5.566
150,2,5.698
148,2,5.666
146,2,5.648
144,2,5.667
142,2,5.726
140,2,5.833
138,2,5.988
136,2,6.156
134,2,6.316
132,2,6.446
130,2,6.555
128,2,6.650
126,2,6.739
124,2,6.833
122,2,6.928
120,2,7.008
118,2,7.051
116,2,7.064
114,2,7.058
112,2,7.064
110,2,7.108
108,2,7.186
106,2,7.255
104,2,7.301
102,2,7.307
100,2,7.260
98,2,7.156
96,2,7.010
94,2,6.860
92,2,6.713
90,2,6.601
88,2,6.577
86,2,6.632
84,2,6.709
82,2,6.793
80,2,6.836
78,2,6.835
76,2,6.793
74,2,6.720
72,2,6.644
70,2,6.646
68,2,6.813
66,2,7.120
64,2,7.462
62,2,7.749
60,2,7.914
58,2,7.956
56,2,7.936
54,2,7.907
52,2,7.904
50,2,7.915
48,2,7.935
46,2,7.956
44,2,7.973
42,2,7.980
40,2,7.982
38,2,7.985
36,2,7.984
34,2,7.977
32,2,7.964
30,2,7.946
28,2,7.929
26,2,7.899
24,2,7.853
22,2,7.802
20,2,7.760
18,2,7.733
16,2,7.708
14,2,7.683
12,2,7.645
10,2,7.593
8,2,7.543
6,2,7.497
4,2,7.437
2,2,7.359
0,2,7.276
0,4,7.277
2,4,7.298
4,4,7.333
6,4,7.368
8,4,7.412
10,4,7.454
12,4,7.493
14,4,7.535
16,4,7.569
18,4,7.597
20,4,7.628
22,4,7.664
24,4,7.701
26,4,7.735
28,4,7.764
30,4,7.785
32,4,7.801
34,4,7.815
36,4,7.838
38,4,7.870
40,4,7.911
42,4,7.947
44,4,7.975
46,4,7.988
48,4,8.002
50,4,8.018
52,4,8.031
54,4,8.034
56,4,8.028
58,4,8.021
60,4,8.010
62,4,7.992
64,4,7.969
66,4,7.946
68,4,7.931
70,4,7.935
72,4,7.958
74,4,7.996
76,4,7.985
78,4,7.846
80,4,7.564
82,4,7.204
84,4,6.872
86,4,6.693
88,4,6.689
90,4,6.763
92,4,6.830
94,4,6.888
96,4,6.906
98,4,6.892
100,4,6.880
102,4,6.880
104,4,6.943
106,4,7.057
108,4,7.177
110,4,7.274
112,4,7.317
114,4,7.276
116,4,7.124
118,4,6.886
120,4,6.628
122,4,6.438
124,4,6.375
126,4,6.429
128,4,6.518
130,4,6.561
132,4,6.524
134,4,6.430
136,4,6.328
138,4,6.215
140,4,6.082
142,4,5.931
144,4,5.817
146,4,5.757
148,4,5.789
150,4,5.868
150,6,5.970
148,6,5.924
146,6,5.866
144,6,5.802
142,6,5.764
140,6,5.768
138,6,5.803
136,6,5.866
134,6,5.946
132,6,6.028
130,6,6.110
128,6,6.182
126,6,6.240
124,6,6.263
122,6,6.219
120,6,6.091
118,6,5.913
116,6,5.750
114,6,5.671
112,6,5.717
110,6,5.906
108,6,6.215
106,6,6.591
104,6,6.939
102,6,7.209
100,6,7.361
98,6,7.413
96,6,7.405
94,6,7.366
92,6,7.308
90,6,7.250
88,6,7.197
86,6,7.163
84,6,7.141
82,6,7.109
80,6,7.045
78,6,6.957
76,6,6.856
74,6,6.779
72,6,6.733
70,6,6.775
68,6,6.963
66,6,7.272
64,6,7.600
62,6,7.868
60,6,8.017
58,6,8.045
56,6,8.007
54,6,7.962
52,6,7.935
50,6,7.933
48,6,7.947
46,6,7.969
44,6,7.995
42,6,8.020
40,6,8.044
38,6,8.063
36,6,8.066
34,6,8.049
32,6,8.021
30,6,7.997
28,6,7.971
26,6,7.937
24,6,7.894
22,6,7.857
20,6,7.831
18,6,7.819
16,6,7.802
14,6,7.767
12,6,7.718
10,6,7.660
8,6,7.613
6,6,7.579
4,6,7.531
2,6,7.461
0,6,7.378
0,8,7.336
2,8,7.358
4,8,7.390
6,8,7.422
8,8,7.461
10,8,7.500
12,8,7.540
14,8,7.572
16,8,7.600
18,8,7.625
20,8,7.648
22,8,7.679
24,8,7.722
26,8,7.768
28,8,7.806
30,8,7.827
32,8,7.839
34,8,7.848
36,8,7.863
38,8,7.888
40,8,7.920
42,8,7.962
44,8,7.994
46,8,8.019
48,8,8.045
50,8,8.071
52,8,8.088
54,8,8.087
56,8,8.068
58,8,8.043
60,8,8.016
62,8,7.993
64,8,7.974
66,8,7.963
68,8,7.968
70,8,7.997
72,8,8.043
74,8,8.086
76,8,8.075
78,8,7.941
80,8,7.679
82,8,7.354
84,8,7.048
86,8,6.891
88,8,6.888
90,8,6.956
92,8,7.065
94,8,7.190
96,8,7.294
98,8,7.359
100,8,7.407
102,8,7.458
104,8,7.509
106,8,7.553
108,8,7.583
110,8,7.565
112,8,7.452
114,8,7.159
116,8,6.631
118,8,5.969
120,8,5.349
122,8,4.924
124,8,4.757
126,8,4.863
128,8,5.186
130,8,5.561
132,8,5.846
134,8,5.945
136,8,5.898
138,8,5.804
140,8,5.714
142,8,5.641
144,8,5.629
146,8,5.720
148,8,5.874
150,8,6.043
150,10,6.123
148,10,6.008
146,10,5.868
144,10,5.721
142,10,5.598
140,10,5.518
138,10,5.500
136,10,5.533
134,10,5.602
132,10,5.691
130,10,5.772
128,10,5.824
126,10,5.774
124,10,5.591
122,10,5.275
120,10,4.911
118,10,4.580
116,10,4.383
114,10,4.382
112,10,4.579
110,10,4.992
108,10,5.541
106,10,6.181
104,10,6.819
102,10,7.290
100,10,7.568
98,10,7.694
96,10,7.734
94,10,7.732
92,10,7.704
90,10,7.666
88,10,7.632
86,10,7.602
84,10,7.566
82,10,7.505
80,10,7.411
78,10,7.301
76,10,7.203
74,10,7.136
72,10,7.104
70,10,7.153
68,10,7.312
66,10,7.566
64,10,7.818
62,10,8.009
60,10,8.104
58,10,8.111
56,10,8.071
54,10,8.026
52,10,7.996
50,10,7.988
48,10,7.989
46,10,7.994
44,10,8.007
42,10,8.030
40,10,8.058
38,10,8.080
36,10,8.082
34,10,8.061
32,10,8.030
30,10,7.995
28,10,7.956
26,10,7.913
24,10,7.869
22,10,7.838
20,10,7.819
18,10,7.808
16,10,7.789
14,10,7.749
12,10,7.689
10,10,7.635
8,10,7.595
6,10,7.557
4,10,7.500
2,10,7.419
0,10,7.321
0,12,7.227
2,12,7.247
4,12,7.278
6,12,7.315
8,12,7.359
10,12,7.405
12,12,7.452
14,12,7.495
16,12,7.532
18,12,7.564
20,12,7.592
22,12,7.623
24,12,7.664
26,12,7.709
28,12,7.754
30,12,7.787
32,12,7.805
34,12,7.815
36,12,7.827
38,12,7.851
40,12,7.885
42,12,7.925
44,12,7.965
46,12,8.002
48,12,8.032
50,12,8.062
52,12,8.083
54,12,8.085
56,12,8.071
58,12,8.047
60,12,8.032
62,12,8.029
64,12,8.027
66,12,8.028
68,12,8.032
70,12,8.054
72,12,8.093
74,12,8.130
76,12,8.121
78,12,8.016
80,12,7.812
82,12,7.562
84,12,7.343
86,12,7.253
88,12,7.269
90,12,7.331
92,12,7.427
94,12,7.542
96,12,7.634
98,12,7.691
100,12,7.730
102,12,7.764
104,12,7.800
106,12,7.833
108,12,7.842
110,12,7.802
112,12,7.653
114,12,7.289
116,12,6.664
118,12,5.872
120,12,5.131
122,12,4.589
124,12,4.284
126,12,4.280
128,12,4.562
130,12,4.998
132,12,5.437
134,12,5.715
136,12,5.781
138,12,5.694
140,12,5.534
142,12,5.387
144,12,5.339
146,12,5.413
148,12,5.627
150,12,5.940
150,14,5.951
148,14,5.753
146,14,5.540
144,14,5.368
142,14,5.270
140,14,5.263
138,14,5.334
136,14,5.461
134,14,5.605
132,14,5.731
130,14,5.803
128,14,5.792
126,14,5.669
124,14,5.420
122,14,5.090
120,14,4.766
118,14,4.548
116,14,4.492
114,14,4.632
112,14,4.968
110,14,5.450
108,14,6.051
106,14,6.681
104,14,7.223
102,14,7.591
100,14,7.792
98,14,7.881
96,14,7.907
94,14,7.899
92,14,7.872
90,14,7.848
88,14,7.827
86,14,7.814
84,14,7.804
82,14,7.781
80,14,7.731
78,14,7.654
76,14,7.562
74,14,7.461
72,14,7.348
70,14,7.301
68,14,7.389
66,14,7.587
64,14,7.817
62,14,7.996
60,14,8.090
58,14,8.093
56,14,8.066
54,14,8.047
52,14,8.046
50,14,8.055
48,14,8.061
46,14,8.053
44,14,8.047
42,14,8.051
40,14,8.059
38,14,8.061
36,14,8.045
34,14,8.017
32,14,7.983
30,14,7.947
28,14,7.906
26,14,7.862
24,14,7.821
22,14,7.790
20,14,7.772
18,14,7.752
16,14,7.718
14,14,7.667
12,14,7.606
10,14,7.556
8,14,7.500
6,14,7.432
4,14,7.354
2,14,7.256
0,14,7.146
0,16,7.054
2,16,7.079
4,16,7.117
6,16,7.155
8,16,7.205
10,16,7.254
12,16,7.305
14,16,7.357
16,16,7.411
18,16,7.466
20,16,7.514
22,16,7.556
24,16,7.595
26,16,7.635
28,16,7.677
30,16,7.717
32,16,7.742
34,16,7.761
36,16,7.777
38,16,7.801
40,16,7.835
42,16,7.874
44,16,7.909
46,16,7.943
48,16,7.976
50,16,8.009
52,16,8.039
54,16,8.059
56,16,8.070
58,16,8.071
60,16,8.074
62,16,8.085
64,16,8.091
66,16,8.085
68,16,8.069
70,16,8.061
72,16,8.072
74,16,8.096
76,16,8.068
78,16,7.921
80,16,7.659
82,16,7.377
84,16,7.206
86,16,7.254
88,16,7.451
90,16,7.641
92,16,7.769
94,16,7.847
96,16,7.879
98,16,7.883
100,16,7.878
102,16,7.883
104,16,7.906
106,16,7.936
108,16,7.946
110,16,7.918
112,16,7.828
114,16,7.630
116,16,7.264
118,16,6.744
120,16,6.166
122,16,5.672
124,16,5.355
126,16,5.250
128,16,5.350
130,16,5.574
132,16,5.787
134,16,5.898
136,16,5.895
138,16,5.795
140,16,5.610
142,16,5.370
144,16,5.162
146,16,5.107
148,16,5.263
150,16,5.588
150,18,5.510
148,18,5.282
146,18,5.076
144,18,4.944
142,18,4.919
140,18,4.995
138,18,5.153
136,18,5.358
134,18,5.544
132,18,5.697
130,18,5.824
128,18,5.923
126,18,5.994
124,18,6.019
122,18,5.988
120,18,5.931
118,18,5.912
116,18,5.975
114,18,6.143
112,18,6.407
110,18,6.742
108,18,7.094
106,18,7.401
104,18,7.639
102,18,7.791
100,18,7.877
98,18,7.917
96,18,7.922
94,18,7.906
92,18,7.886
90,18,7.883
88,18,7.901
86,18,7.935
84,18,7.967
82,18,7.978
80,18,7.948
78,18,7.859
76,18,7.674
74,18,7.361
72,18,7.028
70,18,6.852
68,18,6.937
66,18,7.230
64,18,7.607
62,18,7.902
60,18,8.039
58,18,8.052
56,18,8.033
54,18,8.029
52,18,8.043
50,18,8.060
48,18,8.071
46,18,8.076
44,18,8.074
42,18,8.065
40,18,8.049
38,18,8.023
36,18,7.992
34,18,7.957
32,18,7.924
30,18,7.897
28,18,7.868
26,18,7.831
24,18,7.787
22,18,7.750
20,18,7.724
18,18,7.700
16,18,7.664
14,18,7.620
12,18,7.576
10,18,7.519
8,18,7.442
6,18,7.358
4,18,7.272
2,18,7.181
0,18,7.078
0,20,7.032
2,20,7.057
4,20,7.096
6,20,7.135
8,20,7.182
10,20,7.230
12,20,7.277
14,20,7.323
16,20,7.376
18,20,7.431
20,20,7.489
22,20,7.539
24,20,7.577
26,20,7.611
28,20,7.640
30,20,7.668
32,20,7.692
34,20,7.714
36,20,7.743
38,20,7.782
40,20,7.826
42,20,7.864
44,20,7.895
46,20,7.917
48,20,7.942
50,20,7.973
52,20,8.007
54,20,8.039
56,20,8.070
58,20,8.089
60,20,8.100
62,20,8.104
64,20,8.097
66,20,8.079
68,20,8.053
70,20,8.031
72,20,8.030
74,20,8.045
76,20,7.997
78,20,7.776
80,20,7.381
82,20,6.956
84,20,6.725
86,20,6.822
88,20,7.213
90,20,7.631
92,20,7.892
94,20,8.002
96,20,8.025
98,20,7.981
100,20,7.892
102,20,7.799
104,20,7.745
106,20,7.742
108,20,7.769
110,20,7.790
112,20,7.777
114,20,7.710
116,20,7.582
118,20,7.378
120,20,7.115
122,20,6.827
124,20,6.577
126,20,6.396
128,20,6.283
130,20,6.182
132,20,6.021
134,20,5.811
136,20,5.556
138,20,5.290
140,20,4.992
142,20,4.657
144,20,4.385
146,20,4.286
148,20,4.415
150,20,4.785
150,22,4.457
148,22,4.149
146,22,3.892
144,22,3.732
142,22,3.736
140,22,3.879
138,22,4.129
136,22,4.420
134,22,4.681
132,22,4.934
130,22,5.160
128,22,5.372
126,22,5.599
124,22,5.801
122,22,5.975
120,22,6.125
118,22,6.280
116,22,6.447
114,22,6.648
112,22,6.872
110,22,7.085
108,22,7.256
106,22,7.369
104,22,7.435
102,22,7.449
100,22,7.393
98,22,7.312
96,22,7.254
94,22,7.256
92,22,7.323
90,22,7.454
88,22,7.639
86,22,7.832
84,22,7.979
82,22,8.044
80,22,8.013
78,22,7.881
76,22,7.607
74,22,7.190
72,22,6.773
70,22,6.574
68,22,6.685
66,22,7.027
64,22,7.444
62,22,7.747
60,22,7.861
58,22,7.845
56,22,7.821
54,22,7.834
52,22,7.872
50,22,7.922
48,22,7.974
46,22,8.017
44,22,8.045
42,22,8.050
40,22,8.037
38,22,8.012
36,22,7.984
34,22,7.961
32,22,7.936
30,22,7.910
28,22,7.877
26,22,7.829
24,22,7.761
22,22,7.693
20,22,7.645
18,22,7.619
16,22,7.597
14,22,7.572
12,22,7.538
10,22,7.485
8,22,7.419
6,22,7.355
4,22,7.299
2,22,7.234
0,22,7.147
0,24,7.127
2,24,7.151
4,24,7.184
6,24,7.221
8,24,7.257
10,24,7.291
12,24,7.322
14,24,7.348
16,24,7.378
18,24,7.413
20,24,7.455
22,24,7.494
24,24,7.527
26,24,7.552
28,24,7.567
30,24,7.582
32,24,7.598
34,24,7.628
36,24,7.676
38,24,7.742
40,24,7.814
42,24,7.875
44,24,7.915
46,24,7.943
48,24,7.964
50,24,7.981
52,24,7.995
54,24,8.010
56,24,8.023
58,24,8.019
60,24,7.991
62,24,7.937
64,24,7.858
66,24,7.768
68,24,7.687
70,24,7.638
72,24,7.624
74,24,7.661
76,24,7.689
78,24,7.579
80,24,7.265
82,24,6.878
84,24,6.658
86,24,6.766
88,24,7.161
90,24,7.617
92,24,7.908
94,24,8.033
96,24,8.031
98,24,7.885
100,24,7.614
102,24,7.290
104,24,6.990
106,24,6.777
108,24,6.663
110,24,6.680
112,24,6.785
114,24,6.899
116,24,6.946
118,24,6.898
120,24,6.744
122,24,6.489
124,24,6.187
126,24,5.864
128,24,5.583
130,24,5.329
132,24,5.066
134,24,4.796
136,24,4.508
138,24,4.189
140,24,3.824
142,24,3.446
144,24,3.104
146,24,2.959
148,24,3.068
150,24,3.444
150,26,3.300
148,26,3.018
146,26,2.788
144,26,2.658
142,26,2.654
140,26,2.765
138,26,2.961
136,26,3.211
134,26,3.468
132,26,3.708
130,26,3.929
128,26,4.124
126,26,4.309
124,26,4.503
122,26,4.718
120,26,4.971
118,26,5.251
116,26,5.564
114,26,5.871
112,26,6.149
110,26,6.335
108,26,6.404
106,26,6.336
104,26,6.181
102,26,5.987
100,26,5.827
98,26,5.794
96,26,5.912
94,26,6.178
92,26,6.538
90,26,6.935
88,26,7.334
86,26,7.672
84,26,7.906
82,26,8.002
80,26,7.989
78,26,7.897
76,26,7.710
74,26,7.418
72,26,7.120
70,26,6.944
68,26,6.956
66,26,7.064
64,26,7.115
62,26,7.020
60,26,6.843
58,26,6.708
56,26,6.684
54,26,6.764
52,26,6.898
50,26,7.092
48,26,7.317
46,26,7.524
44,26,7.690
42,26,7.800
40,26,7.871
38,26,7.917
36,26,7.944
34,26,7.960
32,26,7.966
30,26,7.956
28,26,7.922
26,26,7.857
24,26,7.762
22,26,7.673
20,26,7.609
18,26,7.569
16,26,7.548
14,26,7.528
12,26,7.498
10,26,7.464
8,26,7.422
6,26,7.384
4,26,7.352
2,26,7.306
0,26,7.236
0,28,7.237
2,28,7.255
4,28,7.282
6,28,7.313
8,28,7.345
10,28,7.374
12,28,7.400
14,28,7.419
16,28,7.439
18,28,7.463
20,28,7.489
22,28,7.515
24,28,7.540
26,28,7.562
28,28,7.579
30,28,7.594
32,28,7.618
34,28,7.656
36,28,7.711
38,28,7.781
40,28,7.864
42,28,7.933
44,28,7.975
46,28,7.991
48,28,7.986
50,28,7.964
52,28,7.935
54,28,7.891
56,28,7.822
58,28,7.715
60,28,7.565
62,28,7.362
64,28,7.110
66,28,6.852
68,28,6.630
70,28,6.433
72,28,6.309
74,28,6.313
76,28,6.486
78,28,6.757
80,28,6.982
82,28,7.076
84,28,7.127
86,28,7.271
88,28,7.506
90,28,7.725
92,28,7.866
94,28,7.946
96,28,7.948
98,28,7.818
100,28,7.505
102,28,7.046
104,28,6.511
106,28,5.952
108,28,5.490
110,28,5.237
112,28,5.221
114,28,5.400
116,28,5.678
118,28,5.907
120,28,5.937
122,28,5.711
124,28,5.280
126,28,4.736
128,28,4.210
130,28,3.767
132,28,3.463
134,28,3.252
136,28,3.088
138,28,2.933
140,28,2.787
142,28,2.622
144,28,2.497
146,28,2.490
148,28,2.633
150,28,2.936
150,30,3.127
148,30,2.946
146,30,2.775
144,30,2.640
142,30,2.534
140,30,2.456
138,30,2.394
136,30,2.339
134,30,2.290
132,30,2.240
130,30,2.233
128,30,2.282
126,30,2.421
124,30,2.674
122,30,3.046
120,30,3.537
118,30,4.116
116,30,4.727
114,30,5.268
112,30,5.627
110,30,5.727
108,30,5.616
106,30,5.354
104,30,5.094
102,30,4.935
100,30,4.935
98,30,5.138
96,30,5.534
94,30,6.066
92,30,6.643
90,30,7.153
88,30,7.535
86,30,7.747
84,30,7.799
82,30,7.733
80,30,7.634
78,30,7.570
76,30,7.556
74,30,7.560
72,30,7.533
70,30,7.441
68,30,7.214
66,30,6.828
64,30,6.316
62,30,5.808
60,30,5.466
58,30,5.410
56,30,5.629
54,30,5.976
52,30,6.305
50,30,6.554
48,30,6.760
46,30,6.972
44,30,7.205
42,30,7.439
40,30,7.629
38,30,7.766
36,30,7.863
34,30,7.932
32,30,7.980
30,30,7.999
28,30,7.986
26,30,7.942
24,30,7.873
22,30,7.812
20,30,7.765
18,30,7.727
16,30,7.702
14,30,7.675
12,30,7.648
10,30,7.614
8,30,7.578
6,30,7.547
4,30,7.520
2,30,7.469
0,30,7.410
0,32,7.440
2,32,7.457
4,32,7.479
6,32,7.505
8,32,7.538
10,32,7.569
12,32,7.595
14,32,7.616
16,32,7.636
18,32,7.657
20,32,7.679
22,32,7.700
24,32,7.716
26,32,7.731
28,32,7.747
30,32,7.766
32,32,7.786
34,32,7.813
36,32,7.846
38,32,7.888
40,32,7.933
42,32,7.972
44,32,7.995
46,32,7.993
48,32,7.960
50,32,7.903
52,32,7.826
54,32,7.715
56,32,7.550
58,32,7.307
60,32,7.029
62,32,6.808
64,32,6.649
66,32,6.504
68,32,6.249
70,32,5.858
72,32,5.455
74,32,5.273
76,32,5.445
78,32,5.951
80,32,6.592
82,32,7.146
84,32,7.486
86,32,7.580
88,32,7.534
90,32,7.450
92,32,7.411
94,32,7.472
96,32,7.615
98,32,7.737
100,32,7.705
102,32,7.459
104,32,7.001
106,32,6.386
108,32,5.780
110,32,5.348
112,32,5.159
114,32,5.192
116,32,5.424
118,32,5.708
120,32,5.817
122,32,5.553
124,32,4.877
126,32,3.929
128,32,2.939
130,32,2.096
132,32,1.513
134,32,1.174
136,32,1.053
138,32,1.134
140,32,1.373
142,32,1.753
144,32,2.201
146,32,2.660
148,32,3.075
150,32,3.435
150,34,3.540
148,34,3.320
146,34,3.007
144,34,2.623
142,34,2.176
140,34,1.712
138,34,1.268
136,34,8.906
134,34,6.076
132,34,4.416
130,34,3.908
128,34,4.518
126,34,6.562
124,34,1.044
122,34,1.661
120,34,2.491
118,34,3.479
116,34,4.480
114,34,5.324
112,34,5.895
110,34,6.130
108,34,6.099
106,34,5.946
104,34,5.808
102,34,5.792
100,34,5.955
98,34,6.282
96,34,6.701
94,34,7.155
92,34,7.515
90,34,7.722
88,34,7.770
86,34,7.669
84,34,7.463
82,34,7.262
80,34,7.163
78,34,7.186
76,34,7.305
74,34,7.478
72,34,7.640
70,34,7.684
68,34,7.495
66,34,7.064
64,34,6.440
62,34,5.807
60,34,5.324
58,34,5.152
56,34,5.311
54,34,5.652
52,34,5.943
50,34,6.076
48,34,6.164
46,34,6.300
44,34,6.590
42,34,7.011
40,34,7.400
38,34,7.639
36,34,7.766
34,34,7.828
32,34,7.853
30,34,7.854
28,34,7.844
26,34,7.829
24,34,7.811
22,34,7.792
20,34,7.774
18,34,7.756
16,34,7.743
14,34,7.739
12,34,7.733
10,34,7.718
8,34,7.699
6,34,7.678
4,34,7.644
2,34,7.587
0,34,7.526
0,36,7.475
2,36,7.489
4,36,7.507
6,36,7.529
8,36,7.558
10,36,7.588
12,36,7.614
14,36,7.632
16,36,7.647
18,36,7.660
20,36,7.674
22,36,7.684
24,36,7.689
26,36,7.689
28,36,7.690
30,36,7.697
32,36,7.712
34,36,7.728
36,36,7.747
38,36,7.760
40,36,7.775
42,36,7.789
44,36,7.802
46,36,7.810
48,36,7.807
50,36,7.779
52,36,7.711
54,36,7.577
56,36,7.307
58,36,6.895
60,36,6.492
62,36,6.235
64,36,6.100
66,36,5.999
68,36,5.861
70,36,5.609
72,36,5.356
74,36,5.351
76,36,5.687
78,36,6.290
80,36,6.942
82,36,7.443
84,36,7.703
86,36,7.699
88,36,7.532
90,36,7.330
92,36,7.192
94,36,7.171
96,36,7.307
98,36,7.546
100,36,7.753
102,36,7.828
104,36,7.737
106,36,7.492
108,36,7.127
110,36,6.744
112,36,6.452
114,36,6.312
116,36,6.340
118,36,6.421
120,36,6.342
122,36,5.915
124,36,5.028
126,36,3.811
128,36,2.462
130,36,1.341
132,36,5.943
134,36,2.413
136,36,1.197
138,36,1.157
140,36,2.149
142,36,5.121
144,36,1.014
146,36,1.695
148,36,2.415
150,36,3.031
150,38,3.072
148,38,2.734
146,38,2.294
144,38,1.798
142,38,1.293
140,38,8.696
138,38,5.499
136,38,3.639
134,38,2.764
132,38,2.666
130,38,2.951
128,38,3.880
126,38,6.326
124,38,1.109
122,38,1.857
120,38,2.811
118,38,3.892
116,38,4.850
114,38,5.602
112,38,6.067
110,38,6.291
108,38,6.377
106,38,6.430
104,38,6.544
102,38,6.744
100,38,7.014
98,38,7.309
96,38,7.553
94,38,7.711
92,38,7.782
90,38,7.787
88,38,7.729
86,38,7.611
84,38,7.467
82,38,7.360
80,38,7.331
78,38,7.382
76,38,7.496
74,38,7.601
72,38,7.623
70,38,7.468
68,38,7.141
66,38,6.712
64,38,6.310
62,38,5.979
60,38,5.773
58,38,5.723
56,38,5.803
54,38,5.864
52,38,5.873
50,38,5.880
48,38,5.988
46,38,6.234
44,38,6.597
42,38,6.969
40,38,7.239
38,38,7.371
36,38,7.433
34,38,7.473
32,38,7.495
30,38,7.494
28,38,7.488
26,38,7.484
24,38,7.482
22,38,7.484
20,38,7.481
18,38,7.478
16,38,7.470
14,38,7.469
12,38,7.466
10,38,7.451
8,38,7.434
6,38,7.418
4,38,7.391
2,38,7.341
0,38,7.292
0,40,7.165
2,40,7.174
4,40,7.181
6,40,7.190
8,40,7.205
10,40,7.231
12,40,7.256
14,40,7.271
16,40,7.284
18,40,7.301
20,40,7.320
22,40,7.345
24,40,7.366
26,40,7.379
28,40,7.392
30,40,7.407
32,40,7.417
34,40,7.420
36,40,7.424
38,40,7.428
40,40,7.432
42,40,7.433
44,40,7.442
46,40,7.447
48,40,7.441
50,40,7.415
52,40,7.384
54,40,7.337
56,40,7.216
58,40,6.954
60,40,6.589
62,40,6.228
64,40,5.994
66,40,5.903
68,40,5.920
70,40,5.908
72,40,5.791
74,40,5.660
76,40,5.628
78,40,5.760
80,40,6.106
82,40,6.606
84,40,7.125
86,40,7.463
88,40,7.569
90,40,7.528
92,40,7.453
94,40,7.423
96,40,7.456
98,40,7.544
100,40,7.633
102,40,7.686
104,40,7.693
106,40,7.638
108,40,7.481
110,40,7.202
112,40,6.844
114,40,6.502
116,40,6.270
118,40,6.152
120,40,6.067
122,40,5.897
124,40,5.507
126,40,4.794
128,40,3.876
130,40,2.911
132,40,2.117
134,40,1.625
136,40,1.382
138,40,1.310
140,40,1.360
142,40,1.524
144,40,1.871
146,40,2.348
148,40,2.832
150,40,3.203
150,42,3.508
148,42,3.523
146,42,3.467
144,42,3.350
142,42,3.205
140,42,3.048
138,42,2.911
136,42,2.809
134,42,2.790
132,42,2.793
130,42,2.901
128,42,3.111
126,42,3.458
124,42,3.907
122,42,4.460
120,42,5.006
118,42,5.457
116,42,5.758
114,42,5.895
112,42,5.905
110,42,5.863
108,42,5.842
106,42,5.893
104,42,6.059
102,42,6.325
100,42,6.651
98,42,6.940
96,42,7.138
94,42,7.238
92,42,7.272
90,42,7.278
88,42,7.267
86,42,7.268
84,42,7.275
82,42,7.286
80,42,7.280
78,42,7.246
76,42,7.134
74,42,6.862
72,42,6.279
70,42,5.388
68,42,4.352
66,42,3.517
64,42,3.057
62,42,3.118
60,42,3.605
58,42,4.226
56,42,4.728
54,42,5.129
52,42,5.461
50,42,5.789
48,42,6.154
46,42,6.545
44,42,6.884
42,42,7.084
40,42,7.166
38,42,7.171
36,42,7.167
34,42,7.184
32,42,7.171
30,42,7.113
28,42,7.065
26,42,7.065
24,42,7.112
22,42,7.151
20,42,7.144
18,42,7.074
16,42,6.990
14,42,6.949
12,42,6.924
10,42,6.862
8,42,6.780
6,42,6.699
4,42,6.605
2,42,6.527
0,42,6.529
0,44,6.197
2,44,6.171
4,44,6.123
6,44,6.072
8,44,6.041
10,44,6.060
12,44,6.126
14,44,6.241
16,44,6.378
18,44,6.509
20,44,6.624
22,44,6.712
24,44,6.757
26,44,6.780
28,44,6.815
30,44,6.895
32,44,7.005
34,44,7.084
36,44,7.098
38,44,7.062
40,44,7.006
42,44,6.984
44,44,7.025
46,44,7.104
48,44,7.160
50,44,7.162
52,44,7.140
54,44,7.132
56,44,7.119
58,44,7.025
60,44,6.824
62,44,6.497
64,44,6.086
66,44,5.655
68,44,5.237
70,44,4.796
72,44,4.254
74,44,3.578
76,44,2.885
78,44,2.519
80,44,2.725
82,44,3.469
84,44,4.589
86,44,5.725
88,44,6.507
90,44,6.893
92,44,7.049
94,44,7.094
96,44,7.089
98,44,7.061
100,44,7.035
102,44,7.014
104,44,6.984
106,44,6.915
108,44,6.773
110,44,6.524
112,44,6.196
114,44,5.898
116,44,5.731
118,44,5.729
120,44,5.863
122,44,6.045
124,44,6.164
126,44,6.169
128,44,6.015
130,44,5.730
132,44,5.413
134,44,5.158
136,44,4.968
138,44,4.878
140,44,4.861
142,44,4.890
144,44,4.885
146,44,4.798
148,44,4.569
150,44,4.198
150,46,4.167
148,46,4.515
146,46,4.811
144,46,5.053
142,46,5.215
140,46,5.323
138,46,5.380
136,46,5.415
134,46,5.457
132,46,5.510
130,46,5.591
128,46,5.711
126,46,5.852
124,46,6.002
122,46,6.149
120,46,6.251
118,46,6.283
116,46,6.229
114,46,6.108
112,46,5.953
110,46,5.795
108,46,5.677
106,46,5.646
104,46,5.724
102,46,5.891
100,46,6.109
98,46,6.308
96,46,6.467
94,46,6.581
92,46,6.647
90,46,6.680
88,46,6.700
86,46,6.713
84,46,6.731
82,46,6.723
80,46,6.656
78,46,6.500
76,46,6.214
74,46,5.661
72,46,4.746
70,46,3.591
68,46,2.518
66,46,1.707
64,46,1.261
62,46,1.271
60,46,1.716
58,46,2.414
56,46,3.125
54,46,3.768
52,46,4.422
50,46,5.215
48,46,5.960
46,46,6.404
44,46,6.572
42,46,6.632
40,46,6.672
38,46,6.746
36,46,6.860
34,46,6.903
32,46,6.782
30,46,6.581
28,46,6.435
26,46,6.420
24,46,6.525
22,46,6.561
20,46,6.391
18,46,6.168
16,46,6.087
14,46,6.115
12,46,6.104
10,46,5.932
8,46,5.586
6,46,5.224
4,46,4.997
2,46,4.973
0,46,5.056
0,48,4.860
2,48,4.835
4,48,4.795
6,48,4.754
8,48,4.714
10,48,4.695
12,48,4.716
14,48,4.830
16,48,5.021
18,48,5.280
20,48,5.561
22,48,5.776
24,48,5.868
26,48,5.838
28,48,5.793
30,48,5.825
32,48,5.977
34,48,6.214
36,48,6.373
38,48,6.381
40,48,6.316
42,48,6.317
44,48,6.435
46,48,6.628
48,48,6.815
50,48,6.878
52,48,6.795
54,48,6.686
56,48,6.622
58,48,6.593
60,48,6.533
62,48,6.331
64,48,5.802
66,48,4.982
68,48,4.165
70,48,3.506
72,48,2.810
74,48,2.047
76,48,1.432
78,48,1.209
80,48,1.513
82,48,2.277
84,48,3.362
86,48,4.591
88,48,5.596
90,48,6.185
92,48,6.470
94,48,6.624
96,48,6.687
98,48,6.695
100,48,6.676
102,48,6.659
104,48,6.623
106,48,6.542
108,48,6.404
110,48,6.233
112,48,6.035
114,48,5.869
116,48,5.777
118,48,5.781
120,48,5.858
122,48,5.955
124,48,6.026
126,48,6.047
128,48,6.006
130,48,5.900
132,48,5.736
134,48,5.549
136,48,5.360
138,48,5.198
140,48,5.071
142,48,4.961
144,48,4.861
146,48,4.716
148,48,4.480
150,48,4.101
150,50,3.532
148,50,3.744
146,50,3.944
144,50,4.076
142,50,4.186
140,50,4.265
138,50,4.349
136,50,4.458
134,50,4.574
132,50,4.717
130,50,4.886
128,50,5.076
126,50,5.277
124,50,5.463
122,50,5.616
120,50,5.728
118,50,5.809
116,50,5.856
114,50,5.892
112,50,5.922
110,50,5.936
108,50,5.957
106,50,6.017
104,50,6.106
102,50,6.224
100,50,6.372
98,50,6.523
96,50,6.661
94,50,6.775
92,50,6.850
90,50,6.894
88,50,6.924
86,50,6.935
84,50,6.926
82,50,6.885
80,50,6.806
78,50,6.671
76,50,6.451
74,50,6.052
72,50,5.409
70,50,4.529
68,50,3.639
66,50,2.889
64,50,2.391
62,50,2.220
60,50,2.360
58,50,2.731
56,50,3.192
54,50,3.780
52,50,4.629
50,50,5.600
48,50,6.331
46,50,6.645
44,50,6.669
42,50,6.595
40,50,6.567
38,50,6.630
36,50,6.732
34,50,6.721
32,50,6.460
30,50,6.026
28,50,5.607
26,50,5.197
24,50,4.729
22,50,4.263
20,50,3.898
18,50,3.918
16,50,4.321
14,50,4.763
12,50,4.817
10,50,4.492
8,50,4.272
6,50,4.315
4,50,4.393
2,50,4.416
0,50,4.456
0,52,4.335
2,52,4.302
4,52,4.273
6,52,4.267
8,52,4.271
10,52,4.288
12,52,4.260
14,52,4.144
16,52,3.988
18,52,3.915
20,52,4.030
22,52,4.306
24,52,4.518
26,52,4.444
28,52,4.078
30,52,3.655
32,52,3.409
34,52,3.478
36,52,3.875
38,52,4.399
40,52,4.938
42,52,5.419
44,52,5.826
46,52,6.247
48,52,6.617
50,52,6.765
52,52,6.720
54,52,6.629
56,52,6.592
58,52,6.650
60,52,6.724
62,52,6.651
64,52,6.268
66,52,5.450
68,52,4.473
70,52,3.685
72,52,3.154
74,52,2.790
76,52,2.617
78,52,2.722
80,52,3.188
82,52,3.931
84,52,4.837
86,52,5.708
88,52,6.342
90,52,6.694
92,52,6.884
94,52,7.007
96,52,7.089
98,52,7.129
100,52,7.129
102,52,7.106
104,52,7.065
106,52,6.975
108,52,6.834
110,52,6.671
112,52,6.513
114,52,6.372
116,52,6.262
118,52,6.162
120,52,6.064
122,52,5.979
124,52,5.886
126,52,5.786
128,52,5.652
130,52,5.452
132,52,5.168
134,52,4.833
136,52,4.498
138,52,4.172
140,52,3.902
142,52,3.668
144,52,3.447
146,52,3.187
148,52,2.858
150,52,2.426
150,54,1.792
148,54,2.071
146,54,2.354
144,54,2.644
142,54,2.912
140,54,3.129
138,54,3.344
136,54,3.567
134,54,3.821
132,54,4.076
130,54,4.366
128,54,4.661
126,54,4.951
124,54,5.200
122,54,5.397
120,54,5.555
118,54,5.662
116,54,5.758
114,54,5.879
112,54,6.031
110,54,6.201
108,54,6.382
106,54,6.547
104,54,6.694
102,54,6.821
100,54,6.964
98,54,7.110
96,54,7.261
94,54,7.395
92,54,7.507
90,54,7.586
88,54,7.633
86,54,7.652
84,54,7.648
82,54,7.625
80,54,7.592
78,54,7.555
76,54,7.495
74,54,7.370
72,54,7.125
70,54,6.764
68,54,6.350
66,54,5.898
64,54,5.512
62,54,5.253
60,54,5.174
58,54,5.271
56,54,5.582
54,54,6.120
52,54,6.756
50,54,7.247
48,54,7.508
46,54,7.611
44,54,7.560
42,54,7.461
40,54,7.404
38,54,7.417
36,54,7.476
34,54,7.438
32,54,7.133
30,54,6.531
28,54,5.537
26,54,4.128
24,54,2.664
22,54,1.706
20,54,1.568
18,54,2.237
16,54,3.160
14,54,3.707
12,54,3.626
10,54,3.294
8,54,3.323
6,54,3.777
4,54,4.114
2,54,4.081
0,54,3.898
0,56,3.819
2,56,3.898
4,56,4.039
6,56,4.195
8,56,4.307
10,56,4.341
12,56,4.242
14,56,3.950
16,56,3.584
18,56,3.345
20,56,3.345
22,56,3.535
24,56,3.715
26,56,3.650
28,56,3.215
30,56,2.481
32,56,1.750
34,56,1.399
36,56,1.676
38,56,2.582
40,56,3.897
42,56,5.257
44,56,6.313
46,56,6.999
48,56,7.398
50,56,7.533
52,56,7.506
54,56,7.463
56,56,7.480
58,56,7.564
60,56,7.652
62,56,7.662
64,56,7.533
66,56,7.233
68,56,6.738
70,56,6.187
72,56,5.786
74,56,5.633
76,56,5.679
78,56,5.899
80,56,6.272
82,56,6.692
84,56,7.075
86,56,7.393
88,56,7.600
90,56,7.689
92,56,7.726
94,56,7.759
96,56,7.787
98,56,7.811
100,56,7.807
102,56,7.773
104,56,7.682
106,56,7.545
108,56,7.393
110,56,7.234
112,56,7.085
114,56,6.946
116,56,6.758
118,56,6.473
120,56,6.097
122,56,5.724
124,56,5.405
126,56,5.193
128,56,5.033
130,56,4.883
132,56,4.693
134,56,4.472
136,56,4.209
138,56,3.907
140,56,3.584
142,56,3.214
144,56,2.794
146,56,2.299
148,56,1.751
150,56,1.160
150,58,9.394
148,58,1.304
146,58,1.707
144,58,2.142
142,58,2.532
140,58,2.884
138,58,3.176
136,58,3.392
134,58,3.543
132,58,3.632
130,58,3.689
128,58,3.737
126,58,3.772
124,58,3.823
122,58,3.910
120,58,4.039
118,58,4.230
116,58,4.563
114,58,5.012
112,58,5.578
110,58,6.147
108,58,6.640
106,58,6.992
104,58,7.213
102,58,7.342
100,58,7.463
98,58,7.588
96,58,7.726
94,58,7.866
92,58,7.986
90,58,8.063
88,58,8.091
86,58,8.092
84,58,8.084
82,58,8.077
80,58,8.079
78,58,8.092
76,58,8.103
74,58,8.097
72,58,8.069
70,58,8.008
68,58,7.939
66,58,7.860
64,58,7.769
62,58,7.709
60,58,7.691
58,58,7.736
56,58,7.852
54,58,7.985
52,58,8.087
50,58,8.159
48,58,8.203
46,58,8.223
44,58,8.217
42,58,8.196
40,58,8.188
38,58,8.200
36,58,8.205
34,58,8.153
32,58,7.982
30,58,7.540
28,58,6.505
26,58,4.843
24,58,3.178
22,58,2.184
20,58,2.229
18,58,3.085
16,58,4.160
14,58,4.924
12,58,5.043
10,58,4.810
8,58,4.872
6,58,5.411
4,58,5.856
2,58,5.800
0,58,5.349
0,60,5.809
2,60,5.984
4,60,6.248
6,60,6.479
8,60,6.635
10,60,6.679
12,60,6.561
14,60,6.254
16,60,5.844
18,60,5.566
20,60,5.516
22,60,5.612
24,60,5.619
26,60,5.286
28,60,4.592
30,60,3.696
32,60,2.844
34,60,2.353
36,60,2.492
38,60,3.402
40,60,4.828
42,60,6.307
44,60,7.364
46,60,7.884
48,60,8.108
50,60,8.194
52,60,8.210
54,60,8.197
56,60,8.192
58,60,8.207
60,60,8.223
62,60,8.224
64,60,8.203
66,60,8.155
68,60,8.082
70,60,7.984
72,60,7.882
74,60,7.821
76,60,7.833
78,60,7.886
80,60,7.959
82,60,8.032
84,60,8.092
86,60,8.136
88,60,8.156
90,60,8.155
92,60,8.139
94,60,8.131
96,60,8.134
98,60,8.145
100,60,8.150
102,60,8.134
104,60,8.070
106,60,7.957
108,60,7.822
110,60,7.689
112,60,7.579
114,60,7.461
116,60,7.238
118,60,6.790
120,60,6.065
122,60,5.162
124,60,4.290
126,60,3.574
128,60,3.067
130,60,2.753
132,60,2.595
134,60,2.559
136,60,2.605
138,60,2.713
140,60,2.811
142,60,2.861
144,60,2.774
146,60,2.490
148,60,2.028
150,60,1.439
150,62,1.601
148,62,1.937
146,62,2.219
144,62,2.390
142,62,2.430
140,62,2.362
138,62,2.224
136,62,2.080
134,62,1.963
132,62,1.893
130,62,1.898
128,62,1.962
126,62,2.086
124,62,2.295
122,62,2.618
120,62,3.086
118,62,3.697
116,62,4.450
114,62,5.292
112,62,6.139
110,62,6.852
108,62,7.360
106,62,7.665
104,62,7.807
102,62,7.886
100,62,7.949
98,62,8.020
96,62,8.091
94,62,8.149
92,62,8.186
90,62,8.204
88,62,8.208
86,62,8.205
84,62,8.206
82,62,8.217
80,62,8.231
78,62,8.244
76,62,8.256
74,62,8.263
72,62,8.264
70,62,8.263
68,62,8.260
66,62,8.254
64,62,8.249
62,62,8.246
60,62,8.247
58,62,8.254
56,62,8.265
54,62,8.278
52,62,8.292
50,62,8.301
48,62,8.307
46,62,8.310
44,62,8.313
42,62,8.318
40,62,8.323
38,62,8.324
36,62,8.320
34,62,8.299
32,62,8.237
30,62,8.075
28,62,7.656
26,62,6.886
24,62,6.012
22,62,5.570
20,62,5.724
18,62,6.266
16,62,6.902
14,62,7.367
12,62,7.535
10,62,7.491
8,62,7.546
6,62,7.743
4,62,7.860
2,62,7.802
0,62,7.587
0,64,7.690
2,64,7.769
4,64,7.860
6,64,7.932
8,64,7.982
10,64,8.002
12,64,7.988
14,64,7.934
16,64,7.850
18,64,7.779
20,64,7.751
22,64,7.753
24,64,7.705
26,64,7.517
28,64,7.161
30,64,6.691
32,64,6.227
34,64,5.899
36,64,5.870
38,64,6.255
40,64,6.921
42,64,7.592
44,64,8.002
46,64,8.193
48,64,8.275
50,64,8.309
52,64,8.321
54,64,8.322
56,64,8.318
58,64,8.313
60,64,8.308
62,64,8.304
64,64,8.300
66,64,8.292
68,64,8.283
70,64,8.271
72,64,8.261
74,64,8.254
76,64,8.251
78,64,8.253
80,64,8.259
82,64,8.262
84,64,8.264
86,64,8.263
88,64,8.257
90,64,8.245
92,64,8.228
94,64,8.208
96,64,8.188
98,64,8.179
100,64,8.181
102,64,8.186
104,64,8.183
106,64,8.165
108,64,8.132
110,64,8.091
112,64,8.049
114,64,7.994
116,64,7.881
118,64,7.616
120,64,7.110
122,64,6.365
124,64,5.482
126,64,4.640
128,64,3.920
130,64,3.412
132,64,3.011
134,64,2.644
136,64,2.267
138,64,1.896
140,64,1.594
142,64,1.453
144,64,1.513
146,64,1.703
148,64,1.886
150,64,1.898
150,66,1.725
148,66,1.631
146,66,1.466
144,66,1.332
142,66,1.283
140,66,1.425
138,66,1.736
136,66,2.198
134,66,2.774
132,66,3.345
130,66,3.866
128,66,4.269
126,66,4.621
124,66,4.922
122,66,5.257
120,66,5.655
118,66,6.139
116,66,6.655
114,66,7.147
112,66,7.548
110,66,7.815
108,66,7.973
106,66,8.058
104,66,8.102
102,66,8.127
100,66,8.138
98,66,8.141
96,66,8.134
94,66,8.113
92,66,8.079
90,66,8.036
88,66,8.000
86,66,7.982
84,66,7.998
82,66,8.037
80,66,8.089
78,66,8.130
76,66,8.151
74,66,8.157
72,66,8.163
70,66,8.165
68,66,8.167
66,66,8.162
64,66,8.151
62,66,8.131
60,66,8.111
58,66,8.101
56,66,8.100
54,66,8.096
52,66,8.082
50,66,8.052
48,66,8.010
46,66,7.989
44,66,8.001
42,66,8.025
40,66,8.027
38,66,8.006
36,66,7.976
34,66,7.945
32,66,7.907
30,66,7.856
28,66,7.775
26,66,7.650
24,66,7.512
22,66,7.444
20,66,7.478
18,66,7.569
16,66,7.663
14,66,7.732
12,66,7.765
10,66,7.776
8,66,7.783
6,66,7.793
4,66,7.792
2,66,7.765
0,66,7.706
0,68,7.504
2,68,7.512
4,68,7.529
6,68,7.545
8,68,7.554
10,68,7.566
12,68,7.590
14,68,7.603
16,68,7.618
18,68,7.619
20,68,7.627
22,68,7.637
24,68,7.637
26,68,7.620
28,68,7.585
30,68,7.539
32,68,7.485
34,68,7.439
36,68,7.443
38,68,7.518
40,68,7.634
42,68,7.747
44,68,7.826
46,68,7.882
48,68,7.928
50,68,7.961
52,68,7.987
54,68,8.013
56,68,8.022
58,68,8.001
60,68,7.975
62,68,7.976
64,68,8.007
66,68,8.043
68,68,8.059
70,68,8.062
72,68,8.055
74,68,8.059
76,68,8.074
78,68,8.094
80,68,8.110
82,68,8.110
84,68,8.100
86,68,8.087
88,68,8.077
90,68,8.056
92,68,8.008
94,68,7.941
96,68,7.874
98,68,7.836
100,68,7.841
102,68,7.888
104,68,7.952
106,68,8.011
108,68,8.046
110,68,8.063
112,68,8.066
114,68,8.055
116,68,8.024
118,68,7.964
120,68,7.862
122,68,7.696
124,68,7.448
126,68,7.155
128,68,6.882
130,68,6.667
132,68,6.485
134,68,6.233
136,68,5.839
138,68,5.184
140,68,4.296
142,68,3.267
144,68,2.296
146,68,1.560
148,68,1.164
150,68,1.073
150,70,1.036
148,70,1.298
146,70,1.714
144,70,2.312
142,70,3.080
140,70,3.948
138,70,4.805
136,70,5.588
134,70,6.212
132,70,6.661
130,70,6.951
128,70,7.126
126,70,7.240
124,70,7.325
122,70,7.404
120,70,7.485
118,70,7.562
116,70,7.629
114,70,7.684
112,70,7.727
110,70,7.749
108,70,7.768
106,70,7.778
104,70,7.782
102,70,7.766
100,70,7.734
98,70,7.680
96,70,7.593
94,70,7.490
92,70,7.369
90,70,7.260
88,70,7.194
86,70,7.175
84,70,7.218
82,70,7.309
80,70,7.391
78,70,7.421
76,70,7.407
74,70,7.374
72,70,7.378
70,70,7.414
68,70,7.449
66,70,7.427
64,70,7.312
62,70,7.164
60,70,7.058
58,70,7.035
56,70,7.088
54,70,7.145
52,70,7.117
50,70,7.023
48,70,6.958
46,70,6.948
44,70,6.964
42,70,6.984
40,70,6.982
38,70,6.949
36,70,6.928
34,70,6.916
32,70,6.888
30,70,6.868
28,70,6.868
26,70,6.856
24,70,6.814
22,70,6.771
20,70,6.748
18,70,6.746
16,70,6.759
14,70,6.796
12,70,6.840
10,70,6.873
8,70,6.900
6,70,6.914
4,70,6.911
2,70,6.914
0,70,6.929
0,72,6.754
2,72,6.761
4,72,6.755
6,72,6.740
8,72,6.721
10,72,6.705
12,72,6.704
14,72,6.710
16,72,6.713
18,72,6.707
20,72,6.703
22,72,6.681
24,72,6.651
26,72,6.627
28,72,6.629
30,72,6.635
32,72,6.639
34,72,6.662
36,72,6.705
38,72,6.755
40,72,6.797
42,72,6.826
44,72,6.839
46,72,6.860
48,72,6.877
50,72,6.893
52,72,6.917
54,72,6.948
56,72,6.954
58,72,6.935
60,72,6.916
62,72,6.903
64,72,6.928
66,72,7.014
68,72,7.066
70,72,7.001
72,72,6.911
74,72,6.884
76,72,6.966
78,72,7.123
80,72,7.254
82,72,7.268
84,72,7.192
86,72,7.129
88,72,7.107
90,72,7.132
92,72,7.127
94,72,7.027
96,72,6.894
98,72,6.795
100,72,6.776
102,72,6.840
104,72,6.972
106,72,7.111
108,72,7.235
110,72,7.328
112,72,7.389
114,72,7.401
116,72,7.394
118,72,7.377
120,72,7.350
122,72,7.330
124,72,7.313
126,72,7.308
128,72,7.311
130,72,7.316
132,72,7.317
134,72,7.297
136,72,7.236
138,72,7.071
140,72,6.739
142,72,6.158
144,72,5.310
146,72,4.302
148,72,3.227
150,72,2.292
150,74,3.209
148,74,3.861
146,74,4.571
144,74,5.298
142,74,5.923
140,74,6.411
138,74,6.767
136,74,6.977
134,74,7.087
132,74,7.109
130,74,7.073
128,74,6.995
126,74,6.895
124,74,6.798
122,74,6.716
120,74,6.661
118,74,6.635
116,74,6.654
114,74,6.691
112,74,6.724
110,74,6.741
108,74,6.767
106,74,6.782
104,74,6.771
102,74,6.700
100,74,6.571
98,74,6.399
96,74,6.224
94,74,6.067
92,74,5.942
90,74,5.871
88,74,5.863
86,74,5.926
84,74,6.047
82,74,6.164
80,74,6.220
78,74,6.201
76,74,6.139
74,74,6.101
72,74,6.128
70,74,6.203
68,74,6.232
66,74,6.094
64,74,5.841
62,74,5.624
60,74,5.526
58,74,5.555
56,74,5.690
54,74,5.830
52,74,5.882
50,74,5.859
48,74,5.818
46,74,5.782
44,74,5.746
42,74,5.707
40,74,5.715
38,74,5.755
36,74,5.811
34,74,5.831
32,74,5.814
30,74,5.814
28,74,5.885
26,74,5.964
24,74,5.997
22,74,5.985
20,74,5.955
18,74,5.929
16,74,5.938
14,74,5.988
12,74,6.079
10,74,6.169
8,74,6.223
6,74,6.240
4,74,6.263
2,74,6.322
0,74,6.383
0,76,6.227
2,76,6.234
4,76,6.223
6,76,6.193
8,76,6.154
10,76,6.117
12,76,6.092
14,76,6.091
16,76,6.091
18,76,6.076
20,76,6.040
22,76,5.978
24,76,5.914
26,76,5.860
28,76,5.829
30,76,5.838
32,76,5.869
34,76,5.903
36,76,5.933
38,76,5.931
40,76,5.888
42,76,5.824
44,76,5.770
46,76,5.777
48,76,5.805
50,76,5.796
52,76,5.746
54,76,5.693
56,76,5.670
58,76,5.691
60,76,5.729
62,76,5.763
64,76,5.774
66,76,5.802
68,76,5.772
70,76,5.628
72,76,5.465
74,76,5.391
76,76,5.460
78,76,5.677
80,76,5.939
82,76,6.039
84,76,5.983
86,76,5.888
88,76,5.870
90,76,5.935
92,76,5.972
94,76,5.925
96,76,5.793
98,76,5.653
100,76,5.532
102,76,5.474
104,76,5.494
106,76,5.589
108,76,5.774
110,76,5.989
112,76,6.182
114,76,6.283
116,76,6.296
118,76,6.236
120,76,6.131
122,76,5.985
124,76,5.802
126,76,5.668
128,76,5.597
130,76,5.651
132,76,5.850
134,76,6.145
136,76,6.448
138,76,6.694
140,76,6.821
142,76,6.810
144,76,6.661
146,76,6.348
148,76,5.882
150,76,5.302
150,78,5.869
148,78,6.133
146,78,6.360
144,78,6.532
142,78,6.638
140,78,6.665
138,78,6.612
136,78,6.456
134,78,6.187
132,78,5.829
130,78,5.413
128,78,4.992
126,78,4.633
124,78,4.397
122,78,4.319
120,78,4.395
118,78,4.589
116,78,4.872
114,78,5.164
112,78,5.434
110,78,5.626
108,78,5.744
106,78,5.751
104,78,5.629
102,78,5.410
100,78,5.154
98,78,4.929
96,78,4.769
94,78,4.712
92,78,4.774
90,78,4.940
88,78,5.147
86,78,5.333
84,78,5.473
82,78,5.554
80,78,5.574
78,78,5.531
76,78,5.474
74,78,5.431
72,78,5.420
70,78,5.426
68,78,5.374
66,78,5.179
64,78,4.938
62,78,4.770
60,78,4.741
58,78,4.832
56,78,4.988
54,78,5.130
52,78,5.186
50,78,5.177
48,78,5.120
46,78,5.041
44,78,4.924
42,78,4.825
40,78,4.825
38,78,4.901
36,78,4.964
34,78,4.993
32,78,5.001
30,78,5.053
28,78,5.157
26,78,5.294
24,78,5.376
22,78,5.363
20,78,5.276
18,78,5.145
16,78,5.097
14,78,5.163
12,78,5.286
10,78,5.386
8,78,5.421
6,78,5.391
4,78,5.384
2,78,5.424
0,78,5.485
0,80,5.158
2,80,5.155
4,80,5.133
6,80,5.107
8,80,5.087
10,80,5.075
12,80,5.083
14,80,5.130
16,80,5.169
18,80,5.190
20,80,5.180
22,80,5.126
24,80,5.044
26,80,4.968
28,80,4.946
30,80,5.015
32,80,5.142
34,80,5.252
36,80,5.304
38,80,5.289
40,80,5.196
42,80,5.093
44,80,5.015
46,80,4.977
48,80,4.967
50,80,4.950
52,80,4.891
54,80,4.803
56,80,4.773
58,80,4.842
60,80,4.942
62,80,5.026
64,80,5.092
66,80,5.126
68,80,5.076
70,80,4.933
72,80,4.775
74,80,4.649
76,80,4.653
78,80,4.819
80,80,5.090
82,80,5.258
84,80,5.293
86,80,5.289
88,80,5.306
90,80,5.375
92,80,5.422
94,80,5.403
96,80,5.295
98,80,5.124
100,80,4.895
102,80,4.644
104,80,4.451
106,80,4.391
108,80,4.483
110,80,4.691
112,80,4.981
114,80,5.257
116,80,5.387
118,80,5.317
120,80,5.035
122,80,4.568
124,80,4.016
126,80,3.530
128,80,3.217
130,80,3.124
132,80,3.319
134,80,3.760
136,80,4.364
138,80,5.035
140,80,5.606
142,80,5.983
144,80,6.154
146,80,6.170
148,80,6.119
150,80,6.016
150,82,5.636
148,82,5.644
146,82,5.656
144,82,5.663
142,82,5.638
140,82,5.525
138,82,5.285
136,82,4.872
134,82,4.354
132,82,3.772
130,82,3.213
128,82,2.764
126,82,2.441
124,82,2.303
122,82,2.351
120,82,2.587
118,82,2.999
116,82,3.515
114,82,4.070
112,82,4.558
110,82,4.894
108,82,5.023
106,82,4.942
104,82,4.732
102,82,4.475
100,82,4.249
98,82,4.091
96,82,4.019
94,82,4.037
92,82,4.130
90,82,4.296
88,82,4.482
86,82,4.645
84,82,4.791
82,82,4.923
80,82,4.985
78,82,4.993
76,82,4.960
74,82,4.927
72,82,4.872
70,82,4.806
68,82,4.711
66,82,4.577
64,82,4.439
62,82,4.386
60,82,4.432
58,82,4.522
56,82,4.574
54,82,4.561
52,82,4.509
50,82,4.426
48,82,4.324
46,82,4.201
44,82,4.061
42,82,3.904
40,82,3.755
38,82,3.675
36,82,3.720
34,82,3.840
32,82,3.966
30,82,4.074
28,82,4.200
26,82,4.334
24,82,4.403
22,82,4.374
20,82,4.233
18,82,4.078
16,82,4.052
14,82,4.166
12,82,4.361
10,82,4.460
8,82,4.416
6,82,4.325
4,82,4.248
2,82,4.201
0,82,4.227
0,84,3.923
2,84,3.931
4,84,3.921
6,84,3.923
8,84,3.967
10,84,4.011
12,84,4.075
14,84,4.148
16,84,4.230
18,84,4.296
20,84,4.319
22,84,4.241
24,84,4.098
26,84,3.976
28,84,3.921
30,84,3.957
32,84,4.086
34,84,4.244
36,84,4.321
38,84,4.330
40,84,4.247
42,84,4.128
44,84,4.031
46,84,3.946
48,84,3.843
50,84,3.725
52,84,3.649
54,84,3.678
56,84,3.790
58,84,3.953
60,84,4.086
62,84,4.200
64,84,4.307
66,84,4.412
68,84,4.465
70,84,4.465
72,84,4.429
74,84,4.354
76,84,4.302
78,84,4.341
80,84,4.463
82,84,4.579
84,84,4.662
86,84,4.704
88,84,4.749
90,84,4.752
92,84,4.713
94,84,4.629
96,84,4.472
98,84,4.286
100,84,4.098
102,84,3.907
104,84,3.779
106,84,3.748
108,84,3.807
110,84,3.957
112,84,4.202
114,84,4.465
116,84,4.621
118,84,4.552
120,84,4.221
122,84,3.651
124,84,3.013
126,84,2.374
128,84,1.931
130,84,1.746
132,84,1.836
134,84,2.198
136,84,2.773
138,84,3.436
140,84,4.080
142,84,4.522
144,84,4.711
146,84,4.700
148,84,4.621
150,84,4.575
150,86,4.058
148,86,4.040
146,86,4.064
144,86,4.108
142,86,4.134
140,86,4.111
138,86,3.954
136,86,3.641
134,86,3.220
132,86,2.726
130,86,2.240
128,86,1.826
126,86,1.563
124,86,1.479
122,86,1.611
120,86,1.931
118,86,2.357
116,86,2.837
114,86,3.272
112,86,3.629
110,86,3.899
108,86,4.058
106,86,4.110
104,86,4.039
102,86,3.895
100,86,3.739
98,86,3.580
96,86,3.412
94,86,3.259
92,86,3.167
90,86,3.149
88,86,3.219
86,86,3.373
84,86,3.523
82,86,3.663
80,86,3.837
78,86,4.048
76,86,4.255
74,86,4.394
72,86,4.445
70,86,4.450
68,86,4.441
66,86,4.423
64,86,4.431
62,86,4.468
60,86,4.509
58,86,4.529
56,86,4.484
54,86,4.344
52,86,4.126
50,86,3.909
48,86,3.724
46,86,3.585
44,86,3.443
42,86,3.223
40,86,2.929
38,86,2.696
36,86,2.632
34,86,2.731
32,86,2.895
30,86,3.084
28,86,3.294
26,86,3.461
24,86,3.519
22,86,3.517
20,86,3.411
18,86,3.279
16,86,3.296
14,86,3.561
12,86,3.879
10,86,3.992
8,86,3.898
6,86,3.753
4,86,3.582
2,86,3.380
0,86,3.258
0,88,3.093
2,88,3.127
4,88,3.172
6,88,3.249
8,88,3.356
10,88,3.479
12,88,3.597
14,88,3.702
16,88,3.803
18,88,3.891
20,88,3.921
22,88,3.820
24,88,3.603
26,88,3.353
28,88,3.205
30,88,3.212
32,88,3.315
34,88,3.415
36,88,3.446
38,88,3.436
40,88,3.346
42,88,3.203
44,88,3.035
46,88,2.887
48,88,2.728
50,88,2.596
52,88,2.610
54,88,2.800
56,88,3.071
58,88,3.314
60,88,3.469
62,88,3.589
64,88,3.766
66,88,3.983
68,88,4.206
70,88,4.355
72,88,4.417
74,88,4.400
76,88,4.361
78,88,4.327
80,88,4.311
82,88,4.314
84,88,4.330
86,88,4.290
88,88,4.135
90,88,3.861
92,88,3.576
94,88,3.334
96,88,3.130
98,88,2.912
100,88,2.753
102,88,2.713
104,88,2.837
106,88,3.075
108,88,3.334
110,88,3.547
112,88,3.682
114,88,3.738
116,88,3.676
118,88,3.463
120,88,3.163
122,88,2.787
124,88,2.383
126,88,1.972
128,88,1.560
130,88,1.351
132,88,1.449
134,88,1.817
136,88,2.358
138,88,2.920
140,88,3.353
142,88,3.590
144,88,3.611
146,88,3.513
148,88,3.394
150,88,3.323
150,90,3.117
148,90,3.140
146,90,3.225
144,90,3.303
142,90,3.404
140,90,3.454
138,90,3.420
136,90,3.286
134,90,3.011
132,90,2.638
130,90,2.205
128,90,1.802
126,90,1.505
124,90,1.357
122,90,1.370
120,90,1.497
118,90,1.714
116,90,1.966
114,90,2.212
112,90,2.476
110,90,2.748
108,90,3.041
106,90,3.270
104,90,3.391
102,90,3.418
100,90,3.332
98,90,3.114
96,90,2.795
94,90,2.459
92,90,2.159
90,90,1.978
88,90,1.987
86,90,2.143
84,90,2.370
82,90,2.683
80,90,3.037
78,90,3.414
76,90,3.728
74,90,3.929
72,90,4.001
70,90,4.015
68,90,3.971
66,90,3.931
64,90,3.946
62,90,3.947
60,90,3.974
58,90,3.993
56,90,3.966
54,90,3.823
52,90,3.616
50,90,3.413
48,90,3.258
46,90,3.172
44,90,3.080
42,90,2.916
40,90,2.663
38,90,2.376
36,90,2.201
34,90,2.246
32,90,2.453
30,90,2.722
28,90,2.970
26,90,3.133
24,90,3.183
22,90,3.162
20,90,3.067
18,90,2.923
16,90,2.961
14,90,3.256
12,90,3.570
10,90,3.728
8,90,3.702
6,90,3.613
4,90,3.446
2,90,3.208
0,90,3.024
0,92,2.945
2,92,2.986
4,92,3.038
6,92,3.131
8,92,3.252
10,92,3.388
12,92,3.492
14,92,3.565
16,92,3.613
18,92,3.651
20,92,3.635
22,92,3.503
24,92,3.285
26,92,3.041
28,92,2.862
30,92,2.866
32,92,2.986
34,92,3.068
36,92,3.096
38,92,3.093
40,92,3.027
42,92,2.865
44,92,2.600
46,92,2.347
48,92,2.152
50,92,2.095
52,92,2.219
54,92,2.486
56,92,2.760
58,92,2.935
60,92,3.034
62,92,3.123
64,92,3.281
66,92,3.500
68,92,3.710
70,92,3.851
72,92,3.877
74,92,3.834
76,92,3.787
78,92,3.770
80,92,3.770
82,92,3.789
84,92,3.808
86,92,3.758
88,92,3.585
90,92,3.269
92,92,2.831
94,92,2.421
96,92,2.049
98,92,1.788
100,92,1.649
102,92,1.738
104,92,2.033
106,92,2.440
108,92,2.796
110,92,3.027
112,92,3.086
114,92,2.998
116,92,2.745
118,92,2.392
120,92,1.978
122,92,1.650
124,92,1.401
126,92,1.217
128,92,1.130
130,92,1.213
132,92,1.489
134,92,1.922
136,92,2.421
138,92,2.833
140,92,3.097
142,92,3.178
144,92,3.153
146,92,3.073
148,92,2.965
150,92,2.911
150,94,2.800
148,94,2.810
146,94,2.835
144,94,2.872
142,94,2.917
140,94,2.927
138,94,2.909
136,94,2.834
134,94,2.679
132,94,2.449
130,94,2.173
128,94,1.849
126,94,1.538
124,94,1.278
122,94,1.128
120,94,1.083
118,94,1.118
116,94,1.251
114,94,1.460
112,94,1.715
110,94,1.994
108,94,2.236
106,94,2.418
104,94,2.526
102,94,2.547
100,94,2.496
98,94,2.379
96,94,2.165
94,94,1.933
92,94,1.710
90,94,1.580
88,94,1.590
86,94,1.739
84,94,1.985
82,94,2.265
80,94,2.562
78,94,2.805
76,94,2.955
74,94,3.025
72,94,3.008
70,94,2.949
68,94,2.890
66,94,2.851
64,94,2.842
62,94,2.870
60,94,2.937
58,94,2.996
56,94,3.049
54,94,3.071
52,94,3.041
50,94,2.980
48,94,2.939
46,94,2.941
44,94,2.932
42,94,2.848
40,94,2.641
38,94,2.396
36,94,2.277
34,94,2.338
32,94,2.514
30,94,2.716
28,94,2.878
26,94,2.991
24,94,3.044
22,94,2.990
20,94,2.864
18,94,2.714
16,94,2.726
14,94,2.925
12,94,3.195
10,94,3.348
8,94,3.380
6,94,3.358
4,94,3.205
2,94,2.986
0,94,2.868
0,96,2.913
2,96,2.921
4,96,2.925
6,96,2.959
8,96,3.035
10,96,3.143
12,96,3.259
14,96,3.329
16,96,3.328
18,96,3.312
20,96,3.269
22,96,3.154
24,96,2.966
26,96,2.766
28,96,2.648
30,96,2.651
32,96,2.772
34,96,2.895
36,96,2.953
38,96,2.949
40,96,2.890
42,96,2.777
44,96,2.615
46,96,2.424
48,96,2.251
50,96,2.179
52,96,2.272
54,96,2.498
56,96,2.713
58,96,2.823
60,96,2.830
62,96,2.826
64,96,2.855
66,96,2.920
68,96,2.969
70,96,2.964
72,96,2.885
74,96,2.787
76,96,2.727
78,96,2.682
80,96,2.668
82,96,2.689
84,96,2.743
86,96,2.769
88,96,2.716
90,96,2.562
92,96,2.333
94,96,2.029
96,96,1.717
98,96,1.499
100,96,1.390
102,96,1.428
104,96,1.603
106,96,1.826
108,96,1.999
110,96,2.083
112,96,2.107
114,96,2.070
116,96,1.972
118,96,1.790
120,96,1.557
122,96,1.337
124,96,1.158
126,96,1.072
128,96,1.115
130,96,1.264
132,96,1.487
134,96,1.755
136,96,2.007
138,96,2.200
140,96,2.319
142,96,2.373
144,96,2.391
146,96,2.395
148,96,2.393
150,96,2.398
150,98,2.103
148,98,2.063
146,98,2.027
144,98,1.992
142,98,1.976
140,98,1.943
138,98,1.907
136,98,1.861
134,98,1.799
132,98,1.713
130,98,1.612
128,98,1.493
126,98,1.377
124,98,1.284
122,98,1.214
120,98,1.180
118,98,1.187
116,98,1.224
114,98,1.283
112,98,1.354
110,98,1.416
108,98,1.446
106,98,1.461
104,98,1.450
102,98,1.433
100,98,1.410
98,98,1.389
96,98,1.364
94,98,1.338
92,98,1.316
90,98,1.350
88,98,1.452
86,98,1.617
84,98,1.822
82,98,2.016
80,98,2.176
78,98,2.283
76,98,2.340
74,98,2.355
72,98,2.335
70,98,2.307
68,98,2.273
66,98,2.253
64,98,2.267
62,98,2.324
60,98,2.403
58,98,2.503
56,98,2.580
54,98,2.625
52,98,2.639
50,98,2.626
48,98,2.610
46,98,2.611
44,98,2.619
42,98,2.538
40,98,2.335
38,98,2.176
36,98,2.183
34,98,2.372
32,98,2.615
30,98,2.846
28,98,2.984
26,98,3.098
24,98,3.181
22,98,3.192
20,98,3.114
18,98,2.995
16,98,2.972
14,98,3.092
12,98,3.277
10,98,3.380
8,98,3.420
6,98,3.407
4,98,3.310
2,98,3.215
0,98,3.284
0,100,3.570
2,100,3.546
4,100,3.465
6,100,3.400
8,100,3.370
10,100,3.390
12,100,3.421
14,100,3.446
16,100,3.440
18,100,3.417
20,100,3.368
22,100,3.275
24,100,3.133
26,100,2.994
28,100,2.928
30,100,2.944
32,100,3.028
34,100,3.093
36,100,3.108
38,100,3.069
40,100,2.977
42,100,2.853
44,100,2.705
46,100,2.502
48,100,2.254
50,100,2.078
52,100,2.055
54,100,2.191
56,100,2.384
58,100,2.485
60,100,2.487
62,100,2.467
64,100,2.481
66,100,2.489
68,100,2.466
70,100,2.420
72,100,2.347
74,100,2.234
76,100,2.143
78,100,2.102
80,100,2.117
82,100,2.111
84,100,2.122
86,100,2.155
88,100,2.157
90,100,2.111
92,100,2.014
94,100,1.860
96,100,1.645
98,100,1.416
100,100,1.247
102,100,1.169
104,100,1.126
106,100,1.103
108,100,1.093
110,100,1.078
112,100,1.075
114,100,1.083
116,100,1.078
118,100,1.058
120,100,1.062
122,100,1.034
124,100,1.010
126,100,1.000
128,100,1.012
130,100,1.048
132,100,1.097
134,100,1.153
136,100,1.207
138,100,1.254
140,100,1.299
142,100,1.328
144,100,1.358
146,100,1.385
148,100,1.417
150,100,1.468
150,102,1.176
148,102,1.119
146,102,1.076
144,102,1.044
142,102,1.021
140,102,1.000
138,102,9.819
136,102,9.651
134,102,9.489
132,102,9.307
130,102,9.171
128,102,9.058
126,102,9.027
124,102,8.985
122,102,9.000
120,102,9.050
118,102,9.218
116,102,9.358
114,102,9.375
112,102,9.462
110,102,9.500
108,102,9.595
106,102,9.708
104,102,9.968
102,102,1.048
100,102,1.098
98,102,1.185
96,102,1.291
94,102,1.402
92,102,1.531
90,102,1.671
88,102,1.813
86,102,1.989
84,102,2.174
82,102,2.332
80,102,2.451
78,102,2.533
76,102,2.566
74,102,2.598
72,102,2.615
70,102,2.594
68,102,2.567
66,102,2.552
64,102,2.582
62,102,2.674
60,102,2.803
58,102,2.943
56,102,3.039
54,102,3.055
52,102,2.985
50,102,2.840
48,102,2.735
46,102,2.736
44,102,2.726
42,102,2.650
40,102,2.547
38,102,2.506
36,102,2.584
34,102,2.811
32,102,3.063
30,102,3.235
28,102,3.362
26,102,3.520
24,102,3.700
22,102,3.807
20,102,3.801
18,102,3.732
16,102,3.764
14,102,3.898
12,102,4.049
10,102,4.093
8,102,4.084
6,102,4.081
4,102,4.104
2,102,4.175
0,102,4.371
0,104,4.808
2,104,4.755
4,104,4.649
6,104,4.517
8,104,4.405
10,104,4.331
12,104,4.279
14,104,4.232
16,104,4.200
18,104,4.179
20,104,4.157
22,104,4.090
24,104,3.971
26,104,3.827
28,104,3.701
30,104,3.671
32,104,3.706
34,104,3.714
36,104,3.649
38,104,3.501
40,104,3.331
42,104,3.193
44,104,3.065
46,104,2.883
48,104,2.623
50,104,2.404
52,104,2.305
54,104,2.338
56,104,2.443
58,104,2.514
60,104,2.522
62,104,2.522
64,104,2.626
66,104,2.773
68,104,2.844
70,104,2.809
72,104,2.712
74,104,2.594
76,104,2.461
78,104,2.380
80,104,2.365
82,104,2.381
84,104,2.426
86,104,2.412
88,104,2.394
90,104,2.347
92,104,2.278
94,104,2.140
96,104,1.995
98,104,1.845
100,104,1.676
102,104,1.532
104,104,1.417
106,104,1.310
108,104,1.196
110,104,1.098
112,104,1.054
114,104,1.012
116,104,9.935
118,104,9.673
120,104,9.564
122,104,9.607
124,104,9.600
126,104,9.408
128,104,9.117
130,104,9.056
132,104,8.889
134,104,9.027
136,104,8.946
138,104,8.906
140,104,8.901
142,104,9.049
144,104,9.147
146,104,9.249
148,104,9.445
150,104,9.787
150,106,1.076
148,106,1.077
146,106,1.081
144,106,1.088
142,106,1.128
140,106,1.161
138,106,1.184
136,106,1.204
134,106,1.210
132,106,1.224
130,106,1.241
128,106,1.258
126,106,1.271
124,106,1.306
122,106,1.360
120,106,1.410
118,106,1.466
116,106,1.494
114,106,1.551
112,106,1.604
110,106,1.611
108,106,1.622
106,106,1.677
104,106,1.727
102,106,1.800
100,106,1.959
98,106,2.065
96,106,2.195
94,106,2.335
92,106,2.385
90,106,2.418
88,106,2.463
86,106,2.484
84,106,2.556
82,106,2.698
80,106,2.863
78,106,3.000
76,106,3.160
74,106,3.254
72,106,3.275
70,106,3.215
68,106,3.153
66,106,3.184
64,106,3.310
62,106,3.457
60,106,3.709
58,106,3.926
56,106,4.004
54,106,3.943
52,106,3.739
50,106,3.506
48,106,3.392
46,106,3.426
44,106,3.483
42,106,3.513
40,106,3.475
38,106,3.488
36,106,3.632
34,106,3.874
32,106,4.070
30,106,4.134
28,106,4.226
26,106,4.433
24,106,4.669
22,106,4.814
20,106,4.855
18,106,4.870
16,106,4.993
14,106,5.216
12,106,5.356
10,106,5.374
8,106,5.338
6,106,5.338
4,106,5.394
2,106,5.539
0,106,5.775
0,108,6.233
2,108,6.180
4,108,6.061
6,108,5.929
8,108,5.802
10,108,5.687
12,108,5.587
14,108,5.528
16,108,5.480
18,108,5.461
20,108,5.459
22,108,5.421
24,108,5.290
26,108,5.099
28,108,4.885
30,108,4.787
32,108,4.750
34,108,4.711
36,108,4.584
38,108,4.383
40,108,4.164
42,108,3.979
44,108,3.865
46,108,3.754
48,108,3.556
50,108,3.308
52,108,3.168
54,108,3.148
56,108,3.179
58,108,3.174
60,108,3.108
62,108,3.090
64,108,3.159
66,108,3.384
68,108,3.637
70,108,3.729
72,108,3.594
74,108,3.370
76,108,3.169
78,108,3.005
80,108,2.941
82,108,2.956
84,108,3.061
86,108,3.054
88,108,3.007
90,108,2.862
92,108,2.642
94,108,2.459
96,108,2.376
98,108,2.362
100,108,2.352
102,108,2.442
104,108,2.394
106,108,2.294
108,108,2.162
110,108,2.042
112,108,1.924
114,108,1.841
116,108,1.797
118,108,1.778
120,108,1.785
122,108,1.786
124,108,1.774
126,108,1.687
128,108,1.643
130,108,1.598
132,108,1.579
134,108,1.557
136,108,1.560
138,108,1.625
140,108,1.617
142,108,1.605
144,108,1.599
146,108,1.575
148,108,1.564
150,108,1.535
150,110,2.030
148,110,1.975
146,110,2.021
144,110,2.118
142,110,2.201
140,110,2.262
138,110,2.233
136,110,2.246
134,110,2.274
132,110,2.282
130,110,2.252
128,110,2.245
126,110,2.274
124,110,2.333
122,110,2.420
120,110,2.505
118,110,2.593
116,110,2.651
114,110,2.702
112,110,2.746
110,110,2.738
108,110,2.725
106,110,2.765
104,110,2.870
102,110,3.003
100,110,3.184
98,110,3.373
96,110,3.514
94,110,3.588
92,110,3.558
90,110,3.480
88,110,3.400
86,110,3.325
84,110,3.318
82,110,3.484
80,110,3.741
78,110,4.042
76,110,4.310
74,110,4.460
72,110,4.436
70,110,4.305
68,110,4.227
66,110,4.302
64,110,4.500
62,110,4.798
60,110,5.100
58,110,5.310
56,110,5.345
54,110,5.203
52,110,4.971
50,110,4.773
48,110,4.747
46,110,4.863
44,110,5.008
42,110,5.081
40,110,5.105
38,110,5.190
36,110,5.349
34,110,5.476
32,110,5.529
30,110,5.541
28,110,5.602
26,110,5.796
24,110,6.042
22,110,6.198
20,110,6.242
18,110,6.270
16,110,6.412
14,110,6.638
12,110,6.795
10,110,6.811
8,110,6.776
6,110,6.780
4,110,6.824
2,110,6.928
0,110,7.107
0,112,7.444
2,112,7.398
4,112,7.318
6,112,7.220
8,112,7.132
10,112,7.037
12,112,6.973
14,112,6.916
16,112,6.892
18,112,6.891
20,112,6.882
22,112,6.814
24,112,6.688
26,112,6.495
28,112,6.299
30,112,6.173
32,112,6.113
34,112,6.046
36,112,5.921
38,112,5.716
40,112,5.491
42,112,5.311
44,112,5.219
46,112,5.175
48,112,5.114
50,112,4.968
52,112,4.791
54,112,4.676
56,112,4.670
58,112,4.606
60,112,4.467
62,112,4.328
64,112,4.353
66,112,4.581
68,112,4.857
70,112,5.009
72,112,4.945
74,112,4.716
76,112,4.405
78,112,4.119
80,112,3.972
82,112,3.989
84,112,4.117
86,112,4.185
88,112,4.145
90,112,3.869
92,112,3.524
94,112,3.248
96,112,3.123
98,112,3.123
100,112,3.338
102,112,3.518
104,112,3.568
106,112,3.573
108,112,3.392
110,112,3.166
112,112,2.968
114,112,2.864
116,112,2.775
118,112,2.775
120,112,2.867
122,112,2.920
124,112,2.934
126,112,2.849
128,112,2.718
130,112,2.594
132,112,2.494
134,112,2.490
136,112,2.616
138,112,2.750
140,112,2.953
142,112,3.390
144,112,3.535
146,112,3.565
148,112,3.660
150,112,3.839
150,114,4.415
148,114,4.123
146,114,4.275
144,114,4.125
142,114,3.942
140,114,3.776
138,114,3.759
136,114,3.724
134,114,3.630
132,114,3.467
130,114,3.457
128,114,3.467
126,114,3.509
124,114,3.571
122,114,3.699
120,114,3.910
118,114,4.045
116,114,4.130
114,114,4.148
112,114,4.090
110,114,4.015
108,114,3.998
106,114,4.079
104,114,4.246
102,114,4.442
100,114,4.698
98,114,4.911
96,114,5.057
94,114,5.077
92,114,4.990
90,114,4.828
88,114,4.627
86,114,4.510
84,114,4.543
82,114,4.776
80,114,5.091
78,114,5.438
76,114,5.728
74,114,5.833
72,114,5.777
70,114,5.677
68,114,5.628
66,114,5.722
64,114,5.940
62,114,6.204
60,114,6.481
58,114,6.636
56,114,6.620
54,114,6.502
52,114,6.360
50,114,6.270
48,114,6.345
46,114,6.515
44,114,6.660
42,114,6.731
40,114,6.768
38,114,6.824
36,114,6.911
34,114,6.956
32,114,6.950
30,114,6.972
28,114,7.045
26,114,7.176
24,114,7.340
22,114,7.420
20,114,7.414
18,114,7.413
16,114,7.493
14,114,7.637
12,114,7.743
10,114,7.772
8,114,7.783
6,114,7.797
4,114,7.830
2,114,7.877
0,114,7.948
0,116,8.102
2,116,8.079
4,116,8.049
6,116,8.008
8,116,7.966
10,116,7.927
12,116,7.893
14,116,7.859
16,116,7.828
18,116,7.811
20,116,7.785
22,116,7.739
24,116,7.638
26,116,7.504
28,116,7.387
30,116,7.326
32,116,7.304
34,116,7.293
36,116,7.218
38,116,7.055
40,116,6.880
42,116,6.766
44,116,6.702
46,116,6.687
48,116,6.652
50,116,6.581
52,116,6.484
54,116,6.400
56,116,6.338
58,116,6.276
60,116,6.114
62,116,5.934
64,116,5.887
66,116,5.987
68,116,6.159
70,116,6.299
72,116,6.315
74,116,6.148
76,116,5.807
78,116,5.513
80,116,5.289
82,116,5.268
84,116,5.435
86,116,5.590
88,116,5.548
90,116,5.270
92,116,4.868
94,116,4.497
96,116,4.352
98,116,4.387
100,116,4.638
102,116,4.903
104,116,5.078
106,116,5.111
108,116,4.955
110,116,4.678
112,116,4.465
114,116,4.268
116,116,4.079
118,116,4.120
120,116,4.245
122,116,4.374
124,116,4.396
126,116,4.304
128,116,4.172
130,116,3.958
132,116,3.917
134,116,3.961
136,116,4.225
138,116,4.548
140,116,4.918
142,116,5.262
144,116,5.462
146,116,5.431
148,116,5.730
150,116,5.393
150,118,6.425
148,118,6.211
146,118,5.835
144,118,5.832
142,118,5.800
140,118,5.624
138,118,5.473
136,118,5.286
134,118,5.138
132,118,5.044
130,118,4.963
128,118,4.945
126,118,4.976
124,118,5.074
122,118,5.222
120,118,5.372
118,118,5.441
116,118,5.481
114,118,5.482
112,118,5.450
110,118,5.392
108,118,5.418
106,118,5.541
104,118,5.735
102,118,5.959
100,118,6.198
98,118,6.397
96,118,6.503
94,118,6.505
92,118,6.389
90,118,6.223
88,118,6.084
86,118,6.065
84,118,6.105
82,118,6.272
80,118,6.551
78,118,6.807
76,118,6.995
74,118,7.072
72,118,7.038
70,118,6.966
68,118,6.965
66,118,7.038
64,118,7.166
62,118,7.347
60,118,7.481
58,118,7.552
56,118,7.552
54,118,7.513
52,118,7.456
50,118,7.426
48,118,7.447
46,118,7.544
44,118,7.644
42,118,7.723
40,118,7.780
38,118,7.827
36,118,7.850
34,118,7.856
32,118,7.861
30,118,7.881
28,118,7.921
26,118,7.992
24,118,8.034
22,118,8.006
20,118,7.896
18,118,7.771
16,118,7.767
14,118,7.923
12,118,8.094
10,118,8.191
8,118,8.231
6,118,8.251
4,118,8.266
2,118,8.282
0,118,8.301
0,120,8.343
2,120,8.342
4,120,8.335
6,120,8.323
8,120,8.311
10,120,8.297
12,120,8.281
14,120,8.265
16,120,8.245
18,120,8.216
20,120,8.163
22,120,8.071
24,120,7.939
26,120,7.801
28,120,7.736
30,120,7.775
32,120,7.868
34,120,7.942
36,120,7.958
38,120,7.924
40,120,7.853
42,120,7.783
44,120,7.736
46,120,7.718
48,120,7.714
50,120,7.695
52,120,7.645
54,120,7.591
56,120,7.539
58,120,7.457
60,120,7.333
62,120,7.224
64,120,7.186
66,120,7.212
68,120,7.283
70,120,7.345
72,120,7.338
74,120,7.223
76,120,7.054
78,120,6.870
80,120,6.721
82,120,6.712
84,120,6.796
86,120,6.855
88,120,6.828
90,120,6.658
92,120,6.388
94,120,6.143
96,120,6.026
98,120,6.031
100,120,6.175
102,120,6.357
104,120,6.512
106,120,6.543
108,120,6.409
110,120,6.196
112,120,5.956
114,120,5.722
116,120,5.587
118,120,5.522
120,120,5.575
122,120,5.625
124,120,5.664
126,120,5.651
128,120,5.593
130,120,5.531
132,120,5.492
134,120,5.639
136,120,5.930
138,120,6.250
140,120,6.562
142,120,6.829
144,120,7.021
146,120,7.169
148,120,7.184
150,120,7.177
150,122,7.541
148,122,7.496
146,122,7.400
144,122,7.355
142,122,7.302
140,122,7.084
138,122,6.941
136,122,6.718
134,122,6.642
132,122,6.435
130,122,6.379
128,122,6.312
126,122,6.287
124,122,6.334
122,122,6.317
120,122,6.237
118,122,6.152
116,122,6.070
114,122,6.027
112,122,6.064
110,122,6.202
108,122,6.408
106,122,6.651
104,122,6.893
102,122,7.105
100,122,7.253
98,122,7.339
96,122,7.358
94,122,7.343
92,122,7.297
90,122,7.251
88,122,7.238
86,122,7.265
84,122,7.342
82,122,7.448
80,122,7.574
78,122,7.690
76,122,7.753
74,122,7.779
72,122,7.795
70,122,7.802
68,122,7.808
66,122,7.842
64,122,7.892
62,122,7.933
60,122,7.966
58,122,7.991
56,122,8.001
54,122,7.990
52,122,7.956
50,122,7.898
48,122,7.869
46,122,7.900
44,122,7.971
42,122,8.052
40,122,8.117
38,122,8.148
36,122,8.158
34,122,8.158
32,122,8.160
30,122,8.175
28,122,8.202
26,122,8.221
24,122,8.171
22,122,7.932
20,122,7.428
18,122,6.960
16,122,6.949
14,122,7.427
12,122,7.978
10,122,8.251
8,122,8.337
6,122,8.364
4,122,8.378
2,122,8.385
0,122,8.390
0,124,8.396
2,124,8.398
4,124,8.396
6,124,8.392
8,124,8.386
10,124,8.378
12,124,8.368
14,124,8.355
16,124,8.331
18,124,8.279
20,124,8.164
22,124,7.901
24,124,7.473
26,124,7.071
28,124,6.901
30,124,7.075
32,124,7.484
34,124,7.892
36,124,8.117
38,124,8.179
40,124,8.169
42,124,8.139
44,124,8.113
46,124,8.090
48,124,8.086
50,124,8.082
52,124,8.073
54,124,8.040
56,124,7.962
58,124,7.873
60,124,7.791
62,124,7.760
64,124,7.788
66,124,7.835
68,124,7.872
70,124,7.876
72,124,7.872
74,124,7.843
76,124,7.775
78,124,7.711
80,124,7.674
82,124,7.653
84,124,7.656
86,124,7.673
88,124,7.654
90,124,7.590
92,124,7.464
94,124,7.348
96,124,7.268
98,124,7.215
100,124,7.193
102,124,7.226
104,124,7.306
106,124,7.337
108,124,7.336
110,124,7.254
112,124,7.079
114,124,6.828
116,124,6.520
118,124,6.246
120,124,6.080
122,124,6.052
124,124,6.221
126,124,6.446
128,124,6.712
130,124,7.081
132,124,7.270
134,124,7.340
136,124,7.412
138,124,7.703
140,124,7.864
142,124,7.903
144,124,7.981
146,124,8.042
148,124,8.067
150,124,8.067
150,126,8.221
148,126,8.181
146,126,8.228
144,126,8.232
142,126,8.148
140,126,8.117
138,126,7.958
136,126,7.799
134,126,7.698
132,126,7.599
130,126,7.470
128,126,7.365
126,126,7.192
124,126,6.975
122,126,6.689
120,126,6.398
118,126,6.137
116,126,5.982
114,126,5.971
112,126,6.105
110,126,6.370
108,126,6.746
106,126,7.141
104,126,7.454
102,126,7.629
100,126,7.684
98,126,7.641
96,126,7.526
94,126,7.377
92,126,7.267
90,126,7.246
88,126,7.334
86,126,7.505
84,126,7.707
82,126,7.860
80,126,7.953
78,126,8.013
76,126,8.046
74,126,8.068
72,126,8.078
70,126,8.088
68,126,8.101
66,126,8.113
64,126,8.117
62,126,8.113
60,126,8.116
58,126,8.115
56,126,8.117
54,126,8.118
52,126,8.088
50,126,8.028
48,126,7.992
46,126,8.008
44,126,8.072
42,126,8.154
40,126,8.212
38,126,8.231
36,126,8.235
34,126,8.234
32,126,8.241
30,126,8.254
28,126,8.268
26,126,8.246
24,126,8.066
22,126,7.461
20,126,6.572
18,126,5.956
16,126,6.038
14,126,6.829
12,126,7.769
10,126,8.224
8,126,8.344
6,126,8.378
4,126,8.393
2,126,8.401
0,126,8.404
0,128,8.402
2,128,8.405
4,128,8.404
6,128,8.402
8,128,8.397
10,128,8.389
12,128,8.380
14,128,8.365
16,128,8.336
18,128,8.264
20,128,8.064
22,128,7.611
24,128,6.889
26,128,6.207
28,128,5.891
30,128,6.061
32,128,6.665
34,128,7.420
36,128,7.979
38,128,8.196
40,128,8.240
42,128,8.235
44,128,8.210
46,128,8.199
48,128,8.194
50,128,8.193
52,128,8.186
54,128,8.157
56,128,8.084
58,128,7.987
60,128,7.919
62,128,7.909
64,128,7.955
66,128,8.016
68,128,8.048
70,128,8.051
72,128,8.049
74,128,8.041
76,128,8.040
78,128,8.034
80,128,8.025
82,128,8.010
84,128,7.998
86,128,7.991
88,128,7.971
90,128,7.939
92,128,7.882
94,128,7.752
96,128,7.556
98,128,7.323
100,128,7.149
102,128,7.117
104,128,7.226
106,128,7.413
108,128,7.586
110,128,7.642
112,128,7.557
114,128,7.306
116,128,6.904
118,128,6.567
120,128,6.316
122,128,6.314
124,128,6.747
126,128,7.195
128,128,7.096
130,128,7.570
132,128,7.887
134,128,8.012
136,128,8.085
138,128,8.193
140,128,8.316
142,128,8.338
144,128,8.311
146,128,8.403
148,128,8.407
150,128,8.395
150,130,8.447
148,130,8.451
146,130,8.421
144,130,8.404
142,130,8.357
140,130,8.353
138,130,8.331
136,130,8.185
134,130,8.201
132,130,8.003
130,130,7.893
128,130,7.686
126,130,7.419
124,130,7.114
122,130,6.836
120,130,6.503
118,130,6.136
116,130,5.981
114,130,6.007
112,130,6.203
110,130,6.538
108,130,6.964
106,130,7.372
104,130,7.642
102,130,7.727
100,130,7.646
98,130,7.420
96,130,7.138
94,130,6.874
92,130,6.734
90,130,6.756
88,130,6.938
86,130,7.252
84,130,7.602
82,130,7.877
80,130,8.018
78,130,8.079
76,130,8.109
74,130,8.127
72,130,8.143
70,130,8.156
68,130,8.164
66,130,8.170
64,130,8.167
62,130,8.160
60,130,8.150
58,130,8.146
56,130,8.154
54,130,8.161
52,130,8.151
50,130,8.127
48,130,8.111
46,130,8.125
44,130,8.173
42,130,8.225
40,130,8.249
38,130,8.259
36,130,8.266
34,130,8.268
32,130,8.275
30,130,8.289
28,130,8.292
26,130,8.236
24,130,7.953
22,130,7.197
20,130,6.260
18,130,5.737
16,130,5.933
14,130,6.828
12,130,7.799
10,130,8.236
8,130,8.341
6,130,8.369
4,130,8.385
2,130,8.395
0,130,8.402
0,132,8.398
2,132,8.403
4,132,8.401
6,132,8.396
8,132,8.388
10,132,8.377
12,132,8.368
14,132,8.354
16,132,8.332
18,132,8.270
20,132,8.087
22,132,7.631
24,132,6.852
26,132,6.074
28,132,5.640
30,132,5.723
32,132,6.272
34,132,7.088
36,132,7.811
38,132,8.157
40,132,8.249
42,132,8.264
44,132,8.253
46,132,8.240
48,132,8.229
50,132,8.226
52,132,8.223
54,132,8.202
56,132,8.162
58,132,8.096
60,132,8.039
62,132,8.026
64,132,8.052
66,132,8.092
68,132,8.102
70,132,8.095
72,132,8.089
74,132,8.094
76,132,8.098
78,132,8.106
80,132,8.105
82,132,8.092
84,132,8.081
86,132,8.058
88,132,8.037
90,132,8.012
92,132,7.939
94,132,7.753
96,132,7.401
98,132,6.999
100,132,6.700
102,132,6.611
104,132,6.724
106,132,7.020
108,132,7.365
110,132,7.624
112,132,7.704
114,132,7.551
116,132,7.201
118,132,6.892
120,132,6.712
122,132,6.654
124,132,6.794
126,132,7.101
128,132,7.315
130,132,7.861
132,132,8.169
134,132,8.279
136,132,8.387
138,132,8.431
140,132,8.449
142,132,8.471
144,132,8.469
146,132,8.481
148,132,8.489
150,132,8.487
150,134,8.484
148,134,8.502
146,134,8.497
144,134,8.481
142,134,8.463
140,134,8.448
138,134,8.424
136,134,8.349
134,134,8.323
132,134,8.211
130,134,8.028
128,134,7.962
126,134,7.760
124,134,7.389
122,134,6.991
120,134,6.719
118,134,6.537
116,134,6.456
114,134,6.528
112,134,6.731
110,134,7.049
108,134,7.382
106,134,7.644
104,134,7.755
102,134,7.712
100,134,7.502
98,134,7.174
96,134,6.840
94,134,6.586
92,134,6.469
90,134,6.549
88,134,6.792
86,134,7.170
84,134,7.585
82,134,7.893
80,134,8.031
78,134,8.085
76,134,8.114
74,134,8.131
72,134,8.145
70,134,8.163
68,134,8.174
66,134,8.182
64,134,8.182
62,134,8.176
60,134,8.171
58,134,8.171
56,134,8.175
54,134,8.184
52,134,8.190
50,134,8.191
48,134,8.196
46,134,8.208
44,134,8.229
42,134,8.248
40,134,8.259
38,134,8.269
36,134,8.275
34,134,8.280
32,134,8.288
30,134,8.293
28,134,8.290
26,134,8.241
24,134,8.009
22,134,7.415
20,134,6.695
18,134,6.323
16,134,6.622
14,134,7.391
12,134,8.027
10,134,8.253
8,134,8.302
6,134,8.327
4,134,8.359
2,134,8.381
0,134,8.392
0,136,8.389
2,136,8.391
4,136,8.388
6,136,8.380
8,136,8.364
10,136,8.345
12,136,8.322
14,136,8.306
16,136,8.291
18,136,8.263
20,136,8.175
22,136,7.913
24,136,7.385
26,136,6.712
28,136,6.250
30,136,6.190
32,136,6.580
34,136,7.231
36,136,7.842
38,136,8.157
40,136,8.253
42,136,8.268
44,136,8.260
46,136,8.251
48,136,8.245
50,136,8.238
52,136,8.225
54,136,8.216
56,136,8.198
58,136,8.170
60,136,8.137
62,136,8.127
64,136,8.123
66,136,8.118
68,136,8.116
70,136,8.104
72,136,8.104
74,136,8.101
76,136,8.106
78,136,8.106
80,136,8.104
82,136,8.093
84,136,8.073
86,136,8.057
88,136,8.031
90,136,8.007
92,136,7.942
94,136,7.762
96,136,7.389
98,136,6.927
100,136,6.583
102,136,6.446
104,136,6.536
106,136,6.816
108,136,7.224
110,136,7.582
112,136,7.752
114,136,7.795
116,136,7.750
118,136,7.519
120,136,7.464
122,136,7.357
124,136,7.513
126,136,7.794
128,136,8.017
130,136,8.123
132,136,8.320
134,136,8.414
136,136,8.436
138,136,8.447
140,136,8.498
142,136,8.506
144,136,8.505
146,136,8.511
148,136,8.504
150,136,8.487
150,138,8.482
148,138,8.505
146,138,8.511
144,138,8.506
142,138,8.504
140,138,8.503
138,138,8.471
136,138,8.432
134,138,8.355
132,138,8.331
130,138,8.208
128,138,8.170
126,138,7.982
124,138,7.753
122,138,7.568
120,138,7.381
118,138,7.228
116,138,7.224
114,138,7.303
112,138,7.443
110,138,7.617
108,138,7.760
106,138,7.832
104,138,7.832
102,138,7.738
100,138,7.524
98,138,7.224
96,138,6.943
94,138,6.737
92,138,6.690
90,138,6.801
88,138,7.075
86,138,7.430
84,138,7.762
82,138,7.964
80,138,8.048
78,138,8.085
76,138,8.107
74,138,8.122
72,138,8.137
70,138,8.151
68,138,8.162
66,138,8.175
64,138,8.179
62,138,8.180
60,138,8.178
58,138,8.178
56,138,8.185
54,138,8.195
52,138,8.202
50,138,8.208
48,138,8.214
46,138,8.227
44,138,8.240
42,138,8.248
40,138,8.257
38,138,8.266
36,138,8.271
34,138,8.273
32,138,8.281
30,138,8.290
28,138,8.292
26,138,8.263
24,138,8.142
22,138,7.864
20,138,7.498
18,138,7.361
16,138,7.605
14,138,7.980
12,138,8.165
10,138,8.177
8,138,8.161
6,138,8.211
4,138,8.307
2,138,8.359
0,138,8.377
0,140,8.372
2,140,8.374
4,140,8.371
6,140,8.360
8,140,8.332
10,140,8.284
12,140,8.218
14,140,8.161
16,140,8.137
18,140,8.153
20,140,8.173
22,140,8.124
24,140,7.946
26,140,7.625
28,140,7.308
30,140,7.199
32,140,7.383
34,140,7.736
36,140,8.041
38,140,8.195
40,140,8.249
42,140,8.259
44,140,8.250
46,140,8.240
48,140,8.233
50,140,8.227
52,140,8.221
54,140,8.210
56,140,8.194
58,140,8.181
60,140,8.167
62,140,8.151
64,140,8.141
66,140,8.130
68,140,8.127
70,140,8.110
72,140,8.101
74,140,8.102
76,140,8.099
78,140,8.095
80,140,8.084
82,140,8.072
84,140,8.054
86,140,8.041
88,140,8.025
90,140,8.005
92,140,7.961
94,140,7.854
96,140,7.601
98,140,7.228
100,140,6.893
102,140,6.749
104,140,6.795
106,140,7.042
108,140,7.378
110,140,7.686
112,140,8.006
114,140,8.034
116,140,8.034
118,140,7.887
120,140,7.967
122,140,8.017
124,140,7.991
126,140,8.139
128,140,8.236
130,140,8.358
132,140,8.411
134,140,8.471
136,140,8.474
138,140,8.494
140,140,8.500
142,140,8.508
144,140,8.508
146,140,8.500
148,140,8.493
150,140,8.483
150,142,8.427
148,142,8.453
146,142,8.492
144,142,8.512
142,142,8.510
140,142,8.510
138,142,8.488
136,142,8.498
134,142,8.474
132,142,8.438
130,142,8.355
128,142,8.273
126,142,8.132
124,142,8.108
122,142,8.062
120,142,7.897
118,142,7.821
116,142,7.801
114,142,7.817
112,142,7.851
110,142,7.885
108,142,7.907
106,142,7.912
104,142,7.889
102,142,7.827
100,142,7.701
98,142,7.520
96,142,7.342
94,142,7.230
92,142,7.225
90,142,7.337
88,142,7.544
86,142,7.768
84,142,7.927
82,142,8.010
80,142,8.060
78,142,8.081
76,142,8.101
74,142,8.113
72,142,8.125
70,142,8.139
68,142,8.155
66,142,8.165
64,142,8.170
62,142,8.173
60,142,8.175
58,142,8.179
56,142,8.181
54,142,8.190
52,142,8.199
50,142,8.205
48,142,8.214
46,142,8.226
44,142,8.235
42,142,8.240
40,142,8.251
38,142,8.253
36,142,8.258
34,142,8.265
32,142,8.274
30,142,8.284
28,142,8.290
26,142,8.281
24,142,8.245
22,142,8.165
20,142,8.073
18,142,8.047
16,142,8.103
14,142,8.157
12,142,8.113
10,142,8.017
8,142,7.986
6,142,8.079
4,142,8.244
2,142,8.338
0,142,8.361
0,144,8.353
2,144,8.357
4,144,8.352
6,144,8.336
8,144,8.296
10,144,8.210
12,144,8.101
14,144,8.007
16,144,7.961
18,144,7.978
20,144,8.039
22,144,8.113
24,144,8.136
26,144,8.082
28,144,8.005
30,144,7.959
32,144,7.997
34,144,8.094
36,144,8.182
38,144,8.236
40,144,8.253
42,144,8.253
44,144,8.246
46,144,8.233
48,144,8.223
50,144,8.216
52,144,8.212
54,144,8.201
56,144,8.191
58,144,8.179
60,144,8.169
62,144,8.156
64,144,8.141
66,144,8.133
68,144,8.122
70,144,8.114
72,144,8.111
74,144,8.100
76,144,8.095
78,144,8.083
80,144,8.075
82,144,8.061
84,144,8.043
86,144,8.027
88,144,8.017
90,144,8.004
92,144,7.981
94,144,7.929
96,144,7.825
98,144,7.643
100,144,7.438
102,144,7.325
104,144,7.352
106,144,7.496
108,144,7.728
110,144,7.984
112,144,8.134
114,144,8.118
116,144,8.212
118,144,8.274
120,144,8.315
122,144,8.336
124,144,8.325
126,144,8.407
128,144,8.429
130,144,8.466
132,144,8.477
134,144,8.482
136,144,8.492
138,144,8.497
140,144,8.490
142,144,8.495
144,144,8.464
146,144,8.456
148,144,8.472
150,144,8.439
150,146,8.408
148,146,8.473
146,146,8.485
144,146,8.503
142,146,8.514
140,146,8.507
138,146,8.503
136,146,8.507
134,146,8.474
132,146,8.447
130,146,8.394
128,146,8.367
126,146,8.328
124,146,8.192
122,146,8.234
120,146,8.037
118,146,7.987
116,146,7.966
114,146,7.958
112,146,7.952
110,146,7.952
108,146,7.949
106,146,7.940
104,146,7.927
102,146,7.902
100,146,7.858
98,146,7.797
96,146,7.739
94,146,7.713
92,146,7.728
90,146,7.790
88,146,7.866
86,146,7.935
84,146,7.987
82,146,8.022
80,146,8.048
78,146,8.069
76,146,8.084
74,146,8.100
72,146,8.114
70,146,8.129
68,146,8.137
66,146,8.146
64,146,8.156
62,146,8.161
60,146,8.164
58,146,8.166
56,146,8.170
54,146,8.179
52,146,8.189
50,146,8.195
48,146,8.203
46,146,8.208
44,146,8.218
42,146,8.225
40,146,8.227
38,146,8.233
36,146,8.241
34,146,8.247
32,146,8.260
30,146,8.274
28,146,8.281
26,146,8.285
24,146,8.280
22,146,8.265
20,146,8.241
18,146,8.218
16,146,8.187
14,146,8.126
12,146,7.990
10,146,7.883
8,146,7.884
6,146,8.005
4,146,8.204
2,146,8.308
0,146,8.328
0,148,8.312
2,148,8.319
4,148,8.316
6,148,8.303
8,148,8.263
10,148,8.166
12,148,8.036
14,148,7.915
16,148,7.855
18,148,7.852
20,148,7.908
22,148,8.007
24,148,8.104
26,148,8.153
28,148,8.175
30,148,8.186
32,148,8.206
34,148,8.223
36,148,8.239
38,148,8.251
40,148,8.250
42,148,8.243
44,148,8.232
46,148,8.219
48,148,8.210
50,148,8.200
52,148,8.190
54,148,8.184
56,148,8.178
58,148,8.165
60,148,8.154
62,148,8.143
64,148,8.134
66,148,8.121
68,148,8.107
70,148,8.096
72,148,8.089
74,148,8.089
76,148,8.078
78,148,8.068
80,148,8.063
82,148,8.051
84,148,8.037
86,148,8.029
88,148,8.016
90,148,8.004
92,148,7.991
94,148,7.972
96,148,7.938
98,148,7.887
100,148,7.828
102,148,7.798
104,148,7.808
106,148,7.924
108,148,8.034
110,148,8.130
112,148,8.245
114,148,8.302
116,148,8.341
118,148,8.370
120,148,8.410
122,148,8.437
124,148,8.439
126,148,8.462
128,148,8.486
130,148,8.487
132,148,8.483
134,148,8.487
136,148,8.483
138,148,8.490
140,148,8.487
142,148,8.451
144,148,8.450
146,148,8.421
148,148,8.367
150,148,8.332
150,150,8.303
148,150,8.380
146,150,8.408
144,150,8.450
142,150,8.481
140,150,8.498
138,150,8.510
136,150,8.506
134,150,8.508
132,150,8.495
130,150,8.469
128,150,8.467
126,150,8.438
124,150,8.337
122,150,8.277
120,150,8.282
118,150,8.143
116,150,8.103
114,150,8.036
112,150,7.955
110,150,7.960
108,150,7.953
106,150,7.949
104,150,7.944
102,150,7.938
100,150,7.929
98,150,7.917
96,150,7.906
94,150,7.907
92,150,7.921
90,150,7.939
88,150,7.958
86,150,7.980
84,150,7.999
82,150,8.017
80,150,8.037
78,150,8.054
76,150,8.072
74,150,8.087
72,150,8.100
70,150,8.115
68,150,8.125
66,150,8.134
64,150,8.138
62,150,8.145
60,150,8.149
58,150,8.153
56,150,8.163
54,150,8.176
52,150,8.183
50,150,8.187
48,150,8.192
46,150,8.200
44,150,8.205
42,150,8.210
40,150,8.215
38,150,8.223
36,150,8.229
34,150,8.240
32,150,8.250
30,150,8.259
28,150,8.266
26,150,8.276
24,150,8.278
22,150,8.280
20,150,8.265
18,150,8.231
16,150,8.168
14,150,8.078
12,150,7.944
10,150,7.861
8,150,7.891
6,150,8.028
4,150,8.207
2,150,8.276
0,150,8.278
