0,0,7.952
2,0,7.950
4,0,7.942
6,0,7.906
8,0,7.833
10,0,7.743
12,0,7.691
14,0,7.709
16,0,7.792
18,0,7.887
20,0,7.945
22,0,7.963
24,0,7.970
26,0,7.979
28,0,7.989
30,0,8.003
32,0,8.024
34,0,8.047
36,0,8.074
38,0,8.093
40,0,8.093
42,0,8.079
44,0,8.070
46,0,8.077
48,0,8.099
50,0,8.117
52,0,8.121
54,0,8.115
56,0,8.109
58,0,8.105
60,0,8.112
62,0,8.117
64,0,8.130
66,0,8.152
68,0,8.172
70,0,8.186
72,0,8.189
74,0,8.193
76,0,8.192
78,0,8.183
80,0,8.177
82,0,8.180
84,0,8.199
86,0,8.234
88,0,8.267
90,0,8.292
92,0,8.310
94,0,8.320
96,0,8.329
98,0,8.338
100,0,8.347
102,0,8.356
104,0,8.362
106,0,8.368
108,0,8.373
110,0,8.374
112,0,8.376
114,0,8.381
116,0,8.387
118,0,8.394
120,0,8.405
122,0,8.412
124,0,8.416
126,0,8.420
128,0,8.428
130,0,8.434
132,0,8.442
134,0,8.447
136,0,8.454
138,0,8.460
140,0,8.465
142,0,8.464
144,0,8.463
146,0,8.465
148,0,8.471
150,0,8.476
150,2,8.471
148,2,8.460
146,2,8.456
144,2,8.453
142,2,8.450
140,2,8.447
138,2,8.445
136,2,8.445
134,2,8.444
132,2,8.442
130,2,8.438
128,2,8.433
126,2,8.428
124,2,8.422
122,2,8.415
120,2,8.410
118,2,8.404
116,2,8.399
114,2,8.395
112,2,8.391
110,2,8.385
108,2,8.377
106,2,8.367
104,2,8.361
102,2,8.353
100,2,8.350
98,2,8.345
96,2,8.341
94,2,8.338
92,2,8.336
90,2,8.331
88,2,8.326
86,2,8.319
84,2,8.313
82,2,8.307
80,2,8.300
78,2,8.288
76,2,8.265
74,2,8.222
72,2,8.145
70,2,8.034
68,2,7.922
66,2,7.867
64,2,7.899
62,2,7.990
60,2,8.079
58,2,8.131
56,2,8.151
54,2,8.162
52,2,8.166
50,2,8.162
48,2,8.150
46,2,8.132
44,2,8.117
42,2,8.103
40,2,8.093
38,2,8.086
36,2,8.086
34,2,8.086
32,2,8.088
30,2,8.082
28,2,8.063
26,2,8.053
24,2,8.063
22,2,8.082
20,2,8.089
18,2,8.072
16,2,8.042
14,2,8.014
12,2,7.996
10,2,7.988
8,2,7.981
6,2,7.961
4,2,7.884
2,2,7.725
0,2,7.626
0,4,7.537
2,4,7.534
4,4,7.525
6,4,7.526
8,4,7.554
10,4,7.626
12,4,7.734
14,4,7.859
16,4,7.940
18,4,7.978
20,4,7.989
22,4,7.988
24,4,7.986
26,4,7.994
28,4,8.012
30,4,8.036
32,4,8.061
34,4,8.077
36,4,8.076
38,4,8.058
40,4,8.038
42,4,8.031
44,4,8.042
46,4,8.055
48,4,8.058
50,4,8.055
52,4,8.050
54,4,8.046
56,4,8.046
58,4,8.056
60,4,8.066
62,4,8.082
64,4,8.102
66,4,8.112
68,4,8.116
70,4,8.111
72,4,8.100
74,4,8.079
76,4,8.025
78,4,7.953
80,4,7.901
82,4,7.912
84,4,7.992
86,4,8.094
88,4,8.176
90,4,8.219
92,4,8.242
94,4,8.255
96,4,8.263
98,4,8.271
100,4,8.279
102,4,8.284
104,4,8.289
106,4,8.295
108,4,8.298
110,4,8.301
112,4,8.304
114,4,8.309
116,4,8.320
118,4,8.331
120,4,8.339
122,4,8.347
124,4,8.356
126,4,8.361
128,4,8.373
130,4,8.384
132,4,8.394
134,4,8.406
136,4,8.413
138,4,8.421
140,4,8.424
142,4,8.430
144,4,8.432
146,4,8.438
148,4,8.444
150,4,8.453
150,6,8.444
148,6,8.430
146,6,8.424
144,6,8.420
142,6,8.419
140,6,8.418
138,6,8.417
136,6,8.417
134,6,8.414
132,6,8.412
130,6,8.409
128,6,8.401
126,6,8.392
124,6,8.386
122,6,8.380
120,6,8.371
118,6,8.361
116,6,8.355
114,6,8.349
112,6,8.341
110,6,8.335
108,6,8.327
106,6,8.318
104,6,8.307
102,6,8.300
100,6,8.291
98,6,8.283
96,6,8.273
94,6,8.265
92,6,8.256
90,6,8.251
88,6,8.247
86,6,8.245
84,6,8.240
82,6,8.241
80,6,8.234
78,6,8.214
76,6,8.160
74,6,8.041
72,6,7.832
70,6,7.622
68,6,7.470
66,6,7.441
64,6,7.535
62,6,7.715
60,6,7.904
58,6,8.028
56,6,8.075
54,6,8.095
52,6,8.106
50,6,8.111
48,6,8.109
46,6,8.101
44,6,8.091
42,6,8.078
40,6,8.063
38,6,8.054
36,6,8.047
34,6,8.044
32,6,8.044
30,6,8.043
28,6,8.036
26,6,8.033
24,6,8.046
22,6,8.068
20,6,8.077
18,6,8.062
16,6,8.032
14,6,8.001
12,6,7.986
10,6,7.994
8,6,8.002
6,6,7.963
4,6,7.800
2,6,7.548
0,6,7.390
0,8,7.369
2,8,7.365
4,8,7.357
6,8,7.364
8,8,7.414
10,8,7.514
12,8,7.662
14,8,7.818
16,8,7.939
18,8,7.999
20,8,8.012
22,8,8.001
24,8,7.989
26,8,7.988
28,8,8.003
30,8,8.029
32,8,8.054
34,8,8.070
36,8,8.069
38,8,8.053
40,8,8.033
42,8,8.025
44,8,8.028
46,8,8.034
48,8,8.032
50,8,8.031
52,8,8.033
54,8,8.041
56,8,8.049
58,8,8.062
60,8,8.075
62,8,8.089
64,8,8.097
66,8,8.098
68,8,8.090
70,8,8.080
72,8,8.054
74,8,7.983
76,8,7.816
78,8,7.616
80,8,7.475
82,8,7.455
84,8,7.578
86,8,7.803
88,8,8.034
90,8,8.160
92,8,8.211
94,8,8.227
96,8,8.228
98,8,8.234
100,8,8.229
102,8,8.230
104,8,8.233
106,8,8.235
108,8,8.250
110,8,8.263
112,8,8.280
114,8,8.291
116,8,8.304
118,8,8.319
120,8,8.324
122,8,8.335
124,8,8.340
126,8,8.349
128,8,8.357
130,8,8.367
132,8,8.374
134,8,8.384
136,8,8.391
138,8,8.401
140,8,8.406
142,8,8.410
144,8,8.414
146,8,8.418
148,8,8.427
150,8,8.436
150,10,8.429
148,10,8.422
146,10,8.419
144,10,8.417
142,10,8.414
140,10,8.416
138,10,8.415
136,10,8.412
134,10,8.408
132,10,8.407
130,10,8.400
128,10,8.394
126,10,8.387
124,10,8.378
122,10,8.369
120,10,8.364
118,10,8.359
116,10,8.350
114,10,8.345
112,10,8.341
110,10,8.337
108,10,8.330
106,10,8.321
104,10,8.315
102,10,8.307
100,10,8.299
98,10,8.287
96,10,8.277
94,10,8.262
92,10,8.250
90,10,8.238
88,10,8.222
86,10,8.197
84,10,8.158
82,10,8.084
80,10,7.934
78,10,7.698
76,10,7.393
74,10,7.046
72,10,6.738
70,10,6.629
68,10,6.691
66,10,6.909
64,10,7.209
62,10,7.547
60,10,7.833
58,10,7.988
56,10,8.040
54,10,8.054
52,10,8.056
50,10,8.061
48,10,8.064
46,10,8.074
44,10,8.082
42,10,8.085
40,10,8.079
38,10,8.061
36,10,8.040
34,10,8.027
32,10,8.030
30,10,8.038
28,10,8.040
26,10,8.043
24,10,8.055
22,10,8.068
20,10,8.066
18,10,8.048
16,10,8.021
14,10,7.997
12,10,7.996
10,10,8.016
8,10,8.023
6,10,7.954
4,10,7.750
2,10,7.502
0,10,7.390
0,12,7.480
2,12,7.476
4,12,7.464
6,12,7.461
8,12,7.497
10,12,7.582
12,12,7.711
14,12,7.847
16,12,7.953
18,12,8.013
20,12,8.030
22,12,8.022
24,12,8.005
26,12,7.997
28,12,8.004
30,12,8.024
32,12,8.045
34,12,8.061
36,12,8.066
38,12,8.060
40,12,8.044
42,12,8.036
44,12,8.035
46,12,8.029
48,12,8.021
50,12,8.021
52,12,8.036
54,12,8.057
56,12,8.072
58,12,8.078
60,12,8.073
62,12,8.065
64,12,8.058
66,12,8.054
68,12,8.053
70,12,8.047
72,12,8.022
74,12,7.930
76,12,7.695
78,12,7.353
80,12,7.018
82,12,6.759
84,12,6.631
86,12,6.717
88,12,7.013
90,12,7.391
92,12,7.732
94,12,7.966
96,12,8.110
98,12,8.171
100,12,8.206
102,12,8.226
104,12,8.241
106,12,8.257
108,12,8.270
110,12,8.284
112,12,8.295
114,12,8.306
116,12,8.313
118,12,8.321
120,12,8.330
122,12,8.338
124,12,8.347
126,12,8.349
128,12,8.363
130,12,8.367
132,12,8.375
134,12,8.389
136,12,8.397
138,12,8.406
140,12,8.407
142,12,8.415
144,12,8.419
146,12,8.425
148,12,8.433
150,12,8.439
150,14,8.436
148,14,8.431
146,14,8.425
144,14,8.421
142,14,8.419
140,14,8.417
138,14,8.413
136,14,8.409
134,14,8.407
132,14,8.405
130,14,8.398
128,14,8.388
126,14,8.385
124,14,8.380
122,14,8.371
120,14,8.361
118,14,8.355
116,14,8.349
114,14,8.337
112,14,8.332
110,14,8.323
108,14,8.312
106,14,8.298
104,14,8.285
102,14,8.274
100,14,8.259
98,14,8.243
96,14,8.234
94,14,8.225
92,14,8.214
90,14,8.198
88,14,8.168
86,14,8.111
84,14,7.983
82,14,7.707
80,14,7.247
78,14,6.657
76,14,6.001
74,14,5.473
72,14,5.198
70,14,5.261
68,14,5.684
66,14,6.312
64,14,6.960
62,14,7.517
60,14,7.848
58,14,7.989
56,14,8.037
54,14,8.037
52,14,8.013
50,14,7.991
48,14,7.994
46,14,8.022
44,14,8.057
42,14,8.080
40,14,8.081
38,14,8.061
36,14,8.037
34,14,8.025
32,14,8.027
30,14,8.036
28,14,8.048
26,14,8.060
24,14,8.071
22,14,8.073
20,14,8.062
18,14,8.045
16,14,8.030
14,14,8.020
12,14,8.025
10,14,8.038
8,14,8.036
6,14,8.008
4,14,7.957
2,14,7.890
0,14,7.791
0,16,7.802
2,16,7.809
4,16,7.827
6,16,7.850
8,16,7.877
10,16,7.907
12,16,7.937
14,16,7.968
16,16,7.994
18,16,8.018
20,16,8.032
22,16,8.036
24,16,8.032
26,16,8.029
28,16,8.030
30,16,8.037
32,16,8.047
34,16,8.059
36,16,8.068
38,16,8.071
40,16,8.063
42,16,8.050
44,16,8.038
46,16,8.026
48,16,8.019
50,16,8.021
52,16,8.037
54,16,8.061
56,16,8.077
58,16,8.071
60,16,8.042
62,16,8.006
64,16,7.984
66,16,7.991
68,16,8.019
70,16,8.040
72,16,8.025
74,16,7.936
76,16,7.702
78,16,7.199
80,16,6.515
82,16,5.792
84,16,5.262
86,16,5.154
88,16,5.432
90,16,6.021
92,16,6.762
94,16,7.414
96,16,7.859
98,16,8.067
100,16,8.166
102,16,8.197
104,16,8.212
106,16,8.215
108,16,8.222
110,16,8.235
112,16,8.260
114,16,8.278
116,16,8.290
118,16,8.308
120,16,8.334
122,16,8.342
124,16,8.361
126,16,8.368
128,16,8.378
130,16,8.387
132,16,8.398
134,16,8.406
136,16,8.412
138,16,8.416
140,16,8.422
142,16,8.431
144,16,8.438
146,16,8.447
148,16,8.453
150,16,8.462
150,18,8.461
148,18,8.454
146,18,8.448
144,18,8.443
142,18,8.440
140,18,8.434
138,18,8.430
136,18,8.426
134,18,8.421
132,18,8.415
130,18,8.406
128,18,8.399
126,18,8.393
124,18,8.384
122,18,8.376
120,18,8.367
118,18,8.352
116,18,8.332
114,18,8.313
112,18,8.279
110,18,8.242
108,18,8.188
106,18,8.128
104,18,8.077
102,18,8.019
100,18,7.982
98,18,7.990
96,18,8.013
94,18,8.053
92,18,8.090
90,18,8.104
88,18,8.083
86,18,7.988
84,18,7.745
82,18,7.250
80,18,6.473
78,18,5.546
76,18,4.710
74,18,4.115
72,18,3.898
70,18,4.116
68,18,4.765
66,18,5.663
64,18,6.484
62,18,7.236
60,18,7.737
58,18,7.960
56,18,8.036
54,18,8.038
52,18,8.005
50,18,7.972
48,18,7.965
46,18,7.990
44,18,8.027
42,18,8.055
40,18,8.051
38,18,7.990
36,18,7.789
34,18,7.243
32,18,6.267
30,18,5.186
28,18,4.576
26,18,4.748
24,18,5.653
22,18,6.792
20,18,7.618
18,18,7.938
16,18,8.012
14,18,8.026
12,18,8.024
10,18,8.011
8,18,7.986
6,18,7.962
4,18,7.940
2,18,7.916
0,18,7.906
0,20,7.938
2,20,7.939
4,20,7.936
6,20,7.935
8,20,7.934
10,20,7.938
12,20,7.943
14,20,7.946
16,20,7.949
18,20,7.957
20,20,7.972
22,20,7.995
24,20,8.019
26,20,8.033
28,20,8.039
30,20,8.033
32,20,7.997
34,20,7.858
36,20,7.578
38,20,7.282
40,20,7.089
42,20,7.041
44,20,7.159
46,20,7.341
48,20,7.446
50,20,7.489
52,20,7.544
54,20,7.602
56,20,7.627
58,20,7.622
60,20,7.600
62,20,7.587
64,20,7.597
66,20,7.645
68,20,7.713
70,20,7.758
72,20,7.713
74,20,7.397
76,20,6.587
78,20,5.311
80,20,4.004
82,20,3.004
84,20,2.505
86,20,2.650
88,20,3.383
90,20,4.449
92,20,5.721
94,20,6.810
96,20,7.574
98,20,7.932
100,20,8.055
102,20,8.065
104,20,8.011
106,20,7.913
108,20,7.787
110,20,7.635
112,20,7.576
114,20,7.635
116,20,7.770
118,20,7.970
120,20,8.130
122,20,8.234
124,20,8.298
126,20,8.332
128,20,8.362
130,20,8.383
132,20,8.393
134,20,8.398
136,20,8.401
138,20,8.413
140,20,8.424
142,20,8.434
144,20,8.435
146,20,8.444
148,20,8.446
150,20,8.455
150,22,8.451
148,22,8.441
146,22,8.439
144,22,8.428
142,22,8.422
140,22,8.417
138,22,8.412
136,22,8.404
134,22,8.394
132,22,8.388
130,22,8.378
128,22,8.370
126,22,8.365
124,22,8.350
122,22,8.329
120,22,8.294
118,22,8.241
116,22,8.159
114,22,8.022
112,22,7.801
110,22,7.465
108,22,7.062
106,22,6.669
104,22,6.373
102,22,6.223
100,22,6.259
98,22,6.444
96,22,6.728
94,22,7.107
92,22,7.471
90,22,7.696
88,22,7.776
86,22,7.723
84,22,7.518
82,22,7.068
80,22,6.344
78,22,5.520
76,22,4.777
74,22,4.289
72,22,4.153
70,22,4.425
68,22,5.035
66,22,5.841
64,22,6.648
62,22,7.306
60,22,7.695
58,22,7.839
56,22,7.862
54,22,7.840
52,22,7.803
50,22,7.770
48,22,7.746
46,22,7.738
44,22,7.749
42,22,7.764
40,22,7.762
38,22,7.746
36,22,7.729
34,22,7.714
32,22,7.695
30,22,7.630
28,22,7.541
26,22,7.540
24,22,7.668
22,22,7.865
20,22,7.998
18,22,8.037
16,22,8.037
14,22,8.011
12,22,7.964
10,22,7.924
8,22,7.912
6,22,7.931
4,22,7.960
2,22,7.982
0,22,7.998
0,24,8.021
2,24,8.021
4,24,8.018
6,24,8.012
8,24,8.005
10,24,7.995
12,24,7.979
14,24,7.955
16,24,7.926
18,24,7.901
20,24,7.893
22,24,7.908
24,24,7.943
26,24,7.986
28,24,8.022
30,24,8.039
32,24,8.035
34,24,8.003
36,24,7.906
38,24,7.755
40,24,7.619
42,24,7.570
44,24,7.608
46,24,7.678
48,24,7.706
50,24,7.710
52,24,7.723
54,24,7.740
56,24,7.752
58,24,7.747
60,24,7.726
62,24,7.719
64,24,7.738
66,24,7.773
68,24,7.818
70,24,7.856
72,24,7.862
74,24,7.781
76,24,7.472
78,24,6.845
80,24,6.000
82,24,5.129
84,24,4.473
86,24,4.240
88,24,4.481
90,24,5.106
92,24,5.958
94,24,6.807
96,24,7.371
98,24,7.644
100,24,7.692
102,24,7.554
104,24,7.065
106,24,6.511
108,24,6.018
110,24,5.791
112,24,5.890
114,24,6.315
116,24,6.765
118,24,7.166
120,24,7.601
122,24,7.907
124,24,8.116
126,24,8.240
128,24,8.320
130,24,8.362
132,24,8.389
134,24,8.410
136,24,8.413
138,24,8.426
140,24,8.432
142,24,8.442
144,24,8.452
146,24,8.463
148,24,8.469
150,24,8.477
150,26,8.462
148,26,8.444
146,26,8.436
144,26,8.422
142,26,8.413
140,26,8.399
138,26,8.387
136,26,8.378
134,26,8.366
132,26,8.358
130,26,8.344
128,26,8.326
126,26,8.300
124,26,8.250
122,26,8.176
120,26,8.046
118,26,7.813
116,26,7.452
114,26,6.924
112,26,6.260
110,26,5.609
108,26,5.012
106,26,4.555
104,26,4.335
102,26,4.354
100,26,4.602
98,26,4.989
96,26,5.443
94,26,5.909
92,26,6.228
90,26,6.320
88,26,6.226
86,26,6.098
84,26,5.819
82,26,5.671
80,26,5.610
78,26,5.537
76,26,5.502
74,26,5.545
72,26,5.665
70,26,5.930
68,26,6.324
66,26,6.765
64,26,7.158
62,26,7.415
60,26,7.495
58,26,7.489
56,26,7.452
54,26,7.462
52,26,7.495
50,26,7.557
48,26,7.632
46,26,7.707
44,26,7.782
42,26,7.847
40,26,7.887
38,26,7.905
36,26,7.916
34,26,7.933
32,26,7.948
30,26,7.960
28,26,7.969
26,26,7.990
24,26,8.020
22,26,8.043
20,26,8.054
18,26,8.053
16,26,8.026
14,26,7.975
12,26,7.921
10,26,7.894
8,26,7.911
6,26,7.963
4,26,8.009
2,26,8.033
0,26,8.045
0,28,8.050
2,28,8.050
4,28,8.048
6,28,8.044
8,28,8.039
10,28,8.033
12,28,8.021
14,28,7.999
16,28,7.966
18,28,7.930
20,28,7.907
22,28,7.908
24,28,7.932
26,28,7.970
28,28,8.012
30,28,8.042
32,28,8.056
34,28,8.053
36,28,8.043
38,28,8.027
40,28,8.005
42,28,7.987
44,28,7.975
46,28,7.961
48,28,7.944
50,28,7.928
52,28,7.911
54,28,7.898
56,28,7.873
58,28,7.823
60,28,7.752
62,28,7.687
64,28,7.626
66,28,7.561
68,28,7.495
70,28,7.479
72,28,7.510
74,28,7.536
76,28,7.477
78,28,7.239
80,28,6.835
82,28,6.381
84,28,5.980
86,28,5.717
88,28,5.587
90,28,5.520
92,28,5.459
94,28,5.453
96,28,5.529
98,28,5.714
100,28,5.900
102,28,5.944
104,28,5.727
106,28,5.256
108,28,4.643
110,28,4.095
112,28,3.737
114,28,3.691
116,28,4.012
118,28,4.615
120,28,5.421
122,28,6.320
124,28,7.082
126,28,7.659
128,28,8.009
130,28,8.185
132,28,8.274
134,28,8.320
136,28,8.356
138,28,8.387
140,28,8.418
142,28,8.430
144,28,8.434
146,28,8.440
148,28,8.448
150,28,8.448
150,30,8.345
148,30,8.328
146,30,8.311
144,30,8.302
142,30,8.294
140,30,8.240
138,30,8.218
136,30,8.190
134,30,8.144
132,30,8.079
130,30,8.011
128,30,7.912
126,30,7.799
124,30,7.641
122,30,7.359
120,30,6.898
118,30,6.244
116,30,5.391
114,30,4.426
112,30,3.445
110,30,2.576
108,30,1.907
106,30,1.485
104,30,1.318
102,30,1.401
100,30,1.703
98,30,2.148
96,30,2.616
94,30,3.007
92,30,3.188
90,30,3.114
88,30,2.919
86,30,2.694
84,30,2.510
82,30,2.546
80,30,2.815
78,30,3.365
76,30,4.008
74,30,4.577
72,30,4.951
70,30,5.141
68,30,5.233
66,30,5.260
64,30,5.211
62,30,5.098
60,30,4.882
58,30,4.698
56,30,4.637
54,30,4.792
52,30,5.083
50,30,5.585
48,30,6.138
46,30,6.683
44,30,7.114
42,30,7.466
40,30,7.728
38,30,7.889
36,30,7.973
34,30,8.022
32,30,8.050
30,30,8.063
28,30,8.066
26,30,8.062
24,30,8.053
22,30,8.054
20,30,8.061
18,30,8.058
16,30,8.030
14,30,7.990
12,30,7.958
10,30,7.955
8,30,7.982
6,30,8.014
4,30,8.033
2,30,8.041
0,30,8.049
0,32,8.049
2,32,8.050
4,32,8.047
6,32,8.043
8,32,8.039
10,32,8.035
12,32,8.030
14,32,8.022
16,32,8.010
18,32,7.997
20,32,7.979
22,32,7.969
24,32,7.977
26,32,8.000
28,32,8.030
30,32,8.052
32,32,8.062
34,32,8.058
36,32,8.051
38,32,8.052
40,32,8.060
42,32,8.065
44,32,8.063
46,32,8.054
48,32,8.033
50,32,7.997
52,32,7.935
54,32,7.822
56,32,7.617
58,32,7.327
60,32,6.948
62,32,6.461
64,32,5.919
66,32,5.410
68,32,4.968
70,32,4.730
72,32,4.765
74,32,4.886
76,32,5.081
78,32,5.232
80,32,5.262
82,32,5.160
84,32,5.044
86,32,4.740
88,32,4.161
90,32,3.441
92,32,2.791
94,32,2.369
96,32,2.227
98,32,2.322
100,32,2.551
102,32,2.740
104,32,2.675
106,32,2.346
108,32,1.821
110,32,1.317
112,32,1.047
114,32,9.822
116,32,1.194
118,32,1.652
120,32,2.470
122,32,3.760
124,32,4.694
126,32,5.684
128,32,6.696
130,32,6.985
132,32,7.240
134,32,7.453
136,32,7.635
138,32,7.753
140,32,7.825
142,32,7.888
144,32,7.890
146,32,7.816
148,32,7.755
150,32,7.634
150,34,6.920
148,34,7.017
146,34,7.031
144,34,7.069
142,34,7.054
140,34,6.965
138,34,6.868
136,34,6.620
134,34,6.457
132,34,6.154
130,34,5.822
128,34,5.494
126,34,5.142
124,34,4.748
122,34,4.172
120,34,3.516
118,34,2.731
116,34,1.945
114,34,1.190
112,34,5.957
110,34,2.248
108,34,9.015
106,34,1.183
104,34,2.118
102,34,2.983
100,34,3.705
98,34,4.852
96,34,6.235
94,34,7.603
92,34,8.336
90,34,7.627
88,34,6.246
86,34,4.620
84,34,3.844
82,34,4.111
80,34,5.835
78,34,8.836
76,34,1.217
74,34,1.514
72,34,1.771
70,34,1.894
68,34,1.797
66,34,1.627
64,34,1.429
62,34,1.208
60,34,1.018
58,34,9.130
56,34,9.113
54,34,1.090
52,34,1.466
50,34,2.073
48,34,2.869
46,34,3.830
44,34,4.855
42,34,5.950
40,34,6.926
38,34,7.585
36,34,7.890
34,34,8.002
32,34,8.047
30,34,8.064
28,34,8.069
26,34,8.059
24,34,8.047
22,34,8.049
20,34,8.060
18,34,8.062
16,34,8.047
14,34,8.023
12,34,8.010
10,34,8.009
8,34,8.014
6,34,8.021
4,34,8.029
2,34,8.035
0,34,8.043
0,36,8.042
2,36,8.042
4,36,8.039
6,36,8.037
8,36,8.033
10,36,8.029
12,36,8.026
14,36,8.022
16,36,8.018
18,36,8.014
20,36,8.012
22,36,8.014
24,36,8.019
26,36,8.031
28,36,8.047
30,36,8.060
32,36,8.062
34,36,8.055
36,36,8.048
38,36,8.048
40,36,8.061
42,36,8.069
44,36,8.068
46,36,8.055
48,36,8.025
50,36,7.949
52,36,7.748
54,36,7.295
56,36,6.485
58,36,5.455
60,36,4.383
62,36,3.399
64,36,2.525
66,36,1.765
68,36,1.232
70,36,9.755
72,36,9.264
74,36,1.041
76,36,1.243
78,36,1.466
80,36,1.650
82,36,1.798
84,36,1.844
86,36,1.656
88,36,1.317
90,36,9.352
92,36,6.098
94,36,4.060
96,36,3.665
98,36,4.517
100,36,5.758
102,36,7.215
104,36,7.112
106,36,6.065
108,36,4.867
110,36,4.418
112,36,4.842
114,36,4.387
116,36,3.101
118,36,2.469
120,36,4.434
122,36,8.077
124,36,1.792
126,36,2.196
128,36,2.915
130,36,4.011
132,36,4.487
134,36,4.664
136,36,4.926
138,36,5.212
140,36,5.263
142,36,5.346
144,36,5.511
146,36,5.360
148,36,5.300
150,36,5.106
150,38,3.788
148,38,4.019
146,38,3.916
144,38,4.110
142,38,4.028
140,38,3.918
138,38,3.828
136,38,3.556
134,38,3.240
132,38,2.834
130,38,2.425
128,38,2.053
126,38,1.701
124,38,1.267
122,38,9.397
120,38,6.325
118,38,4.237
116,38,2.703
114,38,2.103
112,38,2.504
110,38,3.632
108,38,4.985
106,38,6.063
104,38,6.154
102,38,5.058
100,38,3.112
98,38,1.386
96,38,8.398
94,38,1.490
92,38,2.613
90,38,3.181
88,38,3.035
86,38,2.564
84,38,2.085
82,38,1.756
80,38,1.604
78,38,1.566
76,38,1.655
74,38,1.866
72,38,2.278
70,38,2.714
68,38,2.589
66,38,1.942
64,38,8.946
62,38,3.104
60,38,5.905
58,38,1.421
56,38,1.865
54,38,1.200
52,38,5.045
50,38,1.433
48,38,5.791
46,38,1.560
44,38,3.020
42,38,4.742
40,38,6.321
38,38,7.366
36,38,7.838
34,38,7.988
32,38,8.033
30,38,8.053
28,38,8.063
26,38,8.066
24,38,8.064
22,38,8.068
20,38,8.074
18,38,8.070
16,38,8.058
14,38,8.040
12,38,8.028
10,38,8.021
8,38,8.020
6,38,8.023
4,38,8.029
2,38,8.034
0,38,8.041
0,40,8.043
2,40,8.043
4,40,8.041
6,40,8.038
8,40,8.035
10,40,8.032
12,40,8.028
14,40,8.023
16,40,8.019
18,40,8.019
20,40,8.022
22,40,8.026
24,40,8.034
26,40,8.044
28,40,8.057
30,40,8.068
32,40,8.075
34,40,8.073
36,40,8.067
38,40,8.066
40,40,8.065
42,40,8.064
44,40,8.056
46,40,8.039
48,40,8.007
50,40,7.906
52,40,7.571
54,40,6.751
56,40,5.332
58,40,3.627
60,40,2.005
62,40,8.842
64,40,2.435
66,40,4.682
68,40,7.940
70,40,1.467
72,40,1.308
74,40,5.190
76,40,3.600
78,40,1.289
80,40,2.452
82,40,3.142
84,40,2.830
86,40,2.173
88,40,1.769
90,40,1.714
92,40,1.836
94,40,1.977
96,40,2.417
98,40,3.022
100,40,3.513
102,40,3.788
104,40,3.346
106,40,3.320
108,40,2.858
110,40,4.419
112,40,6.581
114,40,7.550
116,40,1.177
118,40,1.342
120,40,1.304
122,40,1.495
124,40,1.726
126,40,1.630
128,40,2.154
130,40,2.267
132,40,2.116
134,40,2.108
136,40,2.060
138,40,1.630
140,40,1.394
142,40,1.851
144,40,1.357
146,40,9.540
148,40,1.129
150,40,9.052
150,42,3.394
148,42,5.938
146,42,9.425
144,42,1.076
142,42,1.282
140,42,1.155
138,42,1.259
136,42,1.333
134,42,1.462
132,42,1.380
130,42,1.217
128,42,1.176
126,42,8.623
124,42,6.491
122,42,6.435
120,42,4.860
118,42,4.316
116,42,4.090
114,42,3.835
112,42,3.711
110,42,3.528
108,42,3.601
106,42,3.737
104,42,3.660
102,42,3.335
100,42,2.683
98,42,1.889
96,42,1.155
94,42,5.527
92,42,2.715
90,42,2.712
88,42,5.126
86,42,8.831
84,42,1.378
82,42,1.612
80,42,1.857
78,42,1.823
76,42,1.519
74,42,8.616
72,42,4.318
70,42,2.894
68,42,3.758
66,42,4.956
64,42,9.259
62,42,2.419
60,42,5.323
58,42,8.432
56,42,1.022
54,42,9.140
52,42,5.136
50,42,1.330
48,42,2.926
46,42,1.335
44,42,3.170
42,42,5.185
40,42,6.763
38,42,7.598
36,42,7.896
34,42,7.978
32,42,8.006
30,42,8.034
28,42,8.054
26,42,8.069
24,42,8.078
22,42,8.083
20,42,8.082
18,42,8.074
16,42,8.062
14,42,8.050
12,42,8.037
10,42,8.024
8,42,8.019
6,42,8.027
4,42,8.039
2,42,8.043
0,42,8.041
0,44,8.039
2,44,8.040
4,44,8.042
6,44,8.043
8,44,8.044
10,44,8.041
12,44,8.034
14,44,8.025
16,44,8.019
18,44,8.017
20,44,8.024
22,44,8.034
24,44,8.044
26,44,8.053
28,44,8.062
30,44,8.072
32,44,8.079
34,44,8.082
36,44,8.081
38,44,8.077
40,44,8.070
42,44,8.058
44,44,8.037
46,44,8.014
48,44,7.989
50,44,7.930
52,44,7.712
54,44,7.067
56,44,5.692
58,44,3.773
60,44,1.767
62,44,4.632
64,44,8.980
66,44,3.880
68,44,8.151
70,44,9.663
72,44,7.900
74,44,4.575
76,44,1.757
78,44,6.137
80,44,4.719
82,44,3.490
84,44,2.215
86,44,4.049
88,44,8.872
90,44,1.290
92,44,1.319
94,44,1.237
96,44,5.454
98,44,5.016
100,44,8.770
102,44,1.906
104,44,5.514
106,44,8.219
108,44,7.411
110,44,1.252
112,44,1.566
114,44,1.796
116,44,1.874
118,44,2.423
120,44,2.347
122,44,2.511
124,44,2.501
126,44,2.476
128,44,2.398
130,44,2.185
132,44,1.740
134,44,1.445
136,44,1.084
138,44,6.030
140,44,3.990
142,44,1.851
144,44,7.408
146,44,8.430
148,44,1.732
150,44,2.188
150,46,2.208
148,46,1.536
146,46,1.272
144,46,3.426
142,46,3.222
140,46,4.990
138,46,6.996
136,46,1.105
134,46,1.550
132,46,2.030
130,46,2.093
128,46,2.351
126,46,1.995
124,46,1.848
122,46,1.820
120,46,1.956
118,46,1.262
116,46,1.118
114,46,9.830
112,46,8.966
110,46,7.188
108,46,6.170
106,46,6.076
104,46,5.786
102,46,5.762
100,46,6.288
98,46,6.765
96,46,7.133
94,46,7.511
92,46,8.130
90,46,8.881
88,46,9.409
86,46,9.591
84,46,8.962
82,46,7.396
80,46,5.262
78,46,3.205
76,46,1.488
74,46,5.805
72,46,7.467
70,46,1.671
68,46,2.578
66,46,2.757
64,46,1.959
62,46,1.187
60,46,9.020
58,46,1.314
56,46,1.734
54,46,1.760
52,46,2.396
50,46,6.464
48,46,1.700
46,46,3.376
44,46,5.268
42,46,6.719
40,46,7.556
38,46,7.885
36,46,7.974
34,46,7.996
32,46,8.009
30,46,8.031
28,46,8.052
26,46,8.064
24,46,8.070
22,46,8.072
20,46,8.070
18,46,8.067
16,46,8.062
14,46,8.055
12,46,8.040
10,46,8.017
8,46,8.010
6,46,8.019
4,46,8.033
2,46,8.036
0,46,8.031
0,48,8.029
2,48,8.030
4,48,8.032
6,48,8.035
8,48,8.036
10,48,8.034
12,48,8.028
14,48,8.020
16,48,8.013
18,48,8.013
20,48,8.023
22,48,8.039
24,48,8.054
26,48,8.061
28,48,8.065
30,48,8.069
32,48,8.071
34,48,8.074
36,48,8.075
38,48,8.072
40,48,8.066
42,48,8.056
44,48,8.036
46,48,8.018
48,48,8.004
50,48,7.988
52,48,7.918
54,48,7.659
56,48,6.941
58,48,5.554
60,48,3.720
62,48,1.914
64,48,7.339
66,48,2.341
68,48,1.466
70,48,1.350
72,48,9.048
74,48,7.863
76,48,1.584
78,48,3.062
80,48,3.855
82,48,3.289
84,48,1.854
86,48,8.177
88,48,8.438
90,48,2.022
92,48,4.041
94,48,6.440
96,48,9.026
98,48,1.058
100,48,1.220
102,48,2.238
104,48,3.020
106,48,2.789
108,48,2.799
110,48,3.478
112,48,3.357
114,48,3.213
116,48,3.151
118,48,3.071
120,48,2.926
122,48,2.606
124,48,2.351
126,48,1.748
128,48,1.358
130,48,1.509
132,48,1.382
134,48,4.688
136,48,3.093
138,48,2.996
140,48,3.150
142,48,3.715
144,48,6.915
146,48,8.756
148,48,1.281
150,48,1.467
150,50,1.944
148,50,1.979
146,50,1.439
144,50,1.171
142,50,9.620
140,50,9.279
138,50,1.354
136,50,1.408
134,50,1.795
132,50,2.120
130,50,2.985
128,50,2.736
126,50,2.897
124,50,3.454
122,50,3.973
120,50,4.070
118,50,3.934
116,50,3.752
114,50,3.368
112,50,3.337
110,50,2.809
108,50,2.321
106,50,2.002
104,50,1.558
102,50,1.218
100,50,9.872
98,50,8.162
96,50,6.728
94,50,5.187
92,50,4.207
90,50,3.530
88,50,3.256
86,50,2.897
84,50,2.627
82,50,2.896
80,50,4.403
78,50,7.792
76,50,1.322
74,50,1.908
72,50,2.465
70,50,2.916
68,50,3.155
66,50,3.132
64,50,2.997
62,50,2.788
60,50,2.619
58,50,2.473
56,50,2.541
54,50,2.812
52,50,3.451
50,50,4.325
48,50,5.381
46,50,6.460
44,50,7.303
42,50,7.751
40,50,7.961
38,50,8.034
36,50,8.050
34,50,8.050
32,50,8.056
30,50,8.059
28,50,8.061
26,50,8.064
24,50,8.066
22,50,8.067
20,50,8.069
18,50,8.070
16,50,8.072
14,50,8.070
12,50,8.059
10,50,8.038
8,50,8.026
6,50,8.027
4,50,8.032
2,50,8.034
0,50,8.030
0,52,8.029
2,52,8.029
4,52,8.031
6,52,8.033
8,52,8.034
10,52,8.032
12,52,8.029
14,52,8.027
16,52,8.027
18,52,8.031
20,52,8.043
22,52,8.056
24,52,8.066
26,52,8.070
28,52,8.070
30,52,8.069
32,52,8.067
34,52,8.066
36,52,8.065
38,52,8.065
40,52,8.065
42,52,8.063
44,52,8.063
46,52,8.062
48,52,8.060
50,52,8.060
52,52,8.052
54,52,7.990
56,52,7.801
58,52,7.384
60,52,6.593
62,52,5.465
64,52,4.316
66,52,3.406
68,52,2.841
70,52,2.612
72,52,2.672
74,52,2.881
76,52,3.192
78,52,3.456
80,52,3.617
82,52,3.540
84,52,3.297
86,52,2.721
88,52,2.202
90,52,1.734
92,52,1.470
94,52,1.827
96,52,1.993
98,52,2.517
100,52,2.572
102,52,3.075
104,52,4.133
106,52,4.152
108,52,4.326
110,52,3.995
112,52,4.093
114,52,3.481
116,52,3.442
118,52,3.047
120,52,3.143
122,52,3.150
124,52,2.891
126,52,2.523
128,52,2.328
130,52,2.068
132,52,2.173
134,52,2.013
136,52,2.162
138,52,2.733
140,52,2.955
142,52,3.233
144,52,3.324
146,52,3.672
148,52,4.584
150,52,4.397
150,54,5.541
148,54,5.410
146,54,5.390
144,54,4.880
142,54,5.075
140,54,4.890
138,54,4.412
136,54,4.253
134,54,4.220
132,54,4.042
130,54,4.478
128,54,4.395
126,54,4.766
124,54,5.036
122,54,6.060
120,54,6.440
118,54,6.704
116,54,6.795
114,54,6.775
112,54,6.646
110,54,6.428
108,54,6.043
106,54,5.567
104,54,5.210
102,54,4.774
100,54,4.420
98,54,4.118
96,54,3.789
94,54,3.487
92,54,3.236
90,54,2.992
88,54,2.908
86,54,3.055
84,54,3.371
82,54,3.939
80,54,4.675
78,54,5.407
76,54,6.067
74,54,6.567
72,54,6.882
70,54,6.993
68,54,7.042
66,54,7.077
64,54,7.034
62,54,6.989
60,54,6.972
58,54,6.976
56,54,7.027
54,54,7.130
52,54,7.301
50,54,7.531
48,54,7.744
46,54,7.897
44,54,7.996
42,54,8.053
40,54,8.080
38,54,8.088
36,54,8.086
34,54,8.081
32,54,8.072
30,54,8.065
28,54,8.059
26,54,8.053
24,54,8.051
22,54,8.052
20,54,8.055
18,54,8.061
16,54,8.066
14,54,8.067
12,54,8.060
10,54,8.046
8,54,8.036
6,54,8.030
4,54,8.029
2,54,8.029
0,54,8.022
0,56,8.006
2,56,8.009
4,56,8.013
6,56,8.015
8,56,8.018
10,56,8.020
12,56,8.021
14,56,8.023
16,56,8.028
18,56,8.034
20,56,8.043
22,56,8.053
24,56,8.061
26,56,8.064
28,56,8.063
30,56,8.059
32,56,8.057
34,56,8.054
36,56,8.054
38,56,8.054
40,56,8.061
42,56,8.065
44,56,8.075
46,56,8.087
48,56,8.094
50,56,8.099
52,56,8.108
54,56,8.100
56,56,8.077
58,56,8.025
60,56,7.919
62,56,7.745
64,56,7.526
66,56,7.316
68,56,7.182
70,56,7.109
72,56,7.135
74,56,7.182
76,56,7.336
78,56,7.499
80,56,7.422
82,56,7.577
84,56,7.443
86,56,7.182
88,56,6.989
90,56,6.489
92,56,6.150
94,56,5.967
96,56,6.023
98,56,5.928
100,56,5.929
102,56,6.015
104,56,5.727
106,56,5.432
108,56,5.787
110,56,5.885
112,56,6.164
114,56,6.020
116,56,6.181
118,56,6.207
120,56,6.338
122,56,6.632
124,56,6.520
126,56,6.533
128,56,6.682
130,56,6.459
132,56,6.727
134,56,6.583
136,56,6.678
138,56,6.800
140,56,6.831
142,56,7.203
144,56,7.237
146,56,7.369
148,56,7.369
150,56,7.522
150,58,7.916
148,58,8.024
146,58,8.044
144,58,7.954
142,58,7.899
140,58,7.864
138,58,7.849
136,58,7.826
134,58,7.761
132,58,7.574
130,58,7.426
128,58,7.304
126,58,7.277
124,58,7.411
122,58,7.536
120,58,7.568
118,58,7.833
116,58,7.770
114,58,8.011
112,58,8.051
110,58,8.107
108,58,8.107
106,58,8.056
104,58,7.965
102,58,7.888
100,58,7.781
98,58,7.698
96,58,7.619
94,58,7.495
92,58,7.406
90,58,7.291
88,58,7.248
86,58,7.283
84,58,7.396
82,58,7.591
80,58,7.774
78,58,7.905
76,58,7.990
74,58,8.037
72,58,8.066
70,58,8.080
68,58,8.090
66,58,8.075
64,58,8.042
62,58,8.001
60,58,7.970
58,58,7.941
56,58,7.933
54,58,7.949
52,58,7.986
50,58,8.032
48,58,8.064
46,58,8.075
44,58,8.067
42,58,8.061
40,58,8.055
38,58,8.048
36,58,8.042
34,58,8.034
32,58,8.023
30,58,8.008
28,58,7.995
26,58,7.980
24,58,7.971
22,58,7.971
20,58,7.975
18,58,7.977
16,58,7.971
14,58,7.961
12,58,7.945
10,58,7.927
8,58,7.910
6,58,7.899
4,58,7.891
2,58,7.880
0,58,7.862
0,60,7.738
2,60,7.744
4,60,7.757
6,60,7.771
8,60,7.785
10,60,7.799
12,60,7.816
14,60,7.834
16,60,7.852
18,60,7.863
20,60,7.885
22,60,7.906
24,60,7.929
26,60,7.943
28,60,7.956
30,60,7.964
32,60,7.966
34,60,7.965
36,60,7.967
38,60,7.973
40,60,7.990
42,60,8.005
44,60,8.023
46,60,8.038
48,60,8.052
50,60,8.068
52,60,8.077
54,60,8.086
56,60,8.095
58,60,8.101
60,60,8.116
62,60,8.115
64,60,8.077
66,60,8.062
68,60,8.055
70,60,8.051
72,60,8.106
74,60,8.132
76,60,8.209
78,60,8.283
80,60,8.331
82,60,8.336
84,60,8.372
86,60,8.358
88,60,8.358
90,60,8.309
92,60,8.245
94,60,8.139
96,60,7.847
98,60,7.800
100,60,7.682
102,60,7.767
104,60,7.661
106,60,7.658
108,60,7.591
110,60,7.581
112,60,7.596
114,60,7.759
116,60,7.913
118,60,8.072
120,60,8.052
122,60,7.955
124,60,8.077
126,60,8.238
128,60,8.310
130,60,8.304
132,60,8.322
134,60,8.316
136,60,8.323
138,60,8.325
140,60,8.341
142,60,8.345
144,60,8.332
146,60,8.287
148,60,8.298
150,60,8.293
150,62,8.319
148,62,8.371
146,62,8.411
144,62,8.413
142,62,8.451
140,62,8.454
138,62,8.441
136,62,8.414
134,62,8.403
132,62,8.379
130,62,8.347
128,62,8.272
126,62,8.173
124,62,8.101
122,62,8.137
120,62,7.993
118,62,7.933
116,62,7.929
114,62,8.001
112,62,8.048
110,62,8.150
108,62,8.239
106,62,8.308
104,62,8.412
102,62,8.423
100,62,8.418
98,62,8.412
96,62,8.384
94,62,8.355
92,62,8.323
90,62,8.294
88,62,8.279
86,62,8.269
84,62,8.269
82,62,8.250
80,62,8.229
78,62,8.207
76,62,8.187
74,62,8.184
72,62,8.185
70,62,8.192
68,62,8.179
66,62,8.146
64,62,8.093
62,62,8.034
60,62,7.969
58,62,7.913
56,62,7.880
54,62,7.874
52,62,7.885
50,62,7.905
48,62,7.917
46,62,7.908
44,62,7.876
42,62,7.827
40,62,7.785
38,62,7.741
36,62,7.699
34,62,7.685
32,62,7.669
30,62,7.647
28,62,7.627
26,62,7.606
24,62,7.594
22,62,7.595
20,62,7.597
18,62,7.587
16,62,7.553
14,62,7.518
12,62,7.488
10,62,7.457
8,62,7.426
6,62,7.384
4,62,7.341
2,62,7.292
0,62,7.240
0,64,6.948
2,64,6.964
4,64,7.002
6,64,7.043
8,64,7.093
10,64,7.150
12,64,7.203
14,64,7.254
16,64,7.299
18,64,7.346
20,64,7.379
22,64,7.414
24,64,7.454
26,64,7.496
28,64,7.535
30,64,7.563
32,64,7.581
34,64,7.588
36,64,7.587
38,64,7.591
40,64,7.612
42,64,7.646
44,64,7.667
46,64,7.689
48,64,7.711
50,64,7.739
52,64,7.776
54,64,7.829
56,64,7.880
58,64,7.948
60,64,7.979
62,64,7.993
64,64,7.985
66,64,7.985
68,64,8.023
70,64,8.016
72,64,8.098
74,64,8.203
76,64,8.316
78,64,8.372
80,64,8.390
82,64,8.441
84,64,8.434
86,64,8.406
88,64,8.361
90,64,8.268
92,64,8.193
94,64,8.217
96,64,8.121
98,64,8.044
100,64,7.952
102,64,7.830
104,64,7.862
106,64,7.874
108,64,7.998
110,64,8.020
112,64,8.186
114,64,8.210
116,64,8.265
118,64,8.351
120,64,8.361
122,64,8.361
124,64,8.408
126,64,8.455
128,64,8.462
130,64,8.460
132,64,8.416
134,64,8.436
136,64,8.427
138,64,8.406
140,64,8.290
142,64,8.242
144,64,8.155
146,64,8.333
148,64,8.259
150,64,8.171
150,66,8.105
148,66,8.109
146,66,8.216
144,66,8.314
142,66,8.397
140,66,8.408
138,66,8.426
136,66,8.444
134,66,8.446
132,66,8.438
130,66,8.428
128,66,8.401
126,66,8.380
124,66,8.285
122,66,8.181
120,66,8.140
118,66,8.033
116,66,7.873
114,66,7.798
112,66,7.820
110,66,7.798
108,66,7.908
106,66,8.062
104,66,8.163
102,66,8.260
100,66,8.325
98,66,8.340
96,66,8.350
94,66,8.335
92,66,8.327
90,66,8.309
88,66,8.281
86,66,8.242
84,66,8.194
82,66,8.147
80,66,8.091
78,66,8.057
76,66,8.038
74,66,8.037
72,66,8.042
70,66,8.039
68,66,8.003
66,66,7.938
64,66,7.866
62,66,7.789
60,66,7.715
58,66,7.649
56,66,7.590
54,66,7.553
52,66,7.548
50,66,7.542
48,66,7.516
46,66,7.470
44,66,7.365
42,66,7.203
40,66,7.075
38,66,7.000
36,66,6.967
34,66,6.974
32,66,6.953
30,66,6.910
28,66,6.857
26,66,6.819
24,66,6.810
22,66,6.794
20,66,6.755
18,66,6.669
16,66,6.581
14,66,6.513
12,66,6.453
10,66,6.373
8,66,6.246
6,66,6.069
4,66,5.883
2,66,5.722
0,66,5.677
0,68,5.061
2,68,5.010
4,68,5.051
6,68,5.111
8,68,5.228
10,68,5.405
12,68,5.603
14,68,5.815
16,68,6.022
18,68,6.137
20,68,6.229
22,68,6.331
24,68,6.410
26,68,6.488
28,68,6.569
30,68,6.644
32,68,6.714
34,68,6.749
36,68,6.783
38,68,6.817
40,68,6.854
42,68,6.910
44,68,6.958
46,68,6.989
48,68,7.017
50,68,7.034
52,68,7.063
54,68,7.161
56,68,7.354
58,68,7.480
60,68,7.597
62,68,7.665
64,68,7.682
66,68,7.683
68,68,7.764
70,68,7.874
72,68,8.013
74,68,8.126
76,68,8.224
78,68,8.278
80,68,8.304
82,68,8.318
84,68,8.290
86,68,8.184
88,68,7.898
90,68,8.035
92,68,7.940
94,68,7.768
96,68,7.804
98,68,7.636
100,68,7.643
102,68,7.779
104,68,7.771
106,68,7.993
108,68,8.104
110,68,8.138
112,68,8.239
114,68,8.311
116,68,8.348
118,68,8.348
120,68,8.343
122,68,8.329
124,68,8.340
126,68,8.309
128,68,8.303
130,68,8.263
132,68,8.137
134,68,8.074
136,68,8.166
138,68,8.116
140,68,7.911
142,68,7.970
144,68,7.801
146,68,7.810
148,68,7.839
150,68,7.902
150,70,7.767
148,70,7.704
146,70,7.828
144,70,7.707
142,70,7.853
140,70,7.993
138,70,8.043
136,70,8.092
134,70,8.170
132,70,8.221
130,70,8.242
128,70,8.280
126,70,8.275
124,70,8.247
122,70,8.085
120,70,8.162
118,70,8.122
116,70,8.036
114,70,7.847
112,70,7.766
110,70,7.689
108,70,7.623
106,70,7.505
104,70,7.460
102,70,7.542
100,70,7.553
98,70,7.601
96,70,7.833
94,70,7.971
92,70,7.983
90,70,7.872
88,70,7.952
86,70,7.920
84,70,7.866
82,70,7.864
80,70,7.874
78,70,7.839
76,70,7.822
74,70,7.827
72,70,7.829
70,70,7.779
68,70,7.678
66,70,7.529
64,70,7.394
62,70,7.284
60,70,7.146
58,70,7.047
56,70,7.034
54,70,7.033
52,70,6.997
50,70,6.969
48,70,6.864
46,70,6.640
44,70,6.166
42,70,5.694
40,70,5.456
38,70,5.538
36,70,5.792
34,70,5.950
32,70,5.968
30,70,5.922
28,70,5.879
26,70,5.849
24,70,5.842
22,70,5.800
20,70,5.701
18,70,5.566
16,70,5.375
14,70,5.238
12,70,5.167
10,70,5.041
8,70,4.694
6,70,4.032
4,70,3.300
2,70,2.962
0,70,3.189
0,72,2.910
2,72,2.788
4,72,2.614
6,72,2.513
8,72,2.580
10,72,2.860
12,72,3.370
14,72,3.962
16,72,4.474
18,72,4.824
20,72,4.992
22,72,5.080
24,72,5.145
26,72,5.246
28,72,5.403
30,72,5.557
32,72,5.691
34,72,5.775
36,72,5.814
38,72,5.841
40,72,5.888
42,72,5.939
44,72,6.027
46,72,6.079
48,72,5.986
50,72,5.803
52,72,5.649
54,72,5.696
56,72,5.989
58,72,6.506
60,72,7.000
62,72,7.285
64,72,7.450
66,72,7.595
68,72,7.574
70,72,7.662
72,72,7.712
74,72,7.760
76,72,7.825
78,72,7.847
80,72,7.735
82,72,7.734
84,72,7.549
86,72,7.480
88,72,7.275
90,72,7.099
92,72,7.174
94,72,7.225
96,72,7.049
98,72,7.607
100,72,7.777
102,72,7.757
104,72,7.810
106,72,7.941
108,72,8.037
110,72,8.074
112,72,8.076
114,72,8.087
116,72,8.087
118,72,8.047
120,72,7.974
122,72,7.933
124,72,7.743
126,72,7.664
128,72,7.737
130,72,7.578
132,72,7.505
134,72,7.344
136,72,7.354
138,72,7.370
140,72,7.388
142,72,7.393
144,72,7.549
146,72,7.432
148,72,7.547
150,72,7.660
150,74,7.511
148,74,7.703
146,74,7.546
144,74,7.211
142,74,7.088
140,74,7.135
138,74,7.128
136,74,7.083
134,74,7.285
132,74,7.379
130,74,7.683
128,74,7.693
126,74,7.684
124,74,7.827
122,74,7.854
120,74,7.899
118,74,7.889
116,74,7.816
114,74,7.841
112,74,7.726
110,74,7.503
108,74,7.191
106,74,6.967
104,74,6.834
102,74,6.749
100,74,6.823
98,74,6.597
96,74,6.726
94,74,6.643
92,74,6.912
90,74,6.967
88,74,7.129
86,74,7.226
84,74,7.425
82,74,7.564
80,74,7.725
78,74,7.780
76,74,7.824
74,74,7.810
72,74,7.705
70,74,7.585
68,74,7.445
66,74,7.268
64,74,7.078
62,74,6.887
60,74,6.741
58,74,6.688
56,74,6.687
54,74,6.711
52,74,6.711
50,74,6.563
48,74,6.094
46,74,5.217
44,74,4.291
42,74,3.728
40,74,3.748
38,74,4.272
36,74,5.010
34,74,5.468
32,74,5.553
30,74,5.519
28,74,5.471
26,74,5.446
24,74,5.436
22,74,5.377
20,74,5.213
18,74,4.949
16,74,4.676
14,74,4.525
12,74,4.444
10,74,4.240
8,74,3.591
6,74,2.474
4,74,1.642
2,74,1.500
0,74,1.989
0,76,2.236
2,76,2.007
4,76,1.684
6,76,1.457
8,76,1.403
10,76,1.588
12,76,2.073
14,76,2.804
16,76,3.564
18,76,4.090
20,76,4.339
22,76,4.438
24,76,4.502
26,76,4.608
28,76,4.802
30,76,5.048
32,76,5.259
34,76,5.399
36,76,5.463
38,76,5.489
40,76,5.515
42,76,5.564
44,76,5.612
46,76,5.606
48,76,5.399
50,76,4.850
52,76,4.221
54,76,3.969
56,76,4.206
58,76,5.081
60,76,6.221
62,76,7.100
64,76,7.485
66,76,7.482
68,76,7.466
70,76,7.446
72,76,7.356
74,76,7.261
76,76,7.344
78,76,7.152
80,76,6.723
82,76,6.991
84,76,6.832
86,76,6.917
88,76,6.935
90,76,6.874
92,76,7.334
94,76,6.996
96,76,6.730
98,76,7.177
100,76,7.281
102,76,7.373
104,76,7.508
106,76,7.601
108,76,7.619
110,76,7.570
112,76,7.520
114,76,7.383
116,76,7.272
118,76,7.141
120,76,7.047
122,76,6.825
124,76,6.805
126,76,6.797
128,76,6.650
130,76,6.708
132,76,6.873
134,76,7.105
136,76,7.170
138,76,7.375
140,76,7.325
142,76,7.507
144,76,7.531
146,76,7.803
148,76,7.855
150,76,7.850
150,78,7.797
148,78,7.729
146,78,7.475
144,78,7.363
142,78,7.286
140,78,6.894
138,78,6.745
136,78,6.739
134,78,6.596
132,78,6.550
130,78,6.820
128,78,6.889
126,78,6.991
124,78,7.090
122,78,7.358
120,78,7.371
118,78,7.577
116,78,7.649
114,78,7.632
112,78,7.638
110,78,7.639
108,78,7.592
106,78,7.537
104,78,7.314
102,78,7.105
100,78,6.912
98,78,6.593
96,78,6.147
94,78,5.958
92,78,5.906
90,78,5.867
88,78,6.145
86,78,6.848
84,78,7.080
82,78,7.346
80,78,7.551
78,78,7.661
76,78,7.694
74,78,7.705
72,78,7.609
70,78,7.520
68,78,7.305
66,78,7.114
64,78,6.943
62,78,6.823
60,78,6.681
58,78,6.585
56,78,6.556
54,78,6.530
52,78,6.455
50,78,6.093
48,78,5.308
46,78,4.308
44,78,3.487
42,78,3.178
40,78,3.444
38,78,4.221
36,78,5.058
34,78,5.477
32,78,5.531
30,78,5.457
28,78,5.374
26,78,5.318
24,78,5.314
22,78,5.267
20,78,5.126
18,78,4.861
16,78,4.572
14,78,4.370
12,78,4.230
10,78,3.996
8,78,3.357
6,78,2.370
4,78,1.706
2,78,1.708
0,78,2.333
0,80,2.665
2,80,2.453
4,80,2.125
6,80,1.837
8,80,1.717
10,80,1.830
12,80,2.213
14,80,2.811
16,80,3.438
18,80,3.873
20,80,4.107
22,80,4.252
24,80,4.386
26,80,4.558
28,80,4.798
30,80,5.049
32,80,5.229
34,80,5.352
36,80,5.380
38,80,5.395
40,80,5.475
42,80,5.574
44,80,5.654
46,80,5.695
48,80,5.513
50,80,5.008
52,80,4.283
54,80,3.892
56,80,4.046
58,80,4.607
60,80,5.674
62,80,6.694
64,80,7.200
66,80,7.387
68,80,7.295
70,80,7.145
72,80,6.538
74,80,6.461
76,80,6.453
78,80,6.332
80,80,6.256
82,80,6.456
84,80,6.835
86,80,6.903
88,80,7.621
90,80,7.519
92,80,7.492
94,80,7.309
96,80,7.213
98,80,7.071
100,80,7.028
102,80,6.892
104,80,6.767
106,80,6.817
108,80,7.035
110,80,6.890
112,80,6.352
114,80,6.425
116,80,6.337
118,80,6.229
120,80,6.234
122,80,6.311
124,80,6.286
126,80,6.453
128,80,7.094
130,80,6.912
132,80,7.392
134,80,7.559
136,80,7.535
138,80,7.512
140,80,7.731
142,80,7.751
144,80,7.751
146,80,7.756
148,80,7.761
150,80,7.738
150,82,7.683
148,82,7.735
146,82,7.711
144,82,7.668
142,82,7.573
140,82,7.544
138,82,7.399
136,82,7.132
134,82,6.785
132,82,6.477
130,82,6.331
128,82,6.627
126,82,6.353
124,82,6.245
122,82,6.274
120,82,6.428
118,82,6.838
116,82,7.266
114,82,7.263
112,82,7.186
110,82,7.257
108,82,7.235
106,82,7.389
104,82,7.329
102,82,7.308
100,82,7.167
98,82,6.808
96,82,6.372
94,82,6.067
92,82,5.742
90,82,5.377
88,82,5.277
86,82,5.548
84,82,5.500
82,82,6.245
80,82,6.939
78,82,7.019
76,82,7.081
74,82,7.061
72,82,7.006
70,82,6.859
68,82,6.735
66,82,6.703
64,82,6.477
62,82,6.316
60,82,6.294
58,82,6.175
56,82,6.086
54,82,5.975
52,82,5.834
50,82,5.572
48,82,5.103
46,82,4.492
44,82,3.999
42,82,3.863
40,82,4.173
38,82,4.655
36,82,5.010
34,82,5.122
32,82,5.087
30,82,4.944
28,82,4.792
26,82,4.685
24,82,4.670
22,82,4.676
20,82,4.557
18,82,4.306
16,82,3.959
14,82,3.622
12,82,3.310
10,82,2.997
8,82,2.611
6,82,2.171
4,82,1.906
2,82,1.946
0,82,2.186
0,84,1.942
2,84,1.963
4,84,1.920
6,84,1.860
8,84,1.834
10,84,1.883
12,84,2.033
14,84,2.277
16,84,2.550
18,84,2.827
20,84,3.082
22,84,3.341
24,84,3.624
26,84,3.909
28,84,4.250
30,84,4.500
32,84,4.689
34,84,4.756
36,84,4.801
38,84,4.869
40,84,4.986
42,84,5.181
44,84,5.400
46,84,5.592
48,84,5.450
50,84,5.841
52,84,5.561
54,84,4.859
56,84,4.929
58,84,5.366
60,84,5.733
62,84,6.114
64,84,6.444
66,84,6.116
68,84,5.788
70,84,5.579
72,84,4.954
74,84,5.113
76,84,5.009
78,84,5.247
80,84,5.324
82,84,6.018
84,84,6.506
86,84,6.768
88,84,6.956
90,84,6.980
92,84,6.914
94,84,6.555
96,84,6.751
98,84,6.663
100,84,6.398
102,84,5.438
104,84,5.573
106,84,5.494
108,84,5.603
110,84,5.653
112,84,5.485
114,84,5.533
116,84,6.001
118,84,5.960
120,84,6.369
122,84,6.431
124,84,6.863
126,84,7.113
128,84,7.151
130,84,7.235
132,84,7.299
134,84,7.357
136,84,7.372
138,84,7.366
140,84,7.399
142,84,7.440
144,84,7.271
146,84,7.232
148,84,7.198
150,84,7.107
150,86,6.580
148,86,6.615
146,86,7.095
144,86,7.129
142,86,7.151
140,86,7.118
138,86,7.065
136,86,6.810
134,86,6.267
132,86,6.687
130,86,6.832
128,86,6.019
126,86,5.788
124,86,5.503
122,86,5.632
120,86,4.992
118,86,4.968
116,86,5.022
114,86,5.212
112,86,5.589
110,86,6.005
108,86,6.005
106,86,6.181
104,86,6.339
102,86,6.222
100,86,6.143
98,86,5.979
96,86,5.753
94,86,5.445
92,86,4.982
90,86,5.151
88,86,4.478
86,86,4.023
84,86,3.863
82,86,3.863
80,86,4.556
78,86,4.606
76,86,4.674
74,86,5.335
72,86,5.405
70,86,5.478
68,86,5.361
66,86,5.594
64,86,5.122
62,86,5.070
60,86,5.112
58,86,5.122
56,86,5.025
54,86,4.923
52,86,4.813
50,86,4.650
48,86,4.463
46,86,4.258
44,86,4.079
42,86,3.933
40,86,3.922
38,86,3.966
36,86,3.910
34,86,3.840
32,86,3.701
30,86,3.554
28,86,3.423
26,86,3.416
24,86,3.450
22,86,3.415
20,86,3.254
18,86,3.014
16,86,2.763
14,86,2.543
12,86,2.326
10,86,2.117
8,86,1.924
6,86,1.764
4,86,1.659
2,86,1.596
0,86,1.558
0,88,1.574
2,88,1.574
4,88,1.591
6,88,1.621
8,88,1.660
10,88,1.704
12,88,1.768
14,88,1.858
16,88,1.975
18,88,2.097
20,88,2.243
22,88,2.402
24,88,2.582
26,88,2.765
28,88,2.974
30,88,3.193
32,88,3.384
34,88,3.512
36,88,3.505
38,88,3.497
40,88,3.622
42,88,3.789
44,88,4.135
46,88,4.319
48,88,4.545
50,88,4.904
52,88,5.343
54,88,5.413
56,88,5.424
58,88,5.473
60,88,4.904
62,88,5.287
64,88,4.530
66,88,3.946
68,88,3.690
70,88,3.518
72,88,3.746
74,88,3.822
76,88,4.298
78,88,4.394
80,88,4.900
82,88,5.132
84,88,5.280
86,88,5.456
88,88,5.579
90,88,5.540
92,88,5.512
94,88,5.314
96,88,4.913
98,88,4.246
100,88,4.127
102,88,3.768
104,88,3.440
106,88,4.214
108,88,4.948
110,88,5.272
112,88,4.634
114,88,5.095
116,88,5.548
118,88,5.342
120,88,5.516
122,88,5.909
124,88,5.978
126,88,5.911
128,88,5.988
130,88,6.075
132,88,6.108
134,88,6.035
136,88,6.190
138,88,6.088
140,88,5.902
142,88,5.945
144,88,5.889
146,88,5.662
148,88,5.206
150,88,5.174
150,90,4.683
148,90,4.747
146,90,5.060
144,90,5.076
142,90,5.287
140,90,5.696
138,90,5.676
136,90,5.677
134,90,5.603
132,90,5.453
130,90,5.329
128,90,5.072
126,90,4.776
124,90,4.875
122,90,4.248
120,90,3.530
118,90,3.410
116,90,3.086
114,90,3.079
112,90,3.202
110,90,3.079
108,90,3.213
106,90,3.740
104,90,4.135
102,90,4.478
100,90,4.410
98,90,4.332
96,90,4.351
94,90,4.143
92,90,3.971
90,90,3.939
88,90,3.571
86,90,2.720
84,90,2.841
82,90,3.135
80,90,2.492
78,90,2.604
76,90,2.664
74,90,2.823
72,90,3.193
70,90,3.808
68,90,4.058
66,90,4.341
64,90,4.532
62,90,4.563
60,90,4.586
58,90,4.531
56,90,4.234
54,90,4.094
52,90,4.090
50,90,3.949
48,90,3.825
46,90,3.638
44,90,3.539
42,90,3.381
40,90,3.335
38,90,3.282
36,90,3.199
34,90,3.099
32,90,2.952
30,90,2.888
28,90,2.897
26,90,2.972
24,90,3.025
22,90,2.962
20,90,2.853
18,90,2.753
16,90,2.694
14,90,2.600
12,90,2.466
10,90,2.343
8,90,2.255
6,90,2.199
4,90,2.145
2,90,2.087
0,90,2.019
0,92,2.286
2,92,2.245
4,92,2.258
6,92,2.269
8,92,2.283
10,92,2.298
12,92,2.314
14,92,2.328
16,92,2.351
18,92,2.410
20,92,2.500
22,92,2.598
24,92,2.699
26,92,2.766
28,92,2.826
30,92,2.891
32,92,3.004
34,92,3.155
36,92,3.238
38,92,3.300
40,92,3.157
42,92,3.278
44,92,3.588
46,92,4.058
48,92,4.333
50,92,4.686
52,92,4.929
54,92,4.887
56,92,4.694
58,92,4.463
60,92,3.949
62,92,3.376
64,92,2.752
66,92,2.489
68,92,2.412
70,92,2.847
72,92,3.230
74,92,3.484
76,92,3.639
78,92,3.822
80,92,4.056
82,92,4.117
84,92,4.160
86,92,4.165
88,92,4.266
90,92,3.942
92,92,4.054
94,92,4.068
96,92,2.649
98,92,2.394
100,92,2.365
102,92,2.114
104,92,2.187
106,92,2.176
108,92,2.850
110,92,3.175
112,92,3.746
114,92,3.971
116,92,4.482
118,92,4.623
120,92,4.654
122,92,4.745
124,92,4.723
126,92,4.662
128,92,4.594
130,92,4.239
132,92,4.321
134,92,4.262
136,92,3.720
138,92,3.371
140,92,3.207
142,92,3.250
144,92,3.127
146,92,3.220
148,92,3.189
150,92,3.071
150,94,2.724
148,94,2.850
146,94,3.025
144,94,2.726
142,94,3.215
140,94,3.865
138,94,4.073
136,94,4.020
134,94,4.304
132,94,4.318
130,94,4.347
128,94,4.310
126,94,4.248
124,94,4.090
122,94,3.801
120,94,3.495
118,94,3.098
116,94,3.005
114,94,2.589
112,94,2.569
110,94,2.398
108,94,2.330
106,94,2.388
104,94,3.011
102,94,2.792
100,94,3.367
98,94,3.585
96,94,3.907
94,94,3.897
92,94,4.069
90,94,4.003
88,94,4.078
86,94,4.050
84,94,3.859
82,94,3.507
80,94,2.936
78,94,2.684
76,94,2.560
74,94,2.354
72,94,2.500
70,94,3.151
68,94,3.851
66,94,3.733
64,94,4.352
62,94,4.738
60,94,4.873
58,94,4.875
56,94,4.841
54,94,4.623
52,94,4.335
50,94,4.128
48,94,3.966
46,94,3.800
44,94,3.755
42,94,3.752
40,94,3.786
38,94,3.751
36,94,3.676
34,94,3.615
32,94,3.534
30,94,3.492
28,94,3.448
26,94,3.427
24,94,3.437
22,94,3.454
20,94,3.514
18,94,3.574
16,94,3.508
14,94,3.244
12,94,2.936
10,94,2.776
8,94,2.873
6,94,3.097
4,94,3.253
2,94,3.216
0,94,3.019
0,96,3.276
2,96,3.280
4,96,3.397
6,96,3.501
8,96,3.532
10,96,3.445
12,96,3.264
14,96,3.060
16,96,2.888
18,96,2.827
20,96,2.926
22,96,3.154
24,96,3.426
26,96,3.639
28,96,3.723
30,96,3.701
32,96,3.653
34,96,3.607
36,96,3.601
38,96,3.812
40,96,3.872
42,96,3.990
44,96,4.451
46,96,4.900
48,96,5.359
50,96,5.466
52,96,5.342
54,96,4.816
56,96,4.683
58,96,3.808
60,96,3.441
62,96,2.767
64,96,2.587
66,96,2.962
68,96,2.958
70,96,3.450
72,96,3.544
74,96,3.634
76,96,4.358
78,96,4.457
80,96,4.389
82,96,4.357
84,96,3.964
86,96,3.520
88,96,3.737
90,96,3.470
92,96,3.160
94,96,2.682
96,96,2.507
98,96,2.582
100,96,2.437
102,96,2.461
104,96,3.035
106,96,3.307
108,96,3.295
110,96,3.692
112,96,3.940
114,96,4.231
116,96,4.347
118,96,4.423
120,96,4.119
122,96,4.034
124,96,4.241
126,96,4.219
128,96,3.942
130,96,3.610
132,96,3.312
134,96,2.887
136,96,2.575
138,96,2.408
140,96,2.377
142,96,2.637
144,96,2.423
146,96,2.676
148,96,2.658
150,96,2.656
150,98,2.844
148,98,2.740
146,98,2.607
144,98,2.758
142,98,3.012
140,98,3.328
138,98,3.567
136,98,3.418
134,98,4.148
132,98,4.698
130,98,4.571
128,98,4.649
126,98,4.625
124,98,4.807
122,98,4.782
120,98,4.619
118,98,4.653
116,98,4.673
114,98,4.187
112,98,3.871
110,98,3.598
108,98,3.143
106,98,2.980
104,98,2.853
102,98,2.876
100,98,3.217
98,98,4.068
96,98,4.495
94,98,4.872
92,98,5.100
90,98,5.340
88,98,5.476
86,98,5.519
84,98,5.366
82,98,5.250
80,98,4.954
78,98,5.024
76,98,4.466
74,98,3.671
72,98,3.462
70,98,3.459
68,98,3.556
66,98,4.124
64,98,5.017
62,98,5.787
60,98,5.969
58,98,6.126
56,98,6.090
54,98,6.027
52,98,5.613
50,98,4.996
48,98,4.669
46,98,4.690
44,98,4.683
42,98,4.906
40,98,5.098
38,98,5.100
36,98,5.032
34,98,4.945
32,98,4.786
30,98,4.452
28,98,4.097
26,98,3.867
24,98,3.918
22,98,4.226
20,98,4.635
18,98,4.805
16,98,4.525
14,98,3.913
12,98,3.398
10,98,3.323
8,98,3.720
6,98,4.300
4,98,4.699
2,98,4.614
0,98,4.207
0,100,4.489
2,100,4.549
4,100,4.734
6,100,4.940
8,100,5.030
10,100,4.890
12,100,4.505
14,100,4.042
16,100,3.639
18,100,3.375
20,100,3.393
22,100,3.702
24,100,4.195
26,100,4.669
28,100,4.915
30,100,4.830
32,100,4.526
34,100,4.212
36,100,4.065
38,100,4.281
40,100,4.824
42,100,5.351
44,100,5.972
46,100,6.503
48,100,6.610
50,100,6.626
52,100,6.567
54,100,5.815
56,100,5.057
58,100,4.447
60,100,3.624
62,100,3.386
64,100,3.883
66,100,4.186
68,100,4.950
70,100,5.546
72,100,5.776
74,100,5.784
76,100,5.755
78,100,5.576
80,100,5.412
82,100,5.116
84,100,4.940
86,100,5.011
88,100,4.629
90,100,4.126
92,100,4.041
94,100,4.016
96,100,4.026
98,100,4.085
100,100,4.530
102,100,4.730
104,100,4.994
106,100,4.995
108,100,4.978
110,100,5.027
112,100,5.038
114,100,5.132
116,100,5.167
118,100,5.202
120,100,5.184
122,100,5.108
124,100,4.728
126,100,4.725
128,100,4.411
130,100,4.197
132,100,3.764
134,100,3.978
136,100,3.798
138,100,3.429
140,100,3.393
142,100,3.669
144,100,3.691
146,100,3.851
148,100,4.361
150,100,4.620
150,102,4.990
148,102,4.676
146,102,4.389
144,102,4.307
142,102,4.211
140,102,4.104
138,102,4.332
136,102,4.635
134,102,5.022
132,102,5.371
130,102,5.715
128,102,5.871
126,102,5.925
124,102,6.057
122,102,6.286
120,102,6.299
118,102,6.256
116,102,6.198
114,102,6.002
112,102,5.662
110,102,5.219
108,102,4.522
106,102,4.266
104,102,3.754
102,102,3.747
100,102,3.870
98,102,3.988
96,102,4.359
94,102,5.090
92,102,6.087
90,102,6.589
88,102,6.777
86,102,6.740
84,102,6.939
82,102,6.876
80,102,6.816
78,102,6.653
76,102,6.290
74,102,5.395
72,102,4.667
70,102,4.503
68,102,4.588
66,102,5.174
64,102,5.655
62,102,6.268
60,102,6.904
58,102,7.065
56,102,7.118
54,102,6.859
52,102,6.327
50,102,5.788
48,102,5.582
46,102,5.358
44,102,5.645
42,102,6.043
40,102,6.326
38,102,6.374
36,102,6.317
34,102,6.191
32,102,5.863
30,102,5.352
28,102,4.848
26,102,4.602
24,102,4.799
22,102,5.334
20,102,5.887
18,102,6.040
16,102,5.626
14,102,4.949
12,102,4.495
10,102,4.580
8,102,5.161
6,102,5.865
4,102,6.270
2,102,6.105
0,102,5.674
0,104,6.053
2,104,6.071
4,104,6.243
6,104,6.444
8,104,6.537
10,104,6.413
12,104,6.077
14,104,5.582
16,104,5.066
18,104,4.680
20,104,4.579
22,104,4.814
24,104,5.273
26,104,5.805
28,104,6.135
30,104,6.081
32,104,5.709
34,104,5.249
36,104,4.923
38,104,5.053
40,104,5.547
42,104,6.411
44,104,7.019
46,104,7.435
48,104,7.530
50,104,7.459
52,104,7.243
54,104,6.544
56,104,5.658
58,104,4.838
60,104,4.334
62,104,4.600
64,104,5.345
66,104,6.000
68,104,6.653
70,104,7.033
72,104,7.150
74,104,7.049
76,104,6.830
78,104,6.385
80,104,5.994
82,104,6.028
84,104,5.990
86,104,5.752
88,104,5.421
90,104,5.470
92,104,5.727
94,104,5.908
96,104,5.957
98,104,6.020
100,104,6.255
102,104,6.448
104,104,6.375
106,104,6.184
108,104,5.965
110,104,5.758
112,104,5.644
114,104,5.408
116,104,5.534
118,104,5.820
120,104,5.842
122,104,5.706
124,104,5.272
126,104,5.681
128,104,5.416
130,104,5.104
132,104,5.264
134,104,5.141
136,104,5.293
138,104,5.351
140,104,5.512
142,104,5.937
144,104,5.694
146,104,5.811
148,104,6.255
150,104,6.293
150,106,6.556
148,106,6.430
146,106,6.266
144,106,5.887
142,106,5.921
140,106,5.623
138,106,5.587
136,106,5.678
134,106,5.789
132,106,6.030
130,106,6.273
128,106,6.591
126,106,6.869
124,106,6.856
122,106,6.940
120,106,6.945
118,106,7.195
116,106,7.109
114,106,6.901
112,106,6.676
110,106,6.409
108,106,6.005
106,106,5.213
104,106,5.459
102,106,4.932
100,106,4.863
98,106,4.991
96,106,5.184
94,106,5.609
92,106,6.068
90,106,6.752
88,106,7.217
86,106,7.480
84,106,7.698
82,106,7.686
80,106,7.645
78,106,7.436
76,106,7.173
74,106,6.630
72,106,6.603
70,106,6.275
68,106,5.958
66,106,6.011
64,106,6.544
62,106,6.897
60,106,7.316
58,106,7.753
56,106,7.790
54,106,7.529
52,106,7.266
50,106,6.744
48,106,6.658
46,106,6.712
44,106,6.997
42,106,7.260
40,106,7.437
38,106,7.467
36,106,7.365
34,106,7.265
32,106,6.972
30,106,6.525
28,106,6.219
26,106,6.041
24,106,6.309
22,106,6.734
20,106,7.168
18,106,7.184
16,106,6.857
14,106,6.467
12,106,6.278
10,106,6.438
8,106,6.854
6,106,7.252
4,106,7.413
2,106,7.310
0,106,7.129
0,108,7.430
2,108,7.415
4,108,7.458
6,108,7.508
8,108,7.531
10,108,7.496
12,108,7.362
14,108,7.123
16,108,6.823
18,108,6.549
20,108,6.414
22,108,6.495
24,108,6.744
26,108,7.055
28,108,7.291
30,108,7.301
32,108,7.102
34,108,6.767
36,108,6.724
38,108,6.761
40,108,7.048
42,108,7.543
44,108,7.823
46,108,7.992
48,108,7.941
50,108,7.651
52,108,7.326
54,108,6.999
56,108,6.549
58,108,5.987
60,108,5.854
62,108,6.168
64,108,6.674
66,108,7.179
68,108,7.687
70,108,7.853
72,108,7.852
74,108,7.757
76,108,7.590
78,108,7.035
80,108,6.357
82,108,5.833
84,108,5.562
86,108,5.934
88,108,6.342
90,108,7.088
92,108,7.494
94,108,7.552
96,108,7.570
98,108,7.537
100,108,7.410
102,108,7.267
104,108,7.048
106,108,6.646
108,108,6.391
110,108,6.077
112,108,5.696
114,108,5.163
116,108,5.165
118,108,5.222
120,108,5.832
122,108,6.023
124,108,6.030
126,108,6.237
128,108,6.435
130,108,6.662
132,108,7.082
134,108,7.109
136,108,7.147
138,108,7.302
140,108,7.287
142,108,7.139
144,108,7.035
146,108,7.119
148,108,7.254
150,108,7.347
150,110,7.496
148,110,7.362
146,110,7.279
144,110,7.411
142,110,7.385
140,110,7.119
138,110,6.865
136,110,6.953
134,110,7.074
132,110,7.044
130,110,6.917
128,110,6.985
126,110,7.251
124,110,7.089
122,110,6.879
120,110,6.937
118,110,6.992
116,110,7.431
114,110,7.437
112,110,7.205
110,110,6.975
108,110,6.664
106,110,6.387
104,110,6.098
102,110,6.489
100,110,6.482
98,110,6.250
96,110,6.465
94,110,6.524
92,110,6.893
90,110,6.995
88,110,7.428
86,110,7.706
84,110,7.907
82,110,7.971
80,110,7.995
78,110,7.945
76,110,7.824
74,110,7.637
72,110,7.362
70,110,7.554
68,110,7.514
66,110,7.445
64,110,7.558
62,110,7.562
60,110,7.551
58,110,7.855
56,110,7.960
54,110,7.972
52,110,8.007
50,110,7.944
48,110,7.921
46,110,8.012
44,110,8.066
42,110,8.166
40,110,8.186
38,110,8.130
36,110,8.085
34,110,8.004
32,110,7.905
30,110,7.702
28,110,7.552
26,110,7.530
24,110,7.650
22,110,7.799
20,110,7.871
18,110,7.863
16,110,7.779
14,110,7.676
12,110,7.638
10,110,7.694
8,110,7.792
6,110,7.869
4,110,7.895
2,110,7.876
0,110,7.853
0,112,7.929
2,112,7.922
4,112,7.921
6,112,7.929
8,112,7.933
10,112,7.927
12,112,7.905
14,112,7.862
16,112,7.808
18,112,7.750
20,112,7.712
22,112,7.722
24,112,7.780
26,112,7.869
28,112,7.945
30,112,7.984
32,112,8.002
34,112,7.954
36,112,8.044
38,112,8.052
40,112,8.101
42,112,8.221
44,112,8.261
46,112,8.263
48,112,8.150
50,112,7.864
52,112,7.757
54,112,7.898
56,112,7.794
58,112,7.367
60,112,7.363
62,112,7.515
64,112,7.838
66,112,8.073
68,112,8.174
70,112,8.243
72,112,8.276
74,112,8.260
76,112,8.010
78,112,7.511
80,112,6.837
82,112,6.698
84,112,6.766
86,112,7.252
88,112,7.344
90,112,7.658
92,112,7.804
94,112,8.063
96,112,8.087
98,112,8.018
100,112,7.929
102,112,7.858
104,112,7.458
106,112,6.810
108,112,6.467
110,112,6.275
112,112,5.975
114,112,6.085
116,112,5.828
118,112,5.990
120,112,6.233
122,112,6.654
124,112,7.037
126,112,7.415
128,112,7.572
130,112,7.682
132,112,7.820
134,112,7.890
136,112,7.837
138,112,7.823
140,112,7.835
142,112,7.840
144,112,7.776
146,112,7.760
148,112,7.763
150,112,7.759
150,114,7.904
148,114,7.904
146,114,7.921
144,114,7.925
142,114,7.906
140,114,7.813
138,114,7.777
136,114,7.986
134,114,7.618
132,114,7.513
130,114,7.607
128,114,7.494
126,114,7.577
124,114,7.810
122,114,7.631
120,114,7.380
118,114,7.944
116,114,7.697
114,114,7.840
112,114,7.837
110,114,7.796
108,114,7.676
106,114,7.510
104,114,7.531
102,114,7.630
100,114,7.770
98,114,7.751
96,114,7.683
94,114,7.631
92,114,7.527
90,114,7.553
88,114,7.630
86,114,7.782
84,114,7.728
82,114,7.787
80,114,7.781
78,114,7.812
76,114,8.112
74,114,8.142
72,114,8.183
70,114,8.157
68,114,7.966
66,114,8.225
64,114,8.152
62,114,7.993
60,114,7.972
58,114,7.997
56,114,7.981
54,114,7.947
52,114,8.029
50,114,8.292
48,114,8.384
46,114,8.424
44,114,8.474
42,114,8.466
40,114,8.432
38,114,8.409
36,114,8.355
34,114,8.307
32,114,8.260
30,114,8.170
28,114,8.135
26,114,8.095
24,114,8.103
22,114,8.105
20,114,8.097
18,114,8.069
16,114,8.034
14,114,8.011
12,114,7.994
10,114,7.996
8,114,8.009
6,114,8.011
4,114,8.012
2,114,8.009
0,114,8.010
0,116,8.028
2,116,8.022
4,116,8.021
6,116,8.023
8,116,8.020
10,116,8.022
12,116,8.024
14,116,8.026
16,116,8.019
18,116,8.013
20,116,8.025
22,116,8.037
24,116,8.078
26,116,8.119
28,116,8.167
30,116,8.229
32,116,8.359
34,116,8.421
36,116,8.463
38,116,8.446
40,116,8.445
42,116,8.425
44,116,8.298
46,116,8.125
48,116,8.007
50,116,7.975
52,116,8.017
54,116,8.051
56,116,8.232
58,116,8.376
60,116,8.321
62,116,8.374
64,116,8.402
66,116,8.382
68,116,8.409
70,116,8.340
72,116,8.163
74,116,7.963
76,116,7.879
78,116,7.801
80,116,7.710
82,116,7.587
84,116,7.839
86,116,8.010
88,116,8.038
90,116,8.095
92,116,8.225
94,116,8.269
96,116,8.289
98,116,8.305
100,116,8.292
102,116,7.981
104,116,7.983
106,116,7.918
108,116,7.430
110,116,7.216
112,116,7.060
114,116,6.976
116,116,7.066
118,116,7.276
120,116,7.545
122,116,7.827
124,116,7.879
126,116,8.062
128,116,8.177
130,116,8.169
132,116,8.315
134,116,8.283
136,116,8.347
138,116,8.339
140,116,8.295
142,116,8.224
144,116,8.165
146,116,8.060
148,116,8.060
150,116,7.991
150,118,8.159
148,118,8.200
146,118,8.230
144,118,8.327
142,118,8.344
140,118,8.378
138,118,8.397
136,118,8.402
134,118,8.378
132,118,8.309
130,118,8.280
128,118,8.197
126,118,8.039
124,118,7.993
122,118,7.897
120,118,7.854
118,118,7.830
116,118,8.049
114,118,8.066
112,118,8.062
110,118,8.098
108,118,8.216
106,118,8.248
104,118,8.278
102,118,8.347
100,118,8.374
98,118,8.378
96,118,8.414
94,118,8.356
92,118,8.391
90,118,8.304
88,118,7.991
86,118,7.820
84,118,7.843
82,118,7.710
80,118,7.709
78,118,7.821
76,118,8.058
74,118,8.271
72,118,8.300
70,118,8.418
68,118,8.468
66,118,8.448
64,118,8.398
62,118,8.374
60,118,8.287
58,118,8.174
56,118,8.015
54,118,8.035
52,118,8.207
50,118,8.237
48,118,8.311
46,118,8.338
44,118,8.497
42,118,8.527
40,118,8.520
38,118,8.502
36,118,8.453
34,118,8.386
32,118,8.344
30,118,8.299
28,118,8.256
26,118,8.228
24,118,8.197
22,118,8.165
20,118,8.128
18,118,8.110
16,118,8.090
14,118,8.074
12,118,8.058
10,118,8.048
8,118,8.042
6,118,8.035
4,118,8.032
2,118,8.031
0,118,8.036
0,120,8.041
2,120,8.037
4,120,8.034
6,120,8.034
8,120,8.035
10,120,8.046
12,120,8.051
14,120,8.059
16,120,8.070
18,120,8.081
20,120,8.098
22,120,8.113
24,120,8.179
26,120,8.189
28,120,8.307
30,120,8.374
32,120,8.439
34,120,8.513
36,120,8.497
38,120,8.493
40,120,8.410
42,120,8.234
44,120,8.041
46,120,8.056
48,120,8.041
50,120,8.138
52,120,8.159
54,120,8.454
56,120,8.447
58,120,8.482
60,120,8.507
62,120,8.504
64,120,8.446
66,120,8.414
68,120,8.187
70,120,8.116
72,120,8.074
74,120,7.987
76,120,8.033
78,120,8.169
80,120,8.154
82,120,8.254
84,120,8.226
86,120,8.247
88,120,8.265
90,120,8.258
92,120,8.282
94,120,8.304
96,120,8.290
98,120,8.323
100,120,8.263
102,120,8.121
104,120,7.871
106,120,7.900
108,120,7.947
110,120,7.792
112,120,7.959
114,120,7.925
116,120,8.050
118,120,8.027
120,120,8.229
122,120,8.335
124,120,8.368
126,120,8.335
128,120,8.441
130,120,8.471
132,120,8.459
134,120,8.447
136,120,8.466
138,120,8.438
140,120,8.368
142,120,8.347
144,120,8.354
146,120,8.331
148,120,8.261
150,120,8.086
150,122,7.796
148,122,8.075
146,122,8.399
144,122,8.393
142,122,8.434
140,122,8.430
138,122,8.484
136,122,8.489
134,122,8.484
132,122,8.460
130,122,8.487
128,122,8.488
126,122,8.446
124,122,8.213
122,122,8.371
120,122,8.235
118,122,8.014
116,122,7.959
114,122,7.962
112,122,7.967
110,122,8.048
108,122,8.051
106,122,8.303
104,122,8.368
102,122,8.425
100,122,8.460
98,122,8.478
96,122,8.480
94,122,8.480
92,122,8.459
90,122,8.312
88,122,8.296
86,122,8.132
84,122,7.967
82,122,7.804
80,122,7.748
78,122,7.725
76,122,7.911
74,122,8.182
72,122,8.358
70,122,8.445
68,122,8.484
66,122,8.511
64,122,8.524
62,122,8.482
60,122,8.435
58,122,8.342
56,122,8.139
54,122,8.029
52,122,8.032
50,122,8.022
48,122,8.130
46,122,8.376
44,122,8.456
42,122,8.488
40,122,8.525
38,122,8.515
36,122,8.486
34,122,8.438
32,122,8.395
30,122,8.348
28,122,8.315
26,122,8.260
24,122,8.220
22,122,8.214
20,122,8.172
18,122,8.129
16,122,8.103
14,122,8.094
12,122,8.079
10,122,8.070
8,122,8.058
6,122,8.046
4,122,8.034
2,122,8.028
0,122,8.033
0,124,8.032
2,124,8.028
4,124,8.027
6,124,8.032
8,124,8.039
10,124,8.051
12,124,8.069
14,124,8.082
16,124,8.095
18,124,8.131
20,124,8.188
22,124,8.231
24,124,8.231
26,124,8.274
28,124,8.376
30,124,8.492
32,124,8.522
34,124,8.527
36,124,8.513
38,124,8.322
40,124,8.316
42,124,8.216
44,124,8.060
46,124,8.024
48,124,8.104
50,124,8.214
52,124,8.448
54,124,8.493
56,124,8.508
58,124,8.519
60,124,8.463
62,124,8.399
64,124,8.344
66,124,8.100
68,124,8.018
70,124,8.022
72,124,8.085
74,124,8.174
76,124,8.329
78,124,8.415
80,124,8.215
82,124,8.415
84,124,8.393
86,124,8.349
88,124,8.352
90,124,8.310
92,124,8.232
94,124,8.214
96,124,8.151
98,124,8.108
100,124,8.019
102,124,7.966
104,124,7.933
106,124,7.964
108,124,8.098
110,124,8.115
112,124,8.319
114,124,8.365
116,124,8.403
118,124,8.388
120,124,8.470
122,124,8.473
124,124,8.483
126,124,8.487
128,124,8.494
130,124,8.497
132,124,8.488
134,124,8.393
136,124,8.290
138,124,8.315
140,124,8.337
142,124,8.237
144,124,8.176
146,124,8.121
148,124,7.994
150,124,7.916
150,126,7.888
148,126,7.987
146,126,8.064
144,126,8.232
142,126,8.361
140,126,8.311
138,126,8.422
136,126,8.485
134,126,8.501
132,126,8.494
130,126,8.503
128,126,8.495
126,126,8.468
124,126,8.405
122,126,8.411
120,126,8.308
118,126,8.186
116,126,8.141
114,126,8.088
112,126,7.943
110,126,8.167
108,126,8.317
106,126,8.239
104,126,8.175
102,126,8.367
100,126,8.360
98,126,8.406
96,126,8.499
94,126,8.472
92,126,8.486
90,126,8.494
88,126,8.490
86,126,8.446
84,126,8.284
82,126,8.134
80,126,8.134
78,126,7.949
76,126,7.910
74,126,8.119
72,126,8.310
70,126,8.387
68,126,8.423
66,126,8.466
64,126,8.517
62,126,8.522
60,126,8.488
58,126,8.495
56,126,8.453
54,126,8.381
52,126,8.125
50,126,8.019
48,126,8.018
46,126,8.179
44,126,8.335
42,126,8.394
40,126,8.461
38,126,8.472
36,126,8.492
34,126,8.486
32,126,8.436
30,126,8.437
28,126,8.363
26,126,8.310
24,126,8.270
22,126,8.243
20,126,8.209
18,126,8.175
16,126,8.146
14,126,8.108
12,126,8.097
10,126,8.086
8,126,8.074
6,126,8.051
4,126,8.033
2,126,8.017
0,126,8.018
0,128,8.022
2,128,8.015
4,128,8.015
6,128,8.030
8,128,8.051
10,128,8.057
12,128,8.087
14,128,8.106
16,128,8.139
18,128,8.146
20,128,8.209
22,128,8.244
24,128,8.240
26,128,8.468
28,128,8.510
30,128,8.513
32,128,8.525
34,128,8.483
36,128,8.361
38,128,8.249
40,128,8.113
42,128,8.074
44,128,8.018
46,128,8.147
48,128,8.347
50,128,8.427
52,128,8.471
54,128,8.510
56,128,8.513
58,128,8.455
60,128,8.398
62,128,8.278
64,128,8.153
66,128,8.168
68,128,8.028
70,128,8.129
72,128,8.265
74,128,8.199
76,128,8.331
78,128,8.464
80,128,8.499
82,128,8.503
84,128,8.493
86,128,8.455
88,128,8.391
90,128,8.260
92,128,8.130
94,128,8.080
96,128,8.025
98,128,8.024
100,128,7.946
102,128,7.941
104,128,8.050
106,128,8.117
108,128,8.340
110,128,8.338
112,128,8.321
114,128,8.456
116,128,8.459
118,128,8.464
120,128,8.481
122,128,8.490
124,128,8.490
126,128,8.487
128,128,8.452
130,128,8.433
132,128,8.363
134,128,8.278
136,128,8.324
138,128,8.253
140,128,8.048
142,128,8.080
144,128,8.062
146,128,8.027
148,128,7.898
150,128,7.936
150,130,8.037
148,130,7.921
146,130,7.939
144,130,7.991
142,130,8.093
140,130,8.067
138,130,8.310
136,130,8.382
134,130,8.412
132,130,8.435
130,130,8.438
128,130,8.482
126,130,8.497
124,130,8.484
122,130,8.452
120,130,8.394
118,130,8.365
116,130,8.179
114,130,8.283
112,130,8.278
110,130,7.967
108,130,7.960
106,130,8.023
104,130,8.093
102,130,8.207
100,130,8.294
98,130,8.323
96,130,8.394
94,130,8.437
92,130,8.496
90,130,8.504
88,130,8.480
86,130,8.481
84,130,8.430
82,130,8.361
80,130,8.251
78,130,8.084
76,130,8.058
74,130,8.019
72,130,8.018
70,130,8.119
68,130,8.204
66,130,8.353
64,130,8.443
62,130,8.498
60,130,8.523
58,130,8.518
56,130,8.501
54,130,8.427
52,130,8.275
50,130,8.204
48,130,8.059
46,130,8.041
44,130,8.032
42,130,8.129
40,130,8.330
38,130,8.398
36,130,8.430
34,130,8.484
32,130,8.504
30,130,8.504
28,130,8.456
26,130,8.420
24,130,8.368
22,130,8.324
20,130,8.309
18,130,8.270
16,130,8.210
14,130,8.171
12,130,8.138
10,130,8.117
8,130,8.099
6,130,8.078
4,130,8.048
2,130,8.027
0,130,8.020
0,132,8.021
2,132,8.014
4,132,8.024
6,132,8.039
8,132,8.056
10,132,8.076
12,132,8.103
14,132,8.141
16,132,8.180
18,132,8.196
20,132,8.251
22,132,8.360
24,132,8.437
26,132,8.465
28,132,8.522
30,132,8.516
32,132,8.450
34,132,8.341
36,132,8.335
38,132,8.148
40,132,8.021
42,132,8.044
44,132,8.130
46,132,8.243
48,132,8.365
50,132,8.419
52,132,8.451
54,132,8.456
56,132,8.425
58,132,8.394
60,132,8.301
62,132,8.197
64,132,8.077
66,132,8.002
68,132,8.097
70,132,8.232
72,132,8.352
74,132,8.476
76,132,8.467
78,132,8.505
80,132,8.502
82,132,8.478
84,132,8.459
86,132,8.370
88,132,8.297
90,132,8.151
92,132,7.994
94,132,7.924
96,132,7.932
98,132,8.064
100,132,8.163
102,132,8.187
104,132,8.238
106,132,8.386
108,132,8.416
110,132,8.412
112,132,8.442
114,132,8.465
116,132,8.488
118,132,8.477
120,132,8.433
122,132,8.423
124,132,8.412
126,132,8.337
128,132,8.303
130,132,8.226
132,132,8.137
134,132,8.043
136,132,7.954
138,132,7.993
140,132,7.923
142,132,7.923
144,132,7.915
146,132,8.008
148,132,8.001
150,132,8.145
150,134,8.032
148,134,7.928
146,134,8.143
144,134,7.923
142,134,7.975
140,134,8.061
138,134,8.175
136,134,8.246
134,134,8.306
132,134,8.336
130,134,8.365
128,134,8.410
126,134,8.393
124,134,8.476
122,134,8.493
120,134,8.439
118,134,8.411
116,134,8.396
114,134,8.427
112,134,8.347
110,134,8.255
108,134,8.088
106,134,8.016
104,134,7.989
102,134,7.966
100,134,8.075
98,134,8.004
96,134,8.115
94,134,8.335
92,134,8.417
90,134,8.475
88,134,8.470
86,134,8.487
84,134,8.489
82,134,8.413
80,134,8.389
78,134,8.299
76,134,8.268
74,134,8.155
72,134,8.004
70,134,8.012
68,134,8.130
66,134,8.165
64,134,8.251
62,134,8.374
60,134,8.427
58,134,8.469
56,134,8.517
54,134,8.450
52,134,8.384
50,134,8.463
48,134,8.416
46,134,8.270
44,134,7.996
42,134,7.925
40,134,7.827
38,134,7.879
36,134,8.187
34,134,8.420
32,134,8.491
30,134,8.502
28,134,8.497
26,134,8.399
24,134,8.357
22,134,8.359
20,134,8.282
18,134,8.217
16,134,8.187
14,134,8.160
12,134,8.138
10,134,8.121
8,134,8.093
6,134,8.072
4,134,8.049
2,134,8.019
0,134,8.011
0,136,8.022
2,136,8.014
4,136,8.021
6,136,8.038
8,136,8.058
10,136,8.090
12,136,8.129
14,136,8.161
16,136,8.214
18,136,8.270
20,136,8.312
22,136,8.356
24,136,8.426
26,136,8.495
28,136,8.510
30,136,8.462
32,136,8.349
34,136,8.166
36,136,8.044
38,136,8.049
40,136,8.003
42,136,8.181
44,136,8.378
46,136,8.432
48,136,8.423
50,136,8.394
52,136,8.355
54,136,8.285
56,136,8.325
58,136,8.125
60,136,7.991
62,136,8.019
64,136,8.092
66,136,8.177
68,136,8.293
70,136,8.374
72,136,8.444
74,136,8.477
76,136,8.494
78,136,8.436
80,136,8.457
82,136,8.357
84,136,8.223
86,136,8.190
88,136,8.155
90,136,7.963
92,136,7.963
94,136,7.946
96,136,8.032
98,136,8.054
100,136,8.210
102,136,8.386
104,136,8.425
106,136,8.389
108,136,8.478
110,136,8.478
112,136,8.467
114,136,8.421
116,136,8.414
118,136,8.390
120,136,8.347
122,136,8.322
124,136,8.277
126,136,8.036
128,136,7.909
130,136,7.922
132,136,7.973
134,136,7.984
136,136,7.972
138,136,8.059
140,136,8.014
142,136,8.075
144,136,8.264
146,136,8.320
148,136,8.274
150,136,8.337
150,138,8.335
148,138,8.248
146,138,8.061
144,138,8.093
142,138,8.071
140,138,7.899
138,138,7.929
136,138,7.969
134,138,7.918
132,138,8.077
130,138,8.193
128,138,8.144
126,138,8.301
124,138,8.369
122,138,8.462
120,138,8.432
118,138,8.456
116,138,8.453
114,138,8.458
112,138,8.438
110,138,8.383
108,138,8.330
106,138,8.173
104,138,8.042
102,138,7.970
100,138,7.970
98,138,7.919
96,138,8.034
94,138,8.251
92,138,8.263
90,138,8.292
88,138,8.375
86,138,8.375
84,138,8.479
82,138,8.482
80,138,8.453
78,138,8.463
76,138,8.386
74,138,8.266
72,138,8.076
70,138,7.958
68,138,7.993
66,138,8.026
64,138,8.004
62,138,8.205
60,138,8.409
58,138,8.423
56,138,8.437
54,138,8.477
52,138,8.497
50,138,8.474
48,138,8.407
46,138,8.318
44,138,8.101
42,138,7.957
40,138,7.865
38,138,7.920
36,138,8.088
34,138,8.301
32,138,8.398
30,138,8.493
28,138,8.509
26,138,8.502
24,138,8.456
22,138,8.401
20,138,8.318
18,138,8.292
16,138,8.253
14,138,8.223
12,138,8.159
10,138,8.120
8,138,8.105
6,138,8.084
4,138,8.054
2,138,8.030
0,138,8.016
0,140,8.031
2,140,8.024
4,140,8.045
6,140,8.061
8,140,8.077
10,140,8.130
12,140,8.152
14,140,8.207
16,140,8.245
18,140,8.337
20,140,8.456
22,140,8.471
24,140,8.509
26,140,8.500
28,140,8.451
30,140,8.412
32,140,8.346
34,140,8.058
36,140,8.011
38,140,8.144
40,140,8.300
42,140,8.436
44,140,8.462
46,140,8.469
48,140,8.440
50,140,8.390
52,140,8.262
54,140,8.153
56,140,7.984
58,140,7.964
60,140,8.005
62,140,8.043
64,140,8.153
66,140,8.226
68,140,8.385
70,140,8.469
72,140,8.503
74,140,8.491
76,140,8.486
78,140,8.399
80,140,8.293
82,140,8.229
84,140,8.078
86,140,7.975
88,140,7.864
90,140,7.919
92,140,7.995
94,140,8.052
96,140,8.320
98,140,8.407
100,140,8.370
102,140,8.443
104,140,8.451
106,140,8.465
108,140,8.466
110,140,8.442
112,140,8.423
114,140,8.356
116,140,8.256
118,140,8.229
120,140,8.236
122,140,8.031
124,140,7.896
126,140,7.918
128,140,7.904
130,140,7.905
132,140,7.940
134,140,7.988
136,140,8.130
138,140,8.138
140,140,8.151
142,140,8.300
144,140,8.378
146,140,8.398
148,140,8.408
150,140,8.458
150,142,8.422
148,142,8.422
146,142,8.327
144,142,8.431
142,142,8.348
140,142,8.239
138,142,8.110
136,142,8.013
134,142,7.919
132,142,7.935
130,142,8.014
128,142,7.962
126,142,8.228
124,142,8.329
122,142,8.395
120,142,8.413
118,142,8.432
116,142,8.402
114,142,8.471
112,142,8.474
110,142,8.470
108,142,8.417
106,142,8.292
104,142,8.249
102,142,8.101
100,142,8.104
98,142,8.075
96,142,7.932
94,142,7.942
92,142,8.016
90,142,7.980
88,142,8.212
86,142,8.354
84,142,8.381
82,142,8.417
80,142,8.448
78,142,8.419
76,142,8.395
74,142,8.362
72,142,8.250
70,142,8.260
68,142,8.187
66,142,8.002
64,142,8.014
62,142,8.063
60,142,8.196
58,142,8.272
56,142,8.361
54,142,8.441
52,142,8.458
50,142,8.482
48,142,8.488
46,142,8.436
44,142,8.271
42,142,8.282
40,142,8.033
38,142,7.936
36,142,7.946
34,142,8.095
32,142,8.264
30,142,8.378
28,142,8.456
26,142,8.511
24,142,8.494
22,142,8.415
20,142,8.460
18,142,8.368
16,142,8.293
14,142,8.230
12,142,8.172
10,142,8.159
8,142,8.131
6,142,8.105
4,142,8.072
2,142,8.049
0,142,8.034
0,144,8.046
2,144,8.040
4,144,8.057
6,144,8.089
8,144,8.119
10,144,8.146
12,144,8.219
14,144,8.304
16,144,8.361
18,144,8.421
20,144,8.494
22,144,8.498
24,144,8.496
26,144,8.443
28,144,8.299
30,144,8.180
32,144,8.023
34,144,8.064
36,144,8.193
38,144,8.260
40,144,8.388
42,144,8.483
44,144,8.490
46,144,8.459
48,144,8.404
50,144,8.223
52,144,8.241
54,144,8.116
56,144,7.929
58,144,7.989
60,144,8.097
62,144,8.302
64,144,8.300
66,144,8.422
68,144,8.487
70,144,8.497
72,144,8.487
74,144,8.441
76,144,8.280
78,144,8.303
80,144,8.132
82,144,8.015
84,144,7.857
86,144,7.854
88,144,7.957
90,144,8.071
92,144,8.292
94,144,8.322
96,144,8.383
98,144,8.466
100,144,8.477
102,144,8.470
104,144,8.470
106,144,8.418
108,144,8.421
110,144,8.420
112,144,8.375
114,144,8.204
116,144,8.127
118,144,8.102
120,144,7.955
122,144,7.886
124,144,7.891
126,144,7.882
128,144,7.941
130,144,8.056
132,144,8.125
134,144,8.237
136,144,8.294
138,144,8.384
140,144,8.389
142,144,8.428
144,144,8.449
146,144,8.465
148,144,8.459
150,144,8.467
150,146,8.468
148,146,8.465
146,146,8.419
144,146,8.429
142,146,8.432
140,146,8.376
138,146,8.217
136,146,8.261
134,146,8.243
132,146,8.091
130,146,7.932
128,146,7.903
126,146,8.034
124,146,8.015
122,146,8.177
120,146,8.283
118,146,8.303
116,146,8.374
114,146,8.401
112,146,8.469
110,146,8.472
108,146,8.464
106,146,8.450
104,146,8.428
102,146,8.367
100,146,8.334
98,146,8.245
96,146,8.156
94,146,7.972
92,146,8.005
90,146,7.940
88,146,8.045
86,146,8.115
84,146,8.231
82,146,8.282
80,146,8.341
78,146,8.359
76,146,8.361
74,146,8.355
72,146,8.379
70,146,8.351
68,146,8.339
66,146,8.309
64,146,8.179
62,146,8.019
60,146,8.046
58,146,8.059
56,146,8.162
54,146,8.402
52,146,8.391
50,146,8.457
48,146,8.502
46,146,8.492
44,146,8.451
42,146,8.360
40,146,8.240
38,146,8.124
36,146,8.016
34,146,7.996
32,146,8.099
30,146,8.249
28,146,8.410
26,146,8.480
24,146,8.500
22,146,8.507
20,146,8.478
18,146,8.436
16,146,8.362
14,146,8.305
12,146,8.247
10,146,8.214
8,146,8.157
6,146,8.125
4,146,8.093
2,146,8.064
0,146,8.046
0,148,8.065
2,148,8.065
4,148,8.089
6,148,8.134
8,148,8.127
10,148,8.238
12,148,8.253
14,148,8.312
16,148,8.364
18,148,8.458
20,148,8.498
22,148,8.453
24,148,8.363
26,148,8.349
28,148,8.161
30,148,8.045
32,148,8.090
34,148,8.292
36,148,8.281
38,148,8.405
40,148,8.427
42,148,8.491
44,148,8.464
46,148,8.356
48,148,8.161
50,148,8.112
52,148,7.948
54,148,7.950
56,148,8.095
58,148,8.209
60,148,8.350
62,148,8.390
64,148,8.440
66,148,8.467
68,148,8.473
70,148,8.466
72,148,8.341
74,148,8.305
76,148,8.277
78,148,8.072
80,148,7.908
82,148,7.873
84,148,7.801
86,148,7.796
88,148,8.103
90,148,8.275
92,148,8.253
94,148,8.398
96,148,8.458
98,148,8.465
100,148,8.469
102,148,8.376
104,148,8.279
106,148,8.286
108,148,8.388
110,148,8.278
112,148,8.119
114,148,7.952
116,148,7.906
118,148,7.888
120,148,7.893
122,148,7.907
124,148,7.975
126,148,8.065
128,148,8.180
130,148,8.260
132,148,8.324
134,148,8.402
136,148,8.361
138,148,8.354
140,148,8.450
142,148,8.463
144,148,8.455
146,148,8.458
148,148,8.442
150,148,8.462
150,150,8.459
148,150,8.456
146,150,8.415
144,150,8.438
142,150,8.320
140,150,8.375
138,150,8.428
136,150,8.428
134,150,8.265
132,150,8.204
130,150,8.005
128,150,7.917
126,150,7.910
124,150,7.911
122,150,7.933
120,150,8.015
118,150,8.200
116,150,8.256
114,150,8.359
112,150,8.423
110,150,8.425
108,150,8.457
106,150,8.472
104,150,8.455
102,150,8.447
100,150,8.414
98,150,8.344
96,150,8.334
94,150,8.147
92,150,7.964
90,150,7.931
88,150,7.932
86,150,7.986
84,150,8.199
82,150,8.150
80,150,8.240
78,150,8.254
76,150,8.295
74,150,8.334
72,150,8.378
70,150,8.396
68,150,8.391
66,150,8.327
64,150,8.389
62,150,8.288
60,150,8.137
58,150,7.990
56,150,8.167
54,150,8.161
52,150,8.232
50,150,8.417
48,150,8.496
46,150,8.501
44,150,8.499
42,150,8.455
40,150,8.384
38,150,8.264
36,150,8.181
34,150,8.054
32,150,8.056
30,150,8.120
28,150,8.304
26,150,8.409
24,150,8.474
22,150,8.507
20,150,8.482
18,150,8.454
16,150,8.397
14,150,8.345
12,150,8.293
10,150,8.231
8,150,8.202
6,150,8.157
4,150,8.100
2,150,8.081
0,150,8.050
