0,0,2.035
2,0,2.031
4,0,2.041
6,0,2.049
8,0,2.067
10,0,2.101
12,0,2.126
14,0,2.156
16,0,2.182
18,0,2.203
20,0,2.217
22,0,2.238
24,0,2.260
26,0,2.276
28,0,2.299
30,0,2.327
32,0,2.348
34,0,2.362
36,0,2.376
38,0,2.401
40,0,2.415
42,0,2.431
44,0,2.443
46,0,2.466
48,0,2.492
50,0,2.507
52,0,2.526
54,0,2.545
56,0,2.555
58,0,2.568
60,0,2.584
62,0,2.585
64,0,2.590
66,0,2.602
68,0,2.625
70,0,2.653
72,0,2.671
74,0,2.689
76,0,2.707
78,0,2.724
80,0,2.744
82,0,2.768
84,0,2.784
86,0,2.800
88,0,2.824
90,0,2.836
92,0,2.843
94,0,2.848
96,0,2.868
98,0,2.885
100,0,2.907
102,0,2.924
104,0,2.945
106,0,2.957
108,0,2.969
110,0,2.984
112,0,3.001
114,0,3.014
116,0,3.031
118,0,3.039
120,0,3.050
122,0,3.065
124,0,3.085
126,0,3.106
128,0,3.130
130,0,3.133
132,0,3.155
134,0,3.175
136,0,3.185
138,0,3.202
140,0,3.214
142,0,3.232
144,0,3.248
146,0,3.265
148,0,3.285
150,0,3.293
150,2,3.305
148,2,3.310
146,2,3.319
144,2,3.312
142,2,3.307
140,2,3.292
138,2,3.277
136,2,3.263
134,2,3.242
132,2,3.233
130,2,3.220
128,2,3.205
126,2,3.185
124,2,3.171
122,2,3.155
120,2,3.147
118,2,3.134
116,2,3.108
114,2,3.099
112,2,3.086
110,2,3.069
108,2,3.046
106,2,3.029
104,2,3.019
102,2,3.006
100,2,2.984
98,2,2.978
96,2,2.965
94,2,2.946
92,2,2.939
90,2,2.920
88,2,2.904
86,2,2.880
84,2,2.864
82,2,2.847
80,2,2.838
78,2,2.814
76,2,2.785
74,2,2.771
72,2,2.748
70,2,2.740
68,2,2.715
66,2,2.693
64,2,2.684
62,2,2.658
60,2,2.631
58,2,2.600
56,2,2.594
54,2,2.564
52,2,2.538
50,2,2.505
48,2,2.479
46,2,2.452
44,2,2.431
42,2,2.417
40,2,2.392
38,2,2.385
36,2,2.377
34,2,2.357
32,2,2.331
30,2,2.297
28,2,2.276
26,2,2.247
24,2,2.233
22,2,2.205
20,2,2.182
18,2,2.161
16,2,2.136
14,2,2.114
12,2,2.090
10,2,2.069
8,2,2.038
6,2,2.010
4,2,2.000
2,2,1.982
0,2,1.950
0,4,1.945
2,4,1.938
4,4,1.939
6,4,1.941
8,4,1.943
10,4,1.964
12,4,1.971
14,4,1.981
16,4,1.992
18,4,2.012
20,4,2.028
22,4,2.028
24,4,2.063
26,4,2.084
28,4,2.120
30,4,2.141
32,4,2.159
34,4,2.186
36,4,2.219
38,4,2.239
40,4,2.254
42,4,2.282
44,4,2.309
46,4,2.331
48,4,2.364
50,4,2.390
52,4,2.405
54,4,2.424
56,4,2.439
58,4,2.457
60,4,2.467
62,4,2.469
64,4,2.479
66,4,2.494
68,4,2.520
70,4,2.549
72,4,2.556
74,4,2.575
76,4,2.600
78,4,2.626
80,4,2.631
82,4,2.639
84,4,2.668
86,4,2.691
88,4,2.693
90,4,2.708
92,4,2.726
94,4,2.759
96,4,2.778
98,4,2.773
100,4,2.793
102,4,2.814
104,4,2.832
106,4,2.846
108,4,2.860
110,4,2.869
112,4,2.877
114,4,2.893
116,4,2.906
118,4,2.913
120,4,2.931
122,4,2.945
124,4,2.955
126,4,2.986
128,4,3.001
130,4,3.004
132,4,3.024
134,4,3.033
136,4,3.047
138,4,3.062
140,4,3.077
142,4,3.100
144,4,3.122
146,4,3.142
148,4,3.164
150,4,3.179
150,6,3.188
148,6,3.199
146,6,3.210
144,6,3.201
142,6,3.182
140,6,3.171
138,6,3.154
136,6,3.132
134,6,3.123
132,6,3.102
130,6,3.079
128,6,3.064
126,6,3.046
124,6,3.027
122,6,3.012
120,6,3.000
118,6,2.985
116,6,2.964
114,6,2.949
112,6,2.934
110,6,2.916
108,6,2.893
106,6,2.878
104,6,2.866
102,6,2.856
100,6,2.833
98,6,2.819
96,6,2.813
94,6,2.799
92,6,2.775
90,6,2.754
88,6,2.739
86,6,2.724
84,6,2.713
82,6,2.695
80,6,2.686
78,6,2.667
76,6,2.632
74,6,2.610
72,6,2.602
70,6,2.577
68,6,2.569
66,6,2.553
64,6,2.523
62,6,2.503
60,6,2.483
58,6,2.463
56,6,2.430
54,6,2.404
52,6,2.373
50,6,2.357
48,6,2.335
46,6,2.292
44,6,2.273
42,6,2.259
40,6,2.243
38,6,2.223
36,6,2.220
34,6,2.197
32,6,2.171
30,6,2.141
28,6,2.117
26,6,2.089
24,6,2.064
22,6,2.040
20,6,2.015
18,6,1.999
16,6,1.981
14,6,1.955
12,6,1.932
10,6,1.909
8,6,1.883
6,6,1.864
4,6,1.856
2,6,1.852
0,6,1.827
0,8,1.814
2,8,1.813
4,8,1.808
6,8,1.807
8,8,1.818
10,8,1.834
12,8,1.842
14,8,1.848
16,8,1.851
18,8,1.860
20,8,1.873
22,8,1.889
24,8,1.911
26,8,1.927
28,8,1.954
30,8,1.989
32,8,2.002
34,8,2.017
36,8,2.049
38,8,2.064
40,8,2.092
42,8,2.118
44,8,2.142
46,8,2.175
48,8,2.187
50,8,2.208
52,8,2.245
54,8,2.270
56,8,2.281
58,8,2.289
60,8,2.310
62,8,2.312
64,8,2.320
66,8,2.340
68,8,2.368
70,8,2.381
72,8,2.398
74,8,2.422
76,8,2.446
78,8,2.475
80,8,2.496
82,8,2.514
84,8,2.529
86,8,2.545
88,8,2.557
90,8,2.574
92,8,2.576
94,8,2.611
96,8,2.623
98,8,2.625
100,8,2.644
102,8,2.655
104,8,2.667
106,8,2.677
108,8,2.697
110,8,2.717
112,8,2.724
114,8,2.750
116,8,2.742
118,8,2.750
120,8,2.766
122,8,2.777
124,8,2.792
126,8,2.818
128,8,2.841
130,8,2.852
132,8,2.855
134,8,2.873
136,8,2.889
138,8,2.909
140,8,2.925
142,8,2.948
144,8,2.959
146,8,2.987
148,8,3.013
150,8,3.041
150,10,3.044
148,10,3.056
146,10,3.057
144,10,3.045
142,10,3.025
140,10,3.016
138,10,2.995
136,10,2.971
134,10,2.948
132,10,2.941
130,10,2.909
128,10,2.888
126,10,2.885
124,10,2.860
122,10,2.835
120,10,2.810
118,10,2.806
116,10,2.790
114,10,2.775
112,10,2.743
110,10,2.739
108,10,2.730
106,10,2.696
104,10,2.682
102,10,2.685
100,10,2.661
98,10,2.662
96,10,2.633
94,10,2.589
92,10,2.589
90,10,2.590
88,10,2.575
86,10,2.569
84,10,2.538
82,10,2.519
80,10,2.510
78,10,2.493
76,10,2.458
74,10,2.440
72,10,2.424
70,10,2.404
68,10,2.383
66,10,2.374
64,10,2.359
62,10,2.331
60,10,2.319
58,10,2.289
56,10,2.257
54,10,2.235
52,10,2.208
50,10,2.183
48,10,2.147
46,10,2.118
44,10,2.099
42,10,2.084
40,10,2.063
38,10,2.040
36,10,2.028
34,10,2.001
32,10,1.972
30,10,1.955
28,10,1.946
26,10,1.935
24,10,1.902
22,10,1.882
20,10,1.867
18,10,1.839
16,10,1.823
14,10,1.811
12,10,1.797
10,10,1.769
8,10,1.745
6,10,1.724
4,10,1.724
2,10,1.718
0,10,1.710
0,12,1.699
2,12,1.692
4,12,1.693
6,12,1.695
8,12,1.699
10,12,1.706
12,12,1.708
14,12,1.704
16,12,1.706
18,12,1.711
20,12,1.721
22,12,1.745
24,12,1.766
26,12,1.789
28,12,1.811
30,12,1.828
32,12,1.843
34,12,1.858
36,12,1.877
38,12,1.903
40,12,1.929
42,12,1.955
44,12,1.978
46,12,1.996
48,12,2.014
50,12,2.035
52,12,2.061
54,12,2.083
56,12,2.100
58,12,2.119
60,12,2.133
62,12,2.142
64,12,2.158
66,12,2.181
68,12,2.201
70,12,2.221
72,12,2.249
74,12,2.275
76,12,2.290
78,12,2.306
80,12,2.330
82,12,2.355
84,12,2.362
86,12,2.367
88,12,2.385
90,12,2.398
92,12,2.411
94,12,2.430
96,12,2.445
98,12,2.458
100,12,2.469
102,12,2.469
104,12,2.473
106,12,2.506
108,12,2.513
110,12,2.525
112,12,2.548
114,12,2.572
116,12,2.581
118,12,2.581
120,12,2.594
122,12,2.606
124,12,2.623
126,12,2.627
128,12,2.646
130,12,2.667
132,12,2.667
134,12,2.685
136,12,2.712
138,12,2.729
140,12,2.741
142,12,2.764
144,12,2.792
146,12,2.820
148,12,2.848
150,12,2.864
150,14,2.868
148,14,2.872
146,14,2.869
144,14,2.863
142,14,2.852
140,14,2.839
138,14,2.809
136,14,2.793
134,14,2.779
132,14,2.753
130,14,2.732
128,14,2.711
126,14,2.689
124,14,2.665
122,14,2.650
120,14,2.638
118,14,2.627
116,14,2.604
114,14,2.584
112,14,2.572
110,14,2.550
108,14,2.536
106,14,2.528
104,14,2.501
102,14,2.491
100,14,2.479
98,14,2.462
96,14,2.449
94,14,2.431
92,14,2.397
90,14,2.372
88,14,2.352
86,14,2.339
84,14,2.321
82,14,2.313
80,14,2.301
78,14,2.288
76,14,2.265
74,14,2.251
72,14,2.233
70,14,2.212
68,14,2.201
66,14,2.175
64,14,2.157
62,14,2.148
60,14,2.125
58,14,2.105
56,14,2.077
54,14,2.062
52,14,2.026
50,14,1.998
48,14,1.970
46,14,1.949
44,14,1.929
42,14,1.912
40,14,1.896
38,14,1.870
36,14,1.850
34,14,1.834
32,14,1.824
30,14,1.804
28,14,1.791
26,14,1.780
24,14,1.766
22,14,1.746
20,14,1.721
18,14,1.693
16,14,1.666
14,14,1.637
12,14,1.627
10,14,1.622
8,14,1.597
6,14,1.574
4,14,1.579
2,14,1.598
0,14,1.614
0,16,1.608
2,16,1.607
4,16,1.606
6,16,1.607
8,16,1.603
10,16,1.595
12,16,1.584
14,16,1.574
16,16,1.567
18,16,1.565
20,16,1.572
22,16,1.591
24,16,1.610
26,16,1.614
28,16,1.617
30,16,1.627
32,16,1.657
34,16,1.692
36,16,1.730
38,16,1.757
40,16,1.779
42,16,1.802
44,16,1.824
46,16,1.840
48,16,1.855
50,16,1.865
52,16,1.886
54,16,1.912
56,16,1.929
58,16,1.944
60,16,1.964
62,16,1.984
64,16,1.992
66,16,2.011
68,16,2.036
70,16,2.061
72,16,2.082
74,16,2.104
76,16,2.126
78,16,2.144
80,16,2.158
82,16,2.168
84,16,2.179
86,16,2.192
88,16,2.201
90,16,2.221
92,16,2.237
94,16,2.251
96,16,2.258
98,16,2.267
100,16,2.276
102,16,2.280
104,16,2.286
106,16,2.301
108,16,2.320
110,16,2.347
112,16,2.363
114,16,2.378
116,16,2.396
118,16,2.409
120,16,2.413
122,16,2.427
124,16,2.438
126,16,2.466
128,16,2.469
130,16,2.491
132,16,2.507
134,16,2.529
136,16,2.545
138,16,2.548
140,16,2.571
142,16,2.601
144,16,2.624
146,16,2.635
148,16,2.650
150,16,2.673
150,18,2.671
148,18,2.673
146,18,2.666
144,18,2.652
142,18,2.645
140,18,2.632
138,18,2.611
136,18,2.591
134,18,2.576
132,18,2.559
130,18,2.540
128,18,2.516
126,18,2.505
124,18,2.486
122,18,2.464
120,18,2.439
118,18,2.429
116,18,2.407
114,18,2.391
112,18,2.371
110,18,2.351
108,18,2.336
106,18,2.322
104,18,2.300
102,18,2.283
100,18,2.266
98,18,2.253
96,18,2.234
94,18,2.208
92,18,2.188
90,18,2.169
88,18,2.152
86,18,2.139
84,18,2.124
82,18,2.117
80,18,2.104
78,18,2.095
76,18,2.076
74,18,2.063
72,18,2.046
70,18,2.021
68,18,2.005
66,18,1.986
64,18,1.968
62,18,1.956
60,18,1.940
58,18,1.926
56,18,1.899
54,18,1.879
52,18,1.861
50,18,1.839
48,18,1.822
46,18,1.800
44,18,1.779
42,18,1.764
40,18,1.752
38,18,1.742
36,18,1.732
34,18,1.724
32,18,1.709
30,18,1.697
28,18,1.688
26,18,1.670
24,18,1.656
22,18,1.642
20,18,1.606
18,18,1.521
16,18,1.408
14,18,1.367
12,18,1.412
10,18,1.478
8,18,1.515
6,18,1.523
4,18,1.525
2,18,1.535
0,18,1.552
0,20,1.535
2,20,1.536
4,20,1.535
6,20,1.533
8,20,1.528
10,20,1.525
12,20,1.519
14,20,1.518
16,20,1.520
18,20,1.522
20,20,1.520
22,20,1.504
24,20,1.468
26,20,1.415
28,20,1.367
30,20,1.346
32,20,1.384
34,20,1.480
36,20,1.583
38,20,1.639
40,20,1.666
42,20,1.681
44,20,1.695
46,20,1.715
48,20,1.738
50,20,1.754
52,20,1.767
54,20,1.775
56,20,1.783
58,20,1.798
60,20,1.816
62,20,1.830
64,20,1.844
66,20,1.860
68,20,1.872
70,20,1.890
72,20,1.913
74,20,1.929
76,20,1.952
78,20,1.965
80,20,1.983
82,20,1.993
84,20,2.000
86,20,2.013
88,20,2.021
90,20,2.037
92,20,2.058
94,20,2.072
96,20,2.079
98,20,2.080
100,20,2.095
102,20,2.104
104,20,2.120
106,20,2.138
108,20,2.139
110,20,2.147
112,20,2.165
114,20,2.184
116,20,2.211
118,20,2.235
120,20,2.237
122,20,2.246
124,20,2.247
126,20,2.262
128,20,2.286
130,20,2.296
132,20,2.310
134,20,2.326
136,20,2.350
138,20,2.364
140,20,2.384
142,20,2.405
144,20,2.412
146,20,2.440
148,20,2.461
150,20,2.464
150,22,2.461
148,22,2.474
146,22,2.463
144,22,2.442
142,22,2.420
140,22,2.416
138,22,2.399
136,22,2.386
134,22,2.367
132,22,2.346
130,22,2.329
128,22,2.310
126,22,2.289
124,22,2.279
122,22,2.259
120,22,2.235
118,22,2.219
116,22,2.200
114,22,2.185
112,22,2.175
110,22,2.161
108,22,2.141
106,22,2.124
104,22,2.106
102,22,2.093
100,22,2.077
98,22,2.061
96,22,2.042
94,22,2.037
92,22,2.017
90,22,2.001
88,22,1.973
86,22,1.953
84,22,1.940
82,22,1.930
80,22,1.916
78,22,1.905
76,22,1.895
74,22,1.885
72,22,1.867
70,22,1.858
68,22,1.841
66,22,1.821
64,22,1.808
62,22,1.793
60,22,1.787
58,22,1.775
56,22,1.757
54,22,1.736
52,22,1.719
50,22,1.708
48,22,1.700
46,22,1.690
44,22,1.669
42,22,1.657
40,22,1.651
38,22,1.649
36,22,1.648
34,22,1.649
32,22,1.645
30,22,1.631
28,22,1.613
26,22,1.605
24,22,1.605
22,22,1.597
20,22,1.541
18,22,1.414
16,22,1.306
14,22,1.316
12,22,1.408
10,22,1.518
8,22,1.581
6,22,1.578
4,22,1.531
2,22,1.495
0,22,1.501
0,24,1.507
2,24,1.507
4,24,1.505
6,24,1.494
8,24,1.488
10,24,1.482
12,24,1.488
14,24,1.519
16,24,1.552
18,24,1.580
20,24,1.595
22,24,1.579
24,24,1.522
26,24,1.437
28,24,1.356
30,24,1.298
32,24,1.300
34,24,1.381
36,24,1.495
38,24,1.574
40,24,1.605
42,24,1.612
44,24,1.617
46,24,1.629
48,24,1.647
50,24,1.663
52,24,1.676
54,24,1.680
56,24,1.680
58,24,1.685
60,24,1.693
62,24,1.707
64,24,1.719
66,24,1.728
68,24,1.740
70,24,1.756
72,24,1.775
74,24,1.789
76,24,1.800
78,24,1.812
80,24,1.823
82,24,1.832
84,24,1.840
86,24,1.850
88,24,1.865
90,24,1.882
92,24,1.886
94,24,1.897
96,24,1.900
98,24,1.906
100,24,1.912
102,24,1.924
104,24,1.944
106,24,1.965
108,24,1.981
110,24,1.993
112,24,2.005
114,24,2.007
116,24,2.025
118,24,2.035
120,24,2.050
122,24,2.067
124,24,2.071
126,24,2.089
128,24,2.099
130,24,2.110
132,24,2.117
134,24,2.125
136,24,2.141
138,24,2.163
140,24,2.183
142,24,2.194
144,24,2.217
146,24,2.240
148,24,2.257
150,24,2.271
150,26,2.274
148,26,2.268
146,26,2.254
144,26,2.241
142,26,2.229
140,26,2.218
138,26,2.193
136,26,2.179
134,26,2.159
132,26,2.136
130,26,2.107
128,26,2.097
126,26,2.078
124,26,2.057
122,26,2.042
120,26,2.025
118,26,2.018
116,26,1.992
114,26,1.979
112,26,1.977
110,26,1.972
108,26,1.940
106,26,1.933
104,26,1.930
102,26,1.912
100,26,1.895
98,26,1.886
96,26,1.875
94,26,1.873
92,26,1.851
90,26,1.837
88,26,1.820
86,26,1.803
84,26,1.795
82,26,1.779
80,26,1.770
78,26,1.763
76,26,1.757
74,26,1.748
72,26,1.735
70,26,1.725
68,26,1.708
66,26,1.696
64,26,1.686
62,26,1.688
60,26,1.683
58,26,1.675
56,26,1.664
54,26,1.652
52,26,1.640
50,26,1.635
48,26,1.632
46,26,1.625
44,26,1.617
42,26,1.608
40,26,1.607
38,26,1.611
36,26,1.614
34,26,1.612
32,26,1.606
30,26,1.597
28,26,1.592
26,26,1.603
24,26,1.623
22,26,1.629
20,26,1.595
18,26,1.520
16,26,1.454
14,26,1.485
12,26,1.594
10,26,1.689
8,26,1.717
6,26,1.688
4,26,1.642
2,26,1.597
0,26,1.600
0,28,1.606
2,28,1.610
4,28,1.602
6,28,1.601
8,28,1.601
10,28,1.609
12,28,1.622
14,28,1.643
16,28,1.672
18,28,1.694
20,28,1.712
22,28,1.716
24,28,1.678
26,28,1.607
28,28,1.523
30,28,1.451
32,28,1.440
34,28,1.494
36,28,1.560
38,28,1.606
40,28,1.614
42,28,1.603
44,28,1.586
46,28,1.580
48,28,1.589
50,28,1.603
52,28,1.613
54,28,1.619
56,28,1.624
58,28,1.622
60,28,1.624
62,28,1.631
64,28,1.643
66,28,1.654
68,28,1.660
70,28,1.670
72,28,1.678
74,28,1.688
76,28,1.700
78,28,1.708
80,28,1.712
82,28,1.715
84,28,1.722
86,28,1.726
88,28,1.741
90,28,1.752
92,28,1.759
94,28,1.767
96,28,1.771
98,28,1.776
100,28,1.790
102,28,1.800
104,28,1.814
106,28,1.828
108,28,1.838
110,28,1.850
112,28,1.850
114,28,1.855
116,28,1.866
118,28,1.881
120,28,1.897
122,28,1.902
124,28,1.900
126,28,1.909
128,28,1.910
130,28,1.921
132,28,1.941
134,28,1.949
136,28,1.959
138,28,1.987
140,28,2.013
142,28,2.017
144,28,2.041
146,28,2.069
148,28,2.080
150,28,2.083
150,30,2.089
148,30,2.089
146,30,2.074
144,30,2.059
142,30,2.041
140,30,2.030
138,30,2.011
136,30,1.998
134,30,1.983
132,30,1.956
130,30,1.939
128,30,1.930
126,30,1.924
124,30,1.900
122,30,1.882
120,30,1.877
118,30,1.866
116,30,1.848
114,30,1.827
112,30,1.821
110,30,1.810
108,30,1.796
106,30,1.790
104,30,1.774
102,30,1.760
100,30,1.755
98,30,1.748
96,30,1.747
94,30,1.725
92,30,1.729
90,30,1.729
88,30,1.719
86,30,1.712
84,30,1.691
82,30,1.687
80,30,1.673
78,30,1.684
76,30,1.671
74,30,1.658
72,30,1.655
70,30,1.652
68,30,1.641
66,30,1.630
64,30,1.627
62,30,1.627
60,30,1.627
58,30,1.624
56,30,1.619
54,30,1.612
52,30,1.612
50,30,1.615
48,30,1.616
46,30,1.618
44,30,1.619
42,30,1.619
40,30,1.619
38,30,1.619
36,30,1.615
34,30,1.594
32,30,1.540
30,30,1.477
28,30,1.457
26,30,1.518
24,30,1.632
22,30,1.711
20,30,1.689
18,30,1.594
16,30,1.575
14,30,1.664
12,30,1.770
10,30,1.824
8,30,1.820
6,30,1.814
4,30,1.851
2,30,1.873
0,30,1.825
0,32,1.840
2,32,1.840
4,32,1.845
6,32,1.856
8,32,1.874
10,32,1.889
12,32,1.884
14,32,1.853
16,32,1.808
18,32,1.786
20,32,1.789
22,32,1.794
24,32,1.789
26,32,1.760
28,32,1.680
30,32,1.584
32,32,1.523
34,32,1.544
36,32,1.630
38,32,1.676
40,32,1.638
42,32,1.544
44,32,1.444
46,32,1.399
48,32,1.435
50,32,1.498
52,32,1.556
54,32,1.590
56,32,1.600
58,32,1.603
60,32,1.606
62,32,1.611
64,32,1.614
66,32,1.617
68,32,1.619
70,32,1.619
72,32,1.619
74,32,1.626
76,32,1.635
78,32,1.641
80,32,1.641
82,32,1.641
84,32,1.643
86,32,1.649
88,32,1.656
90,32,1.664
92,32,1.672
94,32,1.678
96,32,1.681
98,32,1.683
100,32,1.693
102,32,1.702
104,32,1.707
106,32,1.712
108,32,1.709
110,32,1.711
112,32,1.723
114,32,1.726
116,32,1.729
118,32,1.733
120,32,1.741
122,32,1.750
124,32,1.760
126,32,1.769
128,32,1.784
130,32,1.802
132,32,1.807
134,32,1.822
136,32,1.838
138,32,1.855
140,32,1.858
142,32,1.861
144,32,1.875
146,32,1.892
148,32,1.901
150,32,1.923
150,34,1.922
148,34,1.915
146,34,1.909
144,34,1.889
142,34,1.871
140,34,1.862
138,34,1.854
136,34,1.837
134,34,1.824
132,34,1.820
130,34,1.813
128,34,1.798
126,34,1.786
124,34,1.775
122,34,1.768
120,34,1.748
118,34,1.728
116,34,1.714
114,34,1.703
112,34,1.697
110,34,1.685
108,34,1.676
106,34,1.670
104,34,1.664
102,34,1.653
100,34,1.645
98,34,1.637
96,34,1.633
94,34,1.629
92,34,1.630
90,34,1.630
88,34,1.631
86,34,1.632
84,34,1.630
82,34,1.628
80,34,1.629
78,34,1.627
76,34,1.624
74,34,1.621
72,34,1.619
70,34,1.619
68,34,1.618
66,34,1.618
64,34,1.620
62,34,1.623
60,34,1.626
58,34,1.628
56,34,1.633
54,34,1.638
52,34,1.644
50,34,1.650
48,34,1.661
46,34,1.670
44,34,1.676
42,34,1.683
40,34,1.683
38,34,1.678
36,34,1.638
34,34,1.527
32,34,1.330
30,34,1.202
28,34,1.259
26,34,1.432
24,34,1.632
22,34,1.780
20,34,1.750
18,34,1.682
16,34,1.733
14,34,1.874
12,34,1.978
10,34,1.950
8,34,1.875
6,34,1.902
4,34,1.993
2,34,2.029
0,34,1.990
0,36,1.976
2,36,1.980
4,36,1.982
6,36,1.984
8,36,1.998
10,36,2.014
12,36,2.015
14,36,1.982
16,36,1.928
18,36,1.869
20,36,1.846
22,36,1.878
24,36,1.931
26,36,1.942
28,36,1.873
30,36,1.771
32,36,1.675
34,36,1.628
36,36,1.677
38,36,1.721
40,36,1.638
42,36,1.469
44,36,1.296
46,36,1.157
48,36,1.130
50,36,1.261
52,36,1.454
54,36,1.575
56,36,1.624
58,36,1.636
60,36,1.634
62,36,1.632
64,36,1.632
66,36,1.630
68,36,1.625
70,36,1.620
72,36,1.622
74,36,1.620
76,36,1.617
78,36,1.616
80,36,1.616
82,36,1.616
84,36,1.616
86,36,1.621
88,36,1.621
90,36,1.622
92,36,1.626
94,36,1.631
96,36,1.632
98,36,1.633
100,36,1.630
102,36,1.632
104,36,1.631
106,36,1.628
108,36,1.626
110,36,1.617
112,36,1.615
114,36,1.624
116,36,1.635
118,36,1.639
120,36,1.653
122,36,1.660
124,36,1.667
126,36,1.667
128,36,1.679
130,36,1.693
132,36,1.700
134,36,1.716
136,36,1.728
138,36,1.731
140,36,1.743
142,36,1.749
144,36,1.756
146,36,1.766
148,36,1.785
150,36,1.789
150,38,1.783
148,38,1.785
146,38,1.782
144,38,1.761
142,38,1.751
140,38,1.749
138,38,1.733
136,38,1.722
134,38,1.714
132,38,1.704
130,38,1.699
128,38,1.688
126,38,1.684
124,38,1.666
122,38,1.656
120,38,1.647
118,38,1.638
116,38,1.632
114,38,1.626
112,38,1.625
110,38,1.614
108,38,1.611
106,38,1.601
104,38,1.592
102,38,1.581
100,38,1.574
98,38,1.571
96,38,1.574
94,38,1.584
92,38,1.594
90,38,1.602
88,38,1.608
86,38,1.612
84,38,1.617
82,38,1.622
80,38,1.630
78,38,1.636
76,38,1.639
74,38,1.642
72,38,1.645
70,38,1.650
68,38,1.656
66,38,1.666
64,38,1.670
62,38,1.674
60,38,1.684
58,38,1.694
56,38,1.706
54,38,1.720
52,38,1.732
50,38,1.734
48,38,1.749
46,38,1.769
44,38,1.776
42,38,1.788
40,38,1.801
38,38,1.803
36,38,1.749
34,38,1.612
32,38,1.421
30,38,1.347
28,38,1.446
26,38,1.632
24,38,1.850
22,38,1.937
20,38,1.918
18,38,1.924
16,38,1.988
14,38,2.083
12,38,2.149
10,38,2.114
8,38,2.077
6,38,2.124
4,38,2.192
2,38,2.162
0,38,2.152
0,40,2.183
2,40,2.186
4,40,2.174
6,40,2.168
8,40,2.168
10,40,2.181
12,40,2.196
14,40,2.202
16,40,2.159
18,40,2.123
20,40,2.098
22,40,2.094
24,40,2.117
26,40,2.103
28,40,2.048
30,40,1.969
32,40,1.892
34,40,1.852
36,40,1.853
38,40,1.870
40,40,1.821
42,40,1.666
44,40,1.473
46,40,1.318
48,40,1.259
50,40,1.341
52,40,1.519
54,40,1.653
56,40,1.717
58,40,1.717
60,40,1.714
62,40,1.702
64,40,1.692
66,40,1.691
68,40,1.681
70,40,1.673
72,40,1.667
74,40,1.662
76,40,1.653
78,40,1.644
80,40,1.642
82,40,1.639
84,40,1.638
86,40,1.634
88,40,1.632
90,40,1.629
92,40,1.628
94,40,1.629
96,40,1.624
98,40,1.618
100,40,1.611
102,40,1.608
104,40,1.604
106,40,1.598
108,40,1.589
110,40,1.577
112,40,1.570
114,40,1.573
116,40,1.581
118,40,1.590
120,40,1.601
122,40,1.605
124,40,1.608
126,40,1.609
128,40,1.612
130,40,1.616
132,40,1.623
134,40,1.632
136,40,1.644
138,40,1.654
140,40,1.659
142,40,1.667
144,40,1.672
146,40,1.678
148,40,1.689
150,40,1.697
150,42,1.695
148,42,1.688
146,42,1.683
144,42,1.674
142,42,1.669
140,42,1.667
138,42,1.657
136,42,1.652
134,42,1.647
132,42,1.641
130,42,1.632
128,42,1.628
126,42,1.619
124,42,1.611
122,42,1.605
120,42,1.603
118,42,1.600
116,42,1.599
114,42,1.600
112,42,1.599
110,42,1.599
108,42,1.598
106,42,1.596
104,42,1.593
102,42,1.591
100,42,1.593
98,42,1.600
96,42,1.609
94,42,1.620
92,42,1.629
90,42,1.635
88,42,1.645
86,42,1.651
84,42,1.663
82,42,1.676
80,42,1.689
78,42,1.701
76,42,1.711
74,42,1.723
72,42,1.729
70,42,1.736
68,42,1.746
66,42,1.758
64,42,1.769
62,42,1.786
60,42,1.799
58,42,1.809
56,42,1.826
54,42,1.841
52,42,1.859
50,42,1.862
48,42,1.884
46,42,1.909
44,42,1.924
42,42,1.944
40,42,1.964
38,42,1.986
36,42,1.989
34,42,1.954
32,42,1.920
30,42,1.925
28,42,1.992
26,42,2.100
24,42,2.201
22,42,2.223
20,42,2.207
18,42,2.209
16,42,2.223
14,42,2.281
12,42,2.356
10,42,2.413
8,42,2.465
6,42,2.495
4,42,2.523
2,42,2.521
0,42,2.503
0,44,2.552
2,44,2.561
4,44,2.555
6,44,2.546
8,44,2.546
10,44,2.542
12,44,2.550
14,44,2.546
16,44,2.534
18,44,2.496
20,44,2.469
22,44,2.423
24,44,2.373
26,44,2.319
28,44,2.248
30,44,2.187
32,44,2.163
34,44,2.145
36,44,2.134
38,44,2.135
40,44,2.119
42,44,2.059
44,44,1.948
46,44,1.844
48,44,1.795
50,44,1.805
52,44,1.844
54,44,1.867
56,44,1.872
58,44,1.856
60,44,1.841
62,44,1.814
64,44,1.798
66,44,1.783
68,44,1.774
70,44,1.762
72,44,1.748
74,44,1.741
76,44,1.738
78,44,1.731
80,44,1.720
82,44,1.709
84,44,1.703
86,44,1.699
88,44,1.690
90,44,1.686
92,44,1.682
94,44,1.675
96,44,1.669
98,44,1.660
100,44,1.651
102,44,1.641
104,44,1.632
106,44,1.629
108,44,1.623
110,44,1.617
112,44,1.610
114,44,1.605
116,44,1.602
118,44,1.601
120,44,1.600
122,44,1.601
124,44,1.603
126,44,1.603
128,44,1.601
130,44,1.600
132,44,1.601
134,44,1.604
136,44,1.609
138,44,1.614
140,44,1.617
142,44,1.620
144,44,1.622
146,44,1.625
148,44,1.629
150,44,1.634
150,46,1.633
148,46,1.630
146,46,1.628
144,46,1.625
142,46,1.620
140,46,1.618
138,46,1.615
136,46,1.613
134,46,1.612
132,46,1.610
130,46,1.608
128,46,1.607
126,46,1.606
124,46,1.606
122,46,1.609
120,46,1.613
118,46,1.618
116,46,1.620
114,46,1.629
112,46,1.630
110,46,1.635
108,46,1.640
106,46,1.649
104,46,1.657
102,46,1.668
100,46,1.675
98,46,1.683
96,46,1.695
94,46,1.705
92,46,1.717
90,46,1.723
88,46,1.736
86,46,1.751
84,46,1.768
82,46,1.781
80,46,1.793
78,46,1.814
76,46,1.832
74,46,1.846
72,46,1.858
70,46,1.873
68,46,1.891
66,46,1.902
64,46,1.923
62,46,1.934
60,46,1.957
58,46,1.968
56,46,1.993
54,46,2.015
52,46,2.034
50,46,2.046
48,46,2.063
46,46,2.088
44,46,2.110
42,46,2.148
40,46,2.171
38,46,2.197
36,46,2.216
34,46,2.237
32,46,2.265
30,46,2.296
28,46,2.336
26,46,2.375
24,46,2.421
22,46,2.462
20,46,2.485
18,46,2.506
16,46,2.515
14,46,2.548
12,46,2.616
10,46,2.698
8,46,2.763
6,46,2.796
4,46,2.820
2,46,2.812
0,46,2.826
0,48,2.859
2,48,2.856
4,48,2.848
6,48,2.864
8,48,2.842
10,48,2.829
12,48,2.822
14,48,2.808
16,48,2.806
18,48,2.773
20,48,2.740
22,48,2.706
24,48,2.639
26,48,2.571
28,48,2.497
30,48,2.477
32,48,2.452
34,48,2.423
36,48,2.397
38,48,2.367
40,48,2.340
42,48,2.293
44,48,2.254
46,48,2.209
48,48,2.173
50,48,2.133
52,48,2.090
54,48,2.055
56,48,2.048
58,48,2.027
60,48,1.997
62,48,1.965
64,48,1.930
66,48,1.929
68,48,1.920
70,48,1.902
72,48,1.893
74,48,1.868
76,48,1.855
78,48,1.840
80,48,1.826
82,48,1.810
84,48,1.805
86,48,1.789
88,48,1.790
90,48,1.778
92,48,1.766
94,48,1.773
96,48,1.746
98,48,1.718
100,48,1.722
102,48,1.710
104,48,1.690
106,48,1.705
108,48,1.680
110,48,1.683
112,48,1.684
114,48,1.672
116,48,1.665
118,48,1.650
120,48,1.649
122,48,1.650
124,48,1.648
126,48,1.647
128,48,1.638
130,48,1.639
132,48,1.630
134,48,1.624
136,48,1.624
138,48,1.618
140,48,1.619
142,48,1.616
144,48,1.618
146,48,1.616
148,48,1.616
150,48,1.618
150,50,1.619
148,50,1.618
146,50,1.618
144,50,1.618
142,50,1.623
140,50,1.620
138,50,1.618
136,50,1.625
134,50,1.620
132,50,1.629
130,50,1.635
128,50,1.634
126,50,1.647
124,50,1.662
122,50,1.671
120,50,1.671
118,50,1.677
116,50,1.689
114,50,1.700
112,50,1.715
110,50,1.725
108,50,1.722
106,50,1.742
104,50,1.760
102,50,1.783
100,50,1.782
98,50,1.802
96,50,1.813
94,50,1.829
92,50,1.851
90,50,1.854
88,50,1.872
86,50,1.900
84,50,1.921
82,50,1.925
80,50,1.943
78,50,1.961
76,50,1.986
74,50,2.007
72,50,2.035
70,50,2.054
68,50,2.065
66,50,2.104
64,50,2.118
62,50,2.117
60,50,2.152
58,50,2.170
56,50,2.182
54,50,2.221
52,50,2.242
50,50,2.262
48,50,2.278
46,50,2.297
44,50,2.323
42,50,2.352
40,50,2.383
38,50,2.415
36,50,2.438
34,50,2.473
32,50,2.509
30,50,2.530
28,50,2.564
26,50,2.612
24,50,2.638
22,50,2.676
20,50,2.682
18,50,2.701
16,50,2.717
14,50,2.757
12,50,2.853
10,50,2.924
8,50,2.952
6,50,2.970
4,50,3.009
2,50,3.047
0,50,3.076
0,52,3.076
2,52,3.074
4,52,3.079
6,52,3.085
8,52,3.067
10,52,3.045
12,52,3.026
14,52,3.005
16,52,2.983
18,52,2.954
20,52,2.933
22,52,2.909
24,52,2.872
26,52,2.802
28,52,2.717
30,52,2.663
32,52,2.632
34,52,2.637
36,52,2.613
38,52,2.570
40,52,2.538
42,52,2.503
44,52,2.466
46,52,2.417
48,52,2.381
50,52,2.333
52,52,2.308
54,52,2.271
56,52,2.243
58,52,2.211
60,52,2.185
62,52,2.160
64,52,2.129
66,52,2.108
68,52,2.097
70,52,2.082
72,52,2.066
74,52,2.035
76,52,2.023
78,52,2.007
80,52,1.997
82,52,1.987
84,52,1.974
86,52,1.953
88,52,1.939
90,52,1.925
92,52,1.905
94,52,1.897
96,52,1.886
98,52,1.866
100,52,1.848
102,52,1.832
104,52,1.822
106,52,1.811
108,52,1.803
110,52,1.797
112,52,1.794
114,52,1.776
116,52,1.768
118,52,1.760
120,52,1.749
122,52,1.735
124,52,1.730
126,52,1.724
128,52,1.715
130,52,1.709
132,52,1.698
134,52,1.688
136,52,1.677
138,52,1.669
140,52,1.664
142,52,1.654
144,52,1.647
146,52,1.643
148,52,1.640
150,52,1.638
150,54,1.640
148,54,1.646
146,54,1.649
144,54,1.649
142,54,1.658
140,54,1.665
138,54,1.672
136,54,1.683
134,54,1.693
132,54,1.705
130,54,1.716
128,54,1.725
126,54,1.742
124,54,1.753
122,54,1.773
120,54,1.783
118,54,1.801
116,54,1.813
114,54,1.825
112,54,1.844
110,54,1.864
108,54,1.886
106,54,1.891
104,54,1.904
102,54,1.927
100,54,1.931
98,54,1.949
96,54,1.973
94,54,1.984
92,54,1.993
90,54,2.017
88,54,2.042
86,54,2.059
84,54,2.080
82,54,2.097
80,54,2.130
78,54,2.147
76,54,2.172
74,54,2.188
72,54,2.209
70,54,2.243
68,54,2.256
66,54,2.283
64,54,2.308
62,54,2.333
60,54,2.363
58,54,2.386
56,54,2.403
54,54,2.425
52,54,2.446
50,54,2.456
48,54,2.479
46,54,2.508
44,54,2.525
42,54,2.556
40,54,2.586
38,54,2.615
36,54,2.646
34,54,2.684
32,54,2.721
30,54,2.746
28,54,2.772
26,54,2.787
24,54,2.817
22,54,2.874
20,54,2.916
18,54,2.942
16,54,2.963
14,54,3.010
12,54,3.071
10,54,3.110
8,54,3.124
6,54,3.152
4,54,3.197
2,54,3.232
0,54,3.270
0,56,3.275
2,56,3.275
4,56,3.279
6,56,3.270
8,56,3.259
10,56,3.249
12,56,3.214
14,56,3.176
16,56,3.151
18,56,3.122
20,56,3.096
22,56,3.079
24,56,3.048
26,56,3.005
28,56,2.967
30,56,2.914
32,56,2.897
34,56,2.860
36,56,2.811
38,56,2.764
40,56,2.722
42,56,2.694
44,56,2.665
46,56,2.619
48,56,2.593
50,56,2.539
52,56,2.503
54,56,2.471
56,56,2.450
58,56,2.407
60,56,2.382
62,56,2.338
64,56,2.330
66,56,2.299
68,56,2.281
70,56,2.245
72,56,2.241
74,56,2.241
76,56,2.217
78,56,2.210
80,56,2.171
82,56,2.154
84,56,2.134
86,56,2.122
88,56,2.095
90,56,2.074
92,56,2.066
94,56,2.050
96,56,2.033
98,56,2.016
100,56,2.004
102,56,1.992
104,56,1.976
106,56,1.954
108,56,1.947
110,56,1.939
112,56,1.920
114,56,1.919
116,56,1.901
118,56,1.897
120,56,1.888
122,56,1.877
124,56,1.861
126,56,1.842
128,56,1.833
130,56,1.819
132,56,1.815
134,56,1.803
136,56,1.783
138,56,1.768
140,56,1.756
142,56,1.746
144,56,1.738
146,56,1.716
148,56,1.702
150,56,1.699
150,58,1.696
148,58,1.710
146,58,1.724
144,58,1.739
142,58,1.739
140,58,1.767
138,58,1.786
136,58,1.787
134,58,1.816
132,58,1.831
130,58,1.857
128,58,1.873
126,58,1.894
124,58,1.901
122,58,1.916
120,58,1.930
118,58,1.963
116,58,1.968
114,58,1.988
112,58,2.001
110,58,2.038
108,58,2.046
106,58,2.059
104,58,2.077
102,58,2.090
100,58,2.106
98,58,2.123
96,58,2.146
94,58,2.159
92,58,2.186
90,58,2.203
88,58,2.221
86,58,2.242
84,58,2.270
82,58,2.300
80,58,2.327
78,58,2.344
76,58,2.367
74,58,2.391
72,58,2.413
70,58,2.424
68,58,2.465
66,58,2.500
64,58,2.536
62,58,2.562
60,58,2.588
58,58,2.607
56,58,2.623
54,58,2.640
52,58,2.667
50,58,2.681
48,58,2.697
46,58,2.718
44,58,2.741
42,58,2.774
40,58,2.800
38,58,2.833
36,58,2.866
34,58,2.892
32,58,2.919
30,58,2.930
28,58,2.897
26,58,2.868
24,58,2.876
22,58,2.929
20,58,3.031
18,58,3.152
16,58,3.228
14,58,3.270
12,58,3.293
10,58,3.307
8,58,3.309
6,58,3.341
4,58,3.375
2,58,3.407
0,58,3.439
0,60,3.457
2,60,3.467
4,60,3.458
6,60,3.438
8,60,3.422
10,60,3.415
12,60,3.396
14,60,3.367
16,60,3.343
18,60,3.307
20,60,3.290
22,60,3.274
24,60,3.264
26,60,3.244
28,60,3.219
30,60,3.185
32,60,3.113
34,60,3.018
36,60,2.921
38,60,2.824
40,60,2.754
42,60,2.732
44,60,2.760
46,60,2.773
48,60,2.771
50,60,2.761
52,60,2.712
54,60,2.665
56,60,2.641
58,60,2.614
60,60,2.569
62,60,2.539
64,60,2.525
66,60,2.478
68,60,2.477
70,60,2.459
72,60,2.435
74,60,2.432
76,60,2.409
78,60,2.375
80,60,2.366
82,60,2.347
84,60,2.320
86,60,2.296
88,60,2.263
90,60,2.248
92,60,2.240
94,60,2.232
96,60,2.211
98,60,2.191
100,60,2.181
102,60,2.151
104,60,2.136
106,60,2.117
108,60,2.107
110,60,2.101
112,60,2.089
114,60,2.068
116,60,2.061
118,60,2.032
120,60,2.032
122,60,2.023
124,60,2.007
126,60,1.998
128,60,1.979
130,60,1.962
132,60,1.955
134,60,1.946
136,60,1.934
138,60,1.902
140,60,1.886
142,60,1.872
144,60,1.857
146,60,1.836
148,60,1.812
150,60,1.800
150,62,1.805
148,62,1.825
146,62,1.839
144,62,1.859
142,62,1.881
140,62,1.899
138,62,1.919
136,62,1.933
134,62,1.972
132,62,1.984
130,62,1.997
128,62,2.027
126,62,2.048
124,62,2.068
122,62,2.072
120,62,2.103
118,62,2.120
116,62,2.140
114,62,2.151
112,62,2.172
110,62,2.204
108,62,2.220
106,62,2.234
104,62,2.247
102,62,2.268
100,62,2.286
98,62,2.320
96,62,2.336
94,62,2.354
92,62,2.372
90,62,2.400
88,62,2.419
86,62,2.442
84,62,2.469
82,62,2.504
80,62,2.530
78,62,2.552
76,62,2.573
74,62,2.601
72,62,2.639
70,62,2.660
68,62,2.687
66,62,2.720
64,62,2.750
62,62,2.775
60,62,2.803
58,62,2.820
56,62,2.837
54,62,2.862
52,62,2.876
50,62,2.894
48,62,2.922
46,62,2.946
44,62,2.964
42,62,2.986
40,62,3.022
38,62,3.042
36,62,3.063
34,62,3.075
32,62,3.070
30,62,3.021
28,62,2.952
26,62,2.922
24,62,2.985
22,62,3.090
20,62,3.216
18,62,3.341
16,62,3.414
14,62,3.460
12,62,3.469
10,62,3.475
8,62,3.500
6,62,3.525
4,62,3.546
2,62,3.577
0,62,3.606
0,64,3.631
2,64,3.625
4,64,3.620
6,64,3.611
8,64,3.595
10,64,3.584
12,64,3.563
14,64,3.541
16,64,3.522
18,64,3.486
20,64,3.460
22,64,3.464
24,64,3.457
26,64,3.433
28,64,3.408
30,64,3.374
32,64,3.309
34,64,3.207
36,64,3.096
38,64,2.983
40,64,2.892
42,64,2.827
44,64,2.822
46,64,2.867
48,64,2.927
50,64,2.917
52,64,2.907
54,64,2.879
56,64,2.849
58,64,2.819
60,64,2.800
62,64,2.774
64,64,2.734
66,64,2.694
68,64,2.683
70,64,2.655
72,64,2.649
74,64,2.624
76,64,2.588
78,64,2.580
80,64,2.554
82,64,2.546
84,64,2.520
86,64,2.474
88,64,2.451
90,64,2.436
92,64,2.436
94,64,2.411
96,64,2.387
98,64,2.371
100,64,2.343
102,64,2.323
104,64,2.315
106,64,2.313
108,64,2.285
110,64,2.278
112,64,2.255
114,64,2.255
116,64,2.231
118,64,2.225
120,64,2.200
122,64,2.191
124,64,2.167
126,64,2.147
128,64,2.141
130,64,2.126
132,64,2.113
134,64,2.089
136,64,2.073
138,64,2.065
140,64,2.054
142,64,2.027
144,64,2.001
146,64,1.970
148,64,1.947
150,64,1.925
150,66,1.955
148,66,1.981
146,66,1.993
144,66,2.014
142,66,2.035
140,66,2.054
138,66,2.076
136,66,2.108
134,66,2.140
132,66,2.157
130,66,2.177
128,66,2.196
126,66,2.223
124,66,2.240
122,66,2.263
120,66,2.284
118,66,2.309
116,66,2.322
114,66,2.337
112,66,2.365
110,66,2.392
108,66,2.405
106,66,2.428
104,66,2.454
102,66,2.477
100,66,2.488
98,66,2.511
96,66,2.541
94,66,2.555
92,66,2.571
90,66,2.597
88,66,2.630
86,66,2.644
84,66,2.669
82,66,2.701
80,66,2.733
78,66,2.772
76,66,2.800
74,66,2.826
72,66,2.856
70,66,2.876
68,66,2.901
66,66,2.934
64,66,2.963
62,66,2.990
60,66,3.013
58,66,3.031
56,66,3.054
54,66,3.076
52,66,3.091
50,66,3.115
48,66,3.137
46,66,3.157
44,66,3.179
42,66,3.203
40,66,3.229
38,66,3.240
36,66,3.248
34,66,3.241
32,66,3.163
30,66,3.049
28,66,2.992
26,66,3.060
24,66,3.193
22,66,3.343
20,66,3.476
18,66,3.559
16,66,3.612
14,66,3.637
12,66,3.645
10,66,3.656
8,66,3.667
6,66,3.686
4,66,3.713
2,66,3.744
0,66,3.765
0,68,3.790
2,68,3.788
4,68,3.782
6,68,3.768
8,68,3.761
10,68,3.750
12,68,3.731
14,68,3.717
16,68,3.690
18,68,3.667
20,68,3.641
22,68,3.627
24,68,3.617
26,68,3.607
28,68,3.594
30,68,3.570
32,68,3.524
34,68,3.466
36,68,3.373
38,68,3.236
40,68,3.093
42,68,2.984
44,68,2.897
46,68,2.893
48,68,2.979
50,68,3.057
52,68,3.081
54,68,3.087
56,68,3.057
58,68,3.029
60,68,2.994
62,68,2.962
64,68,2.938
66,68,2.921
68,68,2.899
70,68,2.874
72,68,2.847
74,68,2.833
76,68,2.805
78,68,2.776
80,68,2.769
82,68,2.735
84,68,2.702
86,68,2.684
88,68,2.661
90,68,2.651
92,68,2.626
94,68,2.595
96,68,2.577
98,68,2.551
100,68,2.523
102,68,2.515
104,68,2.503
106,68,2.488
108,68,2.465
110,68,2.448
112,68,2.438
114,68,2.424
116,68,2.406
118,68,2.372
120,68,2.377
122,68,2.373
124,68,2.361
126,68,2.349
128,68,2.344
130,68,2.311
132,68,2.295
134,68,2.283
136,68,2.242
138,68,2.228
140,68,2.208
142,68,2.194
144,68,2.174
146,68,2.145
148,68,2.112
150,68,2.079
150,70,2.105
148,70,2.119
146,70,2.152
144,70,2.178
142,70,2.198
140,70,2.245
138,70,2.269
136,70,2.294
134,70,2.308
132,70,2.325
130,70,2.360
128,70,2.386
126,70,2.416
124,70,2.433
122,70,2.456
120,70,2.479
118,70,2.506
116,70,2.526
114,70,2.536
112,70,2.559
110,70,2.576
108,70,2.610
106,70,2.618
104,70,2.631
102,70,2.670
100,70,2.693
98,70,2.715
96,70,2.733
94,70,2.755
92,70,2.783
90,70,2.805
88,70,2.836
86,70,2.864
84,70,2.880
82,70,2.908
80,70,2.937
78,70,2.965
76,70,3.008
74,70,3.025
72,70,3.058
70,70,3.077
68,70,3.114
66,70,3.138
64,70,3.159
62,70,3.181
60,70,3.197
58,70,3.227
56,70,3.239
54,70,3.268
52,70,3.286
50,70,3.308
48,70,3.328
46,70,3.337
44,70,3.365
42,70,3.381
40,70,3.403
38,70,3.413
36,70,3.419
34,70,3.408
32,70,3.307
30,70,3.164
28,70,3.147
26,70,3.265
24,70,3.433
22,70,3.596
20,70,3.711
18,70,3.749
16,70,3.768
14,70,3.779
12,70,3.791
10,70,3.805
8,70,3.827
6,70,3.846
4,70,3.864
2,70,3.886
0,70,3.908
0,72,3.916
2,72,3.922
4,72,3.918
6,72,3.909
8,72,3.896
10,72,3.885
12,72,3.873
14,72,3.857
16,72,3.832
18,72,3.812
20,72,3.800
22,72,3.784
24,72,3.758
26,72,3.744
28,72,3.737
30,72,3.721
32,72,3.696
34,72,3.655
36,72,3.586
38,72,3.472
40,72,3.327
42,72,3.164
44,72,3.050
46,72,3.020
48,72,3.103
50,72,3.198
52,72,3.222
54,72,3.226
56,72,3.218
58,72,3.217
60,72,3.182
62,72,3.149
64,72,3.122
66,72,3.095
68,72,3.077
70,72,3.058
72,72,3.034
74,72,2.997
76,72,2.993
78,72,2.957
80,72,2.947
82,72,2.920
84,72,2.909
86,72,2.895
88,72,2.872
90,72,2.843
92,72,2.812
94,72,2.769
96,72,2.744
98,72,2.739
100,72,2.714
102,72,2.704
104,72,2.678
106,72,2.676
108,72,2.673
110,72,2.649
112,72,2.618
114,72,2.595
116,72,2.583
118,72,2.581
120,72,2.569
122,72,2.548
124,72,2.532
126,72,2.538
128,72,2.529
130,72,2.507
132,72,2.475
134,72,2.471
136,72,2.442
138,72,2.411
140,72,2.374
142,72,2.355
144,72,2.334
146,72,2.313
148,72,2.297
150,72,2.269
150,74,2.284
148,74,2.307
146,74,2.331
144,74,2.359
142,74,2.393
140,74,2.418
138,74,2.441
136,74,2.464
134,74,2.487
132,74,2.515
130,74,2.539
128,74,2.569
126,74,2.593
124,74,2.620
122,74,2.642
120,74,2.669
118,74,2.700
116,74,2.717
114,74,2.740
112,74,2.747
110,74,2.773
108,74,2.793
106,74,2.815
104,74,2.837
102,74,2.859
100,74,2.874
98,74,2.913
96,74,2.947
94,74,2.946
92,74,2.986
90,74,3.010
88,74,3.032
86,74,3.066
84,74,3.087
82,74,3.115
80,74,3.146
78,74,3.174
76,74,3.194
74,74,3.225
72,74,3.251
70,74,3.276
68,74,3.305
66,74,3.325
64,74,3.350
62,74,3.361
60,74,3.382
58,74,3.396
56,74,3.422
54,74,3.443
52,74,3.454
50,74,3.474
48,74,3.493
46,74,3.510
44,74,3.529
42,74,3.548
40,74,3.566
38,74,3.589
36,74,3.606
34,74,3.600
32,74,3.590
30,74,3.553
28,74,3.540
26,74,3.604
24,74,3.715
22,74,3.810
20,74,3.851
18,74,3.872
16,74,3.892
14,74,3.906
12,74,3.919
10,74,3.932
8,74,3.944
6,74,3.961
4,74,3.984
2,74,4.001
0,74,4.015
0,76,4.035
2,76,4.033
4,76,4.029
6,76,4.024
8,76,4.010
10,76,4.002
12,76,3.986
14,76,3.967
16,76,3.950
18,76,3.939
20,76,3.922
22,76,3.907
24,76,3.895
26,76,3.875
28,76,3.858
30,76,3.842
32,76,3.816
34,76,3.802
36,76,3.760
38,76,3.695
40,76,3.602
42,76,3.490
44,76,3.406
46,76,3.384
48,76,3.404
50,76,3.432
52,76,3.439
54,76,3.424
56,76,3.404
58,76,3.359
60,76,3.333
62,76,3.324
64,76,3.292
66,76,3.270
68,76,3.252
70,76,3.236
72,76,3.208
74,76,3.174
76,76,3.158
78,76,3.144
80,76,3.132
82,76,3.105
84,76,3.087
86,76,3.071
88,76,3.047
90,76,3.023
92,76,3.002
94,76,2.989
96,76,2.954
98,76,2.929
100,76,2.917
102,76,2.903
104,76,2.876
106,76,2.854
108,76,2.840
110,76,2.817
112,76,2.801
114,76,2.791
116,76,2.772
118,76,2.751
120,76,2.735
122,76,2.719
124,76,2.710
126,76,2.694
128,76,2.683
130,76,2.667
132,76,2.655
134,76,2.635
136,76,2.597
138,76,2.575
140,76,2.550
142,76,2.529
144,76,2.509
146,76,2.487
148,76,2.444
150,76,2.427
150,78,2.443
148,78,2.479
146,78,2.503
144,78,2.521
142,78,2.552
140,78,2.587
138,78,2.609
136,78,2.638
134,78,2.655
132,78,2.676
130,78,2.715
128,78,2.742
126,78,2.771
124,78,2.794
122,78,2.812
120,78,2.838
118,78,2.869
116,78,2.876
114,78,2.902
112,78,2.913
110,78,2.940
108,78,2.969
106,78,2.986
104,78,3.013
102,78,3.034
100,78,3.061
98,78,3.108
96,78,3.118
94,78,3.135
92,78,3.167
90,78,3.199
88,78,3.218
86,78,3.243
84,78,3.271
82,78,3.294
80,78,3.332
78,78,3.355
76,78,3.373
74,78,3.408
72,78,3.426
70,78,3.447
68,78,3.461
66,78,3.488
64,78,3.507
62,78,3.521
60,78,3.542
58,78,3.550
56,78,3.585
54,78,3.596
52,78,3.607
50,78,3.622
48,78,3.636
46,78,3.655
44,78,3.689
42,78,3.701
40,78,3.716
38,78,3.738
36,78,3.759
34,78,3.773
32,78,3.789
30,78,3.813
28,78,3.849
26,78,3.879
24,78,3.914
22,78,3.937
20,78,3.964
18,78,3.985
16,78,3.999
14,78,4.015
12,78,4.020
10,78,4.033
8,78,4.046
6,78,4.056
4,78,4.076
2,78,4.090
0,78,4.106
0,80,4.117
2,80,4.123
4,80,4.121
6,80,4.111
8,80,4.101
10,80,4.089
12,80,4.080
14,80,4.059
16,80,4.048
18,80,4.037
20,80,4.017
22,80,4.009
24,80,3.999
26,80,3.990
28,80,3.972
30,80,3.951
32,80,3.933
34,80,3.915
36,80,3.887
38,80,3.857
40,80,3.826
42,80,3.779
44,80,3.730
46,80,3.701
48,80,3.664
50,80,3.637
52,80,3.622
54,80,3.583
56,80,3.557
58,80,3.536
60,80,3.510
62,80,3.487
64,80,3.472
66,80,3.434
68,80,3.427
70,80,3.412
72,80,3.365
74,80,3.351
76,80,3.364
78,80,3.337
80,80,3.294
82,80,3.286
84,80,3.289
86,80,3.269
88,80,3.219
90,80,3.177
92,80,3.151
94,80,3.182
96,80,3.153
98,80,3.134
100,80,3.107
102,80,3.073
104,80,3.069
106,80,3.042
108,80,3.012
110,80,2.979
112,80,2.938
114,80,2.951
116,80,2.942
118,80,2.918
120,80,2.902
122,80,2.880
124,80,2.864
126,80,2.854
128,80,2.842
130,80,2.810
132,80,2.806
134,80,2.775
136,80,2.753
138,80,2.741
140,80,2.717
142,80,2.691
144,80,2.662
146,80,2.645
148,80,2.615
150,80,2.597
150,82,2.603
148,82,2.637
146,82,2.652
144,82,2.693
142,82,2.697
140,82,2.734
138,82,2.767
136,82,2.795
134,82,2.813
132,82,2.867
130,82,2.880
128,82,2.893
126,82,2.919
124,82,2.950
122,82,2.969
120,82,3.001
118,82,3.005
116,82,3.025
114,82,3.032
112,82,3.062
110,82,3.111
108,82,3.152
106,82,3.171
104,82,3.181
102,82,3.203
100,82,3.242
98,82,3.273
96,82,3.281
94,82,3.301
92,82,3.325
90,82,3.350
88,82,3.387
86,82,3.399
84,82,3.419
82,82,3.453
80,82,3.479
78,82,3.507
76,82,3.536
74,82,3.545
72,82,3.585
70,82,3.608
68,82,3.604
66,82,3.625
64,82,3.658
62,82,3.677
60,82,3.686
58,82,3.703
56,82,3.716
54,82,3.722
52,82,3.744
50,82,3.768
48,82,3.780
46,82,3.792
44,82,3.822
42,82,3.840
40,82,3.861
38,82,3.874
36,82,3.886
34,82,3.905
32,82,3.935
30,82,3.958
28,82,3.978
26,82,4.005
24,82,4.020
22,82,4.039
20,82,4.061
18,82,4.081
16,82,4.087
14,82,4.095
12,82,4.110
10,82,4.115
8,82,4.127
6,82,4.136
4,82,4.146
2,82,4.158
0,82,4.171
0,84,4.169
2,84,4.173
4,84,4.171
6,84,4.170
8,84,4.161
10,84,4.155
12,84,4.149
14,84,4.138
16,84,4.130
18,84,4.121
20,84,4.107
22,84,4.095
24,84,4.088
26,84,4.068
28,84,4.055
30,84,4.048
32,84,4.028
34,84,4.003
36,84,3.985
38,84,3.963
40,84,3.932
42,84,3.916
44,84,3.883
46,84,3.853
48,84,3.819
50,84,3.788
52,84,3.758
54,84,3.725
56,84,3.707
58,84,3.685
60,84,3.662
62,84,3.635
64,84,3.605
66,84,3.579
68,84,3.554
70,84,3.539
72,84,3.526
74,84,3.499
76,84,3.480
78,84,3.474
80,84,3.446
82,84,3.430
84,84,3.412
86,84,3.401
88,84,3.375
90,84,3.352
92,84,3.333
94,84,3.309
96,84,3.286
98,84,3.266
100,84,3.253
102,84,3.234
104,84,3.218
106,84,3.204
108,84,3.187
110,84,3.164
112,84,3.148
114,84,3.140
116,84,3.106
118,84,3.082
120,84,3.065
122,84,3.050
124,84,3.025
126,84,3.016
128,84,3.005
130,84,2.987
132,84,2.962
134,84,2.938
136,84,2.928
138,84,2.905
140,84,2.875
142,84,2.843
144,84,2.819
146,84,2.796
148,84,2.767
150,84,2.742
150,86,2.757
148,86,2.790
146,86,2.814
144,86,2.843
142,86,2.874
140,86,2.900
138,86,2.925
136,86,2.952
134,86,2.987
132,86,2.997
130,86,3.037
128,86,3.063
126,86,3.084
124,86,3.108
122,86,3.128
120,86,3.152
118,86,3.180
116,86,3.206
114,86,3.225
112,86,3.249
110,86,3.275
108,86,3.310
106,86,3.327
104,86,3.346
102,86,3.381
100,86,3.402
98,86,3.427
96,86,3.442
94,86,3.471
92,86,3.498
90,86,3.511
88,86,3.539
86,86,3.556
84,86,3.577
82,86,3.597
80,86,3.623
78,86,3.650
76,86,3.672
74,86,3.701
72,86,3.717
70,86,3.739
68,86,3.753
66,86,3.763
64,86,3.786
62,86,3.807
60,86,3.817
58,86,3.832
56,86,3.836
54,86,3.849
52,86,3.869
50,86,3.888
48,86,3.902
46,86,3.922
44,86,3.941
42,86,3.964
40,86,3.976
38,86,3.987
36,86,4.000
34,86,4.019
32,86,4.045
30,86,4.059
28,86,4.080
26,86,4.099
24,86,4.112
22,86,4.124
20,86,4.135
18,86,4.149
16,86,4.162
14,86,4.168
12,86,4.174
10,86,4.176
8,86,4.183
6,86,4.188
4,86,4.188
2,86,4.188
0,86,4.186
0,88,4.184
2,88,4.185
4,88,4.183
6,88,4.180
8,88,4.178
10,88,4.178
12,88,4.178
14,88,4.179
16,88,4.177
18,88,4.172
20,88,4.166
22,88,4.161
24,88,4.156
26,88,4.147
28,88,4.138
30,88,4.126
32,88,4.113
34,88,4.090
36,88,4.075
38,88,4.059
40,88,4.041
42,88,4.018
44,88,3.986
46,88,3.965
48,88,3.935
50,88,3.913
52,88,3.884
54,88,3.861
56,88,3.833
58,88,3.821
60,88,3.795
62,88,3.773
64,88,3.747
66,88,3.715
68,88,3.695
70,88,3.676
72,88,3.654
74,88,3.636
76,88,3.621
78,88,3.608
80,88,3.590
82,88,3.576
84,88,3.566
86,88,3.548
88,88,3.530
90,88,3.504
92,88,3.496
94,88,3.469
96,88,3.438
98,88,3.417
100,88,3.403
102,88,3.393
104,88,3.372
106,88,3.361
108,88,3.349
110,88,3.319
112,88,3.297
114,88,3.288
116,88,3.271
118,88,3.251
120,88,3.242
122,88,3.212
124,88,3.190
126,88,3.176
128,88,3.157
130,88,3.140
132,88,3.123
134,88,3.095
136,88,3.080
138,88,3.057
140,88,3.035
142,88,2.999
144,88,2.966
146,88,2.932
148,88,2.903
150,88,2.871
150,90,2.899
148,90,2.936
146,90,2.959
144,90,2.992
142,90,3.030
140,90,3.060
138,90,3.075
136,90,3.098
134,90,3.138
132,90,3.169
130,90,3.183
128,90,3.207
126,90,3.234
124,90,3.261
122,90,3.281
120,90,3.309
118,90,3.334
116,90,3.359
114,90,3.382
112,90,3.406
110,90,3.430
108,90,3.458
106,90,3.481
104,90,3.505
102,90,3.526
100,90,3.538
98,90,3.566
96,90,3.585
94,90,3.611
92,90,3.628
90,90,3.652
88,90,3.675
86,90,3.693
84,90,3.715
82,90,3.732
80,90,3.758
78,90,3.783
76,90,3.809
74,90,3.822
72,90,3.837
70,90,3.863
68,90,3.875
66,90,3.890
64,90,3.907
62,90,3.916
60,90,3.927
58,90,3.947
56,90,3.955
54,90,3.968
52,90,3.975
50,90,3.981
48,90,3.991
46,90,4.011
44,90,4.044
42,90,4.061
40,90,4.068
38,90,4.075
36,90,4.078
34,90,4.100
32,90,4.116
30,90,4.141
28,90,4.156
26,90,4.164
24,90,4.174
22,90,4.180
20,90,4.190
18,90,4.196
16,90,4.199
14,90,4.205
12,90,4.210
10,90,4.209
8,90,4.207
6,90,4.203
4,90,4.192
2,90,4.181
0,90,4.176
0,92,4.175
2,92,4.173
4,92,4.172
6,92,4.171
8,92,4.173
10,92,4.176
12,92,4.185
14,92,4.191
16,92,4.193
18,92,4.196
20,92,4.195
22,92,4.195
24,92,4.192
26,92,4.184
28,92,4.177
30,92,4.170
32,92,4.164
34,92,4.151
36,92,4.139
38,92,4.127
40,92,4.112
42,92,4.093
44,92,4.076
46,92,4.055
48,92,4.026
50,92,4.000
52,92,3.985
54,92,3.959
56,92,3.945
58,92,3.925
60,92,3.901
62,92,3.874
64,92,3.853
66,92,3.824
68,92,3.814
70,92,3.792
72,92,3.777
74,92,3.764
76,92,3.738
78,92,3.736
80,92,3.731
82,92,3.696
84,92,3.685
86,92,3.666
88,92,3.667
90,92,3.648
92,92,3.623
94,92,3.604
96,92,3.583
98,92,3.560
100,92,3.546
102,92,3.533
104,92,3.517
106,92,3.502
108,92,3.477
110,92,3.465
112,92,3.445
114,92,3.432
116,92,3.418
118,92,3.394
120,92,3.387
122,92,3.364
124,92,3.345
126,92,3.310
128,92,3.300
130,92,3.284
132,92,3.254
134,92,3.236
136,92,3.213
138,92,3.197
140,92,3.167
142,92,3.143
144,92,3.104
146,92,3.065
148,92,3.046
150,92,3.020
150,94,3.040
148,94,3.074
146,94,3.108
144,94,3.128
142,94,3.154
140,94,3.185
138,94,3.209
136,94,3.246
134,94,3.268
132,94,3.299
130,94,3.323
128,94,3.347
126,94,3.371
124,94,3.392
122,94,3.418
120,94,3.436
118,94,3.461
116,94,3.484
114,94,3.508
112,94,3.541
110,94,3.570
108,94,3.590
106,94,3.603
104,94,3.622
102,94,3.644
100,94,3.652
98,94,3.687
96,94,3.713
94,94,3.729
92,94,3.751
90,94,3.768
88,94,3.790
86,94,3.805
84,94,3.822
82,94,3.842
80,94,3.863
78,94,3.886
76,94,3.910
74,94,3.928
72,94,3.938
70,94,3.954
68,94,3.970
66,94,3.984
64,94,3.996
62,94,4.009
60,94,4.017
58,94,4.031
56,94,4.042
54,94,4.053
52,94,4.058
50,94,4.068
48,94,4.076
46,94,4.099
44,94,4.111
42,94,4.124
40,94,4.133
38,94,4.132
36,94,4.130
34,94,4.138
32,94,4.154
30,94,4.176
28,94,4.192
26,94,4.197
24,94,4.200
22,94,4.201
20,94,4.206
18,94,4.209
16,94,4.214
14,94,4.218
12,94,4.222
10,94,4.222
8,94,4.220
6,94,4.213
4,94,4.200
2,94,4.187
0,94,4.178
0,96,4.182
2,96,4.181
4,96,4.179
6,96,4.176
8,96,4.181
10,96,4.189
12,96,4.196
14,96,4.203
16,96,4.207
18,96,4.209
20,96,4.208
22,96,4.206
24,96,4.204
26,96,4.200
28,96,4.194
30,96,4.188
32,96,4.185
34,96,4.178
36,96,4.169
38,96,4.162
40,96,4.159
42,96,4.148
44,96,4.134
46,96,4.118
48,96,4.089
50,96,4.062
52,96,4.044
54,96,4.029
56,96,4.028
58,96,4.014
60,96,3.995
62,96,3.969
64,96,3.944
66,96,3.926
68,96,3.911
70,96,3.896
72,96,3.885
74,96,3.870
76,96,3.849
78,96,3.838
80,96,3.828
82,96,3.822
84,96,3.802
86,96,3.787
88,96,3.775
90,96,3.756
92,96,3.736
94,96,3.718
96,96,3.693
98,96,3.675
100,96,3.666
102,96,3.654
104,96,3.645
106,96,3.630
108,96,3.606
110,96,3.584
112,96,3.559
114,96,3.548
116,96,3.541
118,96,3.512
120,96,3.499
122,96,3.494
124,96,3.475
126,96,3.455
128,96,3.416
130,96,3.402
132,96,3.389
134,96,3.359
136,96,3.344
138,96,3.320
140,96,3.290
142,96,3.264
144,96,3.239
146,96,3.208
148,96,3.176
150,96,3.149
150,98,3.165
148,98,3.212
146,98,3.240
144,98,3.255
142,98,3.284
140,98,3.306
138,98,3.354
136,98,3.376
134,98,3.398
132,98,3.431
130,98,3.441
128,98,3.469
126,98,3.482
124,98,3.514
122,98,3.536
120,98,3.559
118,98,3.576
116,98,3.601
114,98,3.635
112,98,3.649
110,98,3.676
108,98,3.692
106,98,3.716
104,98,3.736
102,98,3.751
100,98,3.762
98,98,3.787
96,98,3.813
94,98,3.835
92,98,3.862
90,98,3.873
88,98,3.889
86,98,3.903
84,98,3.915
82,98,3.938
80,98,3.953
78,98,3.976
76,98,3.990
74,98,4.009
72,98,4.018
70,98,4.028
68,98,4.042
66,98,4.051
64,98,4.071
62,98,4.084
60,98,4.096
58,98,4.107
56,98,4.118
54,98,4.121
52,98,4.123
50,98,4.128
48,98,4.136
46,98,4.151
44,98,4.163
42,98,4.166
40,98,4.163
38,98,4.151
36,98,4.148
34,98,4.156
32,98,4.176
30,98,4.198
28,98,4.208
26,98,4.214
24,98,4.215
22,98,4.218
20,98,4.218
18,98,4.218
16,98,4.219
14,98,4.220
12,98,4.225
10,98,4.232
8,98,4.232
6,98,4.228
4,98,4.220
2,98,4.208
0,98,4.202
0,100,4.207
2,100,4.205
4,100,4.204
6,100,4.204
8,100,4.207
10,100,4.211
12,100,4.215
14,100,4.217
16,100,4.220
18,100,4.220
20,100,4.215
22,100,4.210
24,100,4.206
26,100,4.201
28,100,4.194
30,100,4.190
32,100,4.190
34,100,4.194
36,100,4.190
38,100,4.190
40,100,4.186
42,100,4.177
44,100,4.163
46,100,4.153
48,100,4.127
50,100,4.104
52,100,4.091
54,100,4.083
56,100,4.083
58,100,4.078
60,100,4.059
62,100,4.035
64,100,4.017
66,100,4.001
68,100,3.991
70,100,3.987
72,100,3.971
74,100,3.953
76,100,3.940
78,100,3.928
80,100,3.911
82,100,3.898
84,100,3.885
86,100,3.869
88,100,3.858
90,100,3.848
92,100,3.833
94,100,3.811
96,100,3.785
98,100,3.781
100,100,3.764
102,100,3.754
104,100,3.738
106,100,3.726
108,100,3.714
110,100,3.687
112,100,3.670
114,100,3.656
116,100,3.640
118,100,3.621
120,100,3.609
122,100,3.593
124,100,3.570
126,100,3.541
128,100,3.538
130,100,3.513
132,100,3.492
134,100,3.481
136,100,3.469
138,100,3.452
140,100,3.411
142,100,3.390
144,100,3.365
146,100,3.330
148,100,3.292
150,100,3.260
150,102,3.282
148,102,3.316
146,102,3.342
144,102,3.384
142,102,3.415
140,102,3.444
138,102,3.465
136,102,3.490
134,102,3.525
132,102,3.548
130,102,3.570
128,102,3.583
126,102,3.595
124,102,3.626
122,102,3.644
120,102,3.663
118,102,3.680
116,102,3.702
114,102,3.720
112,102,3.754
110,102,3.765
108,102,3.789
106,102,3.796
104,102,3.816
102,102,3.828
100,102,3.856
98,102,3.880
96,102,3.898
94,102,3.916
92,102,3.936
90,102,3.954
88,102,3.973
86,102,3.981
84,102,3.996
82,102,4.009
80,102,4.025
78,102,4.032
76,102,4.051
74,102,4.066
72,102,4.081
70,102,4.085
68,102,4.094
66,102,4.106
64,102,4.120
62,102,4.138
60,102,4.150
58,102,4.152
56,102,4.154
54,102,4.152
52,102,4.154
50,102,4.156
48,102,4.167
46,102,4.177
44,102,4.183
42,102,4.179
40,102,4.172
38,102,4.164
36,102,4.164
34,102,4.175
32,102,4.197
30,102,4.212
28,102,4.217
26,102,4.218
24,102,4.222
22,102,4.224
20,102,4.224
18,102,4.223
16,102,4.217
14,102,4.215
12,102,4.224
10,102,4.233
8,102,4.236
6,102,4.234
4,102,4.230
2,102,4.224
0,102,4.221
0,104,4.223
2,104,4.223
4,104,4.221
6,104,4.219
8,104,4.221
10,104,4.220
12,104,4.222
14,104,4.226
16,104,4.225
18,104,4.221
20,104,4.218
22,104,4.211
24,104,4.202
26,104,4.197
28,104,4.195
30,104,4.198
32,104,4.199
34,104,4.197
36,104,4.194
38,104,4.192
40,104,4.189
42,104,4.186
44,104,4.182
46,104,4.173
48,104,4.152
50,104,4.126
52,104,4.110
54,104,4.107
56,104,4.111
58,104,4.116
60,104,4.116
62,104,4.104
64,104,4.091
66,104,4.072
68,104,4.055
70,104,4.055
72,104,4.040
74,104,4.039
76,104,4.035
78,104,4.008
80,104,3.980
82,104,3.962
84,104,3.941
86,104,3.934
88,104,3.930
90,104,3.907
92,104,3.894
94,104,3.882
96,104,3.867
98,104,3.862
100,104,3.848
102,104,3.832
104,104,3.831
106,104,3.818
108,104,3.799
110,104,3.774
112,104,3.755
114,104,3.742
116,104,3.730
118,104,3.721
120,104,3.703
122,104,3.691
124,104,3.665
126,104,3.655
128,104,3.629
130,104,3.621
132,104,3.616
134,104,3.592
136,104,3.573
138,104,3.558
140,104,3.525
142,104,3.506
144,104,3.475
146,104,3.449
148,104,3.415
150,104,3.380
150,106,3.391
148,106,3.421
146,106,3.465
144,106,3.496
142,106,3.521
140,106,3.546
138,106,3.566
136,106,3.590
134,106,3.626
132,106,3.646
130,106,3.651
128,106,3.690
126,106,3.702
124,106,3.715
122,106,3.728
120,106,3.748
118,106,3.763
116,106,3.796
114,106,3.815
112,106,3.831
110,106,3.852
108,106,3.857
106,106,3.875
104,106,3.903
102,106,3.913
100,106,3.929
98,106,3.953
96,106,3.966
94,106,3.994
92,106,4.009
90,106,4.026
88,106,4.041
86,106,4.060
84,106,4.068
82,106,4.080
80,106,4.092
78,106,4.108
76,106,4.115
74,106,4.120
72,106,4.129
70,106,4.132
68,106,4.138
66,106,4.145
64,106,4.154
62,106,4.163
60,106,4.169
58,106,4.173
56,106,4.174
54,106,4.171
52,106,4.173
50,106,4.177
48,106,4.181
46,106,4.190
44,106,4.194
42,106,4.191
40,106,4.184
38,106,4.179
36,106,4.182
34,106,4.197
32,106,4.213
30,106,4.218
28,106,4.217
26,106,4.220
24,106,4.227
22,106,4.231
20,106,4.229
18,106,4.225
16,106,4.218
14,106,4.215
12,106,4.219
10,106,4.228
8,106,4.234
6,106,4.235
4,106,4.231
2,106,4.227
0,106,4.229
0,108,4.226
2,108,4.225
4,108,4.224
6,108,4.223
8,108,4.221
10,108,4.222
12,108,4.222
14,108,4.225
16,108,4.223
18,108,4.220
20,108,4.213
22,108,4.206
24,108,4.199
26,108,4.193
28,108,4.191
30,108,4.198
32,108,4.203
34,108,4.202
36,108,4.203
38,108,4.201
40,108,4.192
42,108,4.188
44,108,4.186
46,108,4.182
48,108,4.168
50,108,4.149
52,108,4.133
54,108,4.128
56,108,4.132
58,108,4.135
60,108,4.138
62,108,4.133
64,108,4.119
66,108,4.109
68,108,4.097
70,108,4.092
72,108,4.086
74,108,4.083
76,108,4.078
78,108,4.066
80,108,4.051
82,108,4.033
84,108,4.010
86,108,4.004
88,108,4.002
90,108,3.986
92,108,3.968
94,108,3.956
96,108,3.952
98,108,3.940
100,108,3.930
102,108,3.921
104,108,3.903
106,108,3.886
108,108,3.873
110,108,3.856
112,108,3.836
114,108,3.818
116,108,3.808
118,108,3.796
120,108,3.793
122,108,3.777
124,108,3.753
126,108,3.736
128,108,3.718
130,108,3.706
132,108,3.684
134,108,3.675
136,108,3.656
138,108,3.636
140,108,3.609
142,108,3.589
144,108,3.569
146,108,3.545
148,108,3.508
150,108,3.469
150,110,3.483
148,110,3.526
146,110,3.556
144,110,3.576
142,110,3.599
140,110,3.623
138,110,3.652
136,110,3.672
134,110,3.689
132,110,3.714
130,110,3.734
128,110,3.749
126,110,3.765
124,110,3.791
122,110,3.815
120,110,3.826
118,110,3.853
116,110,3.869
114,110,3.901
112,110,3.914
110,110,3.934
108,110,3.942
106,110,3.957
104,110,3.972
102,110,3.982
100,110,3.992
98,110,4.007
96,110,4.034
94,110,4.055
92,110,4.068
90,110,4.077
88,110,4.090
86,110,4.102
84,110,4.115
82,110,4.125
80,110,4.134
78,110,4.143
76,110,4.146
74,110,4.152
72,110,4.161
70,110,4.161
68,110,4.160
66,110,4.164
64,110,4.170
62,110,4.179
60,110,4.186
58,110,4.188
56,110,4.186
54,110,4.182
52,110,4.184
50,110,4.189
48,110,4.191
46,110,4.195
44,110,4.199
42,110,4.196
40,110,4.195
38,110,4.195
36,110,4.199
34,110,4.207
32,110,4.213
30,110,4.217
28,110,4.215
26,110,4.216
24,110,4.220
22,110,4.228
20,110,4.226
18,110,4.223
16,110,4.216
14,110,4.213
12,110,4.216
10,110,4.226
8,110,4.230
6,110,4.233
4,110,4.232
2,110,4.229
0,110,4.229
0,112,4.227
2,112,4.227
4,112,4.226
6,112,4.225
8,112,4.222
10,112,4.222
12,112,4.221
14,112,4.220
16,112,4.217
18,112,4.216
20,112,4.210
22,112,4.204
24,112,4.196
26,112,4.194
28,112,4.197
30,112,4.197
32,112,4.201
34,112,4.201
36,112,4.203
38,112,4.196
40,112,4.188
42,112,4.186
44,112,4.183
46,112,4.184
48,112,4.177
50,112,4.166
52,112,4.156
54,112,4.148
56,112,4.147
58,112,4.145
60,112,4.148
62,112,4.144
64,112,4.135
66,112,4.129
68,112,4.125
70,112,4.119
72,112,4.115
74,112,4.116
76,112,4.111
78,112,4.104
80,112,4.093
82,112,4.086
84,112,4.070
86,112,4.060
88,112,4.057
90,112,4.040
92,112,4.036
94,112,4.030
96,112,4.021
98,112,4.005
100,112,3.998
102,112,3.981
104,112,3.969
106,112,3.964
108,112,3.936
110,112,3.918
112,112,3.898
114,112,3.883
116,112,3.882
118,112,3.873
120,112,3.868
122,112,3.843
124,112,3.838
126,112,3.818
128,112,3.802
130,112,3.781
132,112,3.755
134,112,3.742
136,112,3.709
138,112,3.697
140,112,3.688
142,112,3.657
144,112,3.652
146,112,3.622
148,112,3.591
150,112,3.551
150,114,3.563
148,114,3.608
146,114,3.632
144,114,3.659
142,114,3.678
140,114,3.695
138,114,3.716
136,114,3.744
134,114,3.757
132,114,3.775
130,114,3.799
128,114,3.820
126,114,3.846
124,114,3.860
122,114,3.888
120,114,3.905
118,114,3.918
116,114,3.951
114,114,3.966
112,114,3.986
110,114,3.996
108,114,4.012
106,114,4.018
104,114,4.027
102,114,4.039
100,114,4.048
98,114,4.068
96,114,4.081
94,114,4.096
92,114,4.111
90,114,4.121
88,114,4.132
86,114,4.135
84,114,4.145
82,114,4.149
80,114,4.158
78,114,4.164
76,114,4.168
74,114,4.168
72,114,4.173
70,114,4.177
68,114,4.173
66,114,4.174
64,114,4.176
62,114,4.187
60,114,4.188
58,114,4.192
56,114,4.193
54,114,4.190
52,114,4.192
50,114,4.194
48,114,4.195
46,114,4.197
44,114,4.201
42,114,4.203
40,114,4.203
38,114,4.205
36,114,4.207
34,114,4.212
32,114,4.212
30,114,4.213
28,114,4.210
26,114,4.211
24,114,4.216
22,114,4.218
20,114,4.218
18,114,4.219
16,114,4.218
14,114,4.217
12,114,4.216
10,114,4.222
8,114,4.228
6,114,4.232
4,114,4.231
2,114,4.229
0,114,4.225
0,116,4.227
2,116,4.224
4,116,4.225
6,116,4.221
8,116,4.224
10,116,4.222
12,116,4.221
14,116,4.220
16,116,4.218
18,116,4.212
20,116,4.206
22,116,4.202
24,116,4.198
26,116,4.197
28,116,4.194
30,116,4.194
32,116,4.197
34,116,4.197
36,116,4.195
38,116,4.190
40,116,4.183
42,116,4.179
44,116,4.180
46,116,4.180
48,116,4.178
50,116,4.174
52,116,4.166
54,116,4.160
56,116,4.157
58,116,4.158
60,116,4.157
62,116,4.150
64,116,4.146
66,116,4.141
68,116,4.137
70,116,4.135
72,116,4.132
74,116,4.134
76,116,4.128
78,116,4.121
80,116,4.108
82,116,4.105
84,116,4.104
86,116,4.099
88,116,4.097
90,116,4.090
92,116,4.085
94,116,4.073
96,116,4.060
98,116,4.053
100,116,4.042
102,116,4.031
104,116,4.017
106,116,4.007
108,116,3.996
110,116,3.976
112,116,3.957
114,116,3.950
116,116,3.944
118,116,3.934
120,116,3.938
122,116,3.928
124,116,3.913
126,116,3.888
128,116,3.869
130,116,3.850
132,116,3.837
134,116,3.818
136,116,3.795
138,116,3.772
140,116,3.750
142,116,3.735
144,116,3.712
146,116,3.691
148,116,3.682
150,116,3.648
150,118,3.655
148,118,3.676
146,118,3.699
144,118,3.722
142,118,3.748
140,118,3.777
138,118,3.801
136,118,3.818
134,118,3.825
132,118,3.851
130,118,3.872
128,118,3.893
126,118,3.912
124,118,3.934
122,118,3.957
120,118,3.962
118,118,3.989
116,118,4.010
114,118,4.021
112,118,4.039
110,118,4.047
108,118,4.058
106,118,4.066
104,118,4.075
102,118,4.089
100,118,4.101
98,118,4.114
96,118,4.125
94,118,4.133
92,118,4.142
90,118,4.145
88,118,4.150
86,118,4.152
84,118,4.155
82,118,4.160
80,118,4.166
78,118,4.171
76,118,4.178
74,118,4.183
72,118,4.183
70,118,4.181
68,118,4.180
66,118,4.176
64,118,4.181
62,118,4.184
60,118,4.188
58,118,4.192
56,118,4.195
54,118,4.196
52,118,4.198
50,118,4.198
48,118,4.200
46,118,4.201
44,118,4.200
42,118,4.203
40,118,4.205
38,118,4.209
36,118,4.211
34,118,4.211
32,118,4.209
30,118,4.209
28,118,4.207
26,118,4.209
24,118,4.210
22,118,4.213
20,118,4.215
18,118,4.218
16,118,4.221
14,118,4.219
12,118,4.221
10,118,4.224
8,118,4.227
6,118,4.230
4,118,4.228
2,118,4.228
0,118,4.230
0,120,4.230
2,120,4.227
4,120,4.225
6,120,4.222
8,120,4.219
10,120,4.217
12,120,4.217
14,120,4.215
16,120,4.214
18,120,4.212
20,120,4.209
22,120,4.205
24,120,4.203
26,120,4.202
28,120,4.199
30,120,4.194
32,120,4.191
34,120,4.191
36,120,4.190
38,120,4.183
40,120,4.179
42,120,4.179
44,120,4.177
46,120,4.178
48,120,4.177
50,120,4.177
52,120,4.175
54,120,4.170
56,120,4.167
58,120,4.164
60,120,4.159
62,120,4.154
64,120,4.150
66,120,4.149
68,120,4.148
70,120,4.146
72,120,4.142
74,120,4.140
76,120,4.135
78,120,4.129
80,120,4.122
82,120,4.117
84,120,4.118
86,120,4.118
88,120,4.117
90,120,4.111
92,120,4.105
94,120,4.098
96,120,4.090
98,120,4.085
100,120,4.078
102,120,4.070
104,120,4.066
106,120,4.058
108,120,4.052
110,120,4.036
112,120,4.021
114,120,4.006
116,120,3.998
118,120,3.993
120,120,3.977
122,120,3.969
124,120,3.961
126,120,3.949
128,120,3.925
130,120,3.910
132,120,3.893
134,120,3.868
136,120,3.849
138,120,3.834
140,120,3.815
142,120,3.791
144,120,3.773
146,120,3.751
148,120,3.728
150,120,3.700
150,122,3.705
148,122,3.737
146,122,3.763
144,122,3.788
142,122,3.805
140,122,3.822
138,122,3.842
136,122,3.864
134,122,3.880
132,122,3.902
130,122,3.926
128,122,3.935
126,122,3.961
124,122,3.981
122,122,4.003
120,122,4.016
118,122,4.034
116,122,4.045
114,122,4.055
112,122,4.065
110,122,4.071
108,122,4.083
106,122,4.095
104,122,4.107
102,122,4.117
100,122,4.127
98,122,4.134
96,122,4.144
94,122,4.149
92,122,4.150
90,122,4.153
88,122,4.155
86,122,4.157
84,122,4.160
82,122,4.164
80,122,4.171
78,122,4.176
76,122,4.181
74,122,4.184
72,122,4.181
70,122,4.177
68,122,4.175
66,122,4.173
64,122,4.174
62,122,4.181
60,122,4.184
58,122,4.187
56,122,4.189
54,122,4.192
52,122,4.194
50,122,4.195
48,122,4.197
46,122,4.195
44,122,4.195
42,122,4.197
40,122,4.202
38,122,4.207
36,122,4.206
34,122,4.204
32,122,4.197
30,122,4.196
28,122,4.198
26,122,4.199
24,122,4.202
22,122,4.205
20,122,4.206
18,122,4.209
16,122,4.216
14,122,4.220
12,122,4.223
10,122,4.220
8,122,4.218
6,122,4.220
4,122,4.225
2,122,4.226
0,122,4.228
0,124,4.225
2,124,4.224
4,124,4.223
6,124,4.220
8,124,4.217
10,124,4.215
12,124,4.212
14,124,4.207
16,124,4.204
18,124,4.204
20,124,4.205
22,124,4.203
24,124,4.200
26,124,4.197
28,124,4.193
30,124,4.189
32,124,4.184
34,124,4.181
36,124,4.177
38,124,4.173
40,124,4.168
42,124,4.167
44,124,4.166
46,124,4.166
48,124,4.167
50,124,4.168
52,124,4.169
54,124,4.167
56,124,4.161
58,124,4.157
60,124,4.151
62,124,4.152
64,124,4.151
66,124,4.151
68,124,4.149
70,124,4.142
72,124,4.140
74,124,4.138
76,124,4.135
78,124,4.128
80,124,4.119
82,124,4.119
84,124,4.121
86,124,4.121
88,124,4.121
90,124,4.119
92,124,4.114
94,124,4.107
96,124,4.102
98,124,4.099
100,124,4.092
102,124,4.091
104,124,4.091
106,124,4.089
108,124,4.082
110,124,4.072
112,124,4.064
114,124,4.055
116,124,4.044
118,124,4.032
120,124,4.019
122,124,4.008
124,124,3.998
126,124,3.988
128,124,3.975
130,124,3.957
132,124,3.940
134,124,3.922
136,124,3.904
138,124,3.886
140,124,3.865
142,124,3.848
144,124,3.833
146,124,3.808
148,124,3.783
150,124,3.757
150,126,3.771
148,126,3.796
146,126,3.824
144,126,3.846
142,126,3.863
140,126,3.881
138,126,3.897
136,126,3.924
134,126,3.935
132,126,3.952
130,126,3.975
128,126,3.990
126,126,4.007
124,126,4.025
122,126,4.042
120,126,4.047
118,126,4.059
116,126,4.069
114,126,4.077
112,126,4.083
110,126,4.091
108,126,4.106
106,126,4.114
104,126,4.127
102,126,4.137
100,126,4.144
98,126,4.152
96,126,4.152
94,126,4.151
92,126,4.153
90,126,4.153
88,126,4.157
86,126,4.161
84,126,4.167
82,126,4.170
80,126,4.173
78,126,4.173
76,126,4.176
74,126,4.178
72,126,4.178
70,126,4.175
68,126,4.173
66,126,4.171
64,126,4.175
62,126,4.178
60,126,4.180
58,126,4.180
56,126,4.181
54,126,4.184
52,126,4.189
50,126,4.192
48,126,4.192
46,126,4.192
44,126,4.191
42,126,4.193
40,126,4.197
38,126,4.201
36,126,4.201
34,126,4.193
32,126,4.188
30,126,4.188
28,126,4.190
26,126,4.194
24,126,4.198
22,126,4.200
20,126,4.202
18,126,4.203
16,126,4.206
14,126,4.210
12,126,4.212
10,126,4.214
8,126,4.212
6,126,4.216
4,126,4.220
2,126,4.221
0,126,4.222
0,128,4.219
2,128,4.218
4,128,4.217
6,128,4.214
8,128,4.211
10,128,4.209
12,128,4.208
14,128,4.203
16,128,4.197
18,128,4.194
20,128,4.196
22,128,4.195
24,128,4.192
26,128,4.192
28,128,4.187
30,128,4.182
32,128,4.178
34,128,4.175
36,128,4.174
38,128,4.169
40,128,4.165
42,128,4.161
44,128,4.159
46,128,4.156
48,128,4.157
50,128,4.161
52,128,4.164
54,128,4.165
56,128,4.161
58,128,4.157
60,128,4.148
62,128,4.147
64,128,4.152
66,128,4.149
68,128,4.145
70,128,4.143
72,128,4.139
74,128,4.136
76,128,4.134
78,128,4.129
80,128,4.120
82,128,4.115
84,128,4.119
86,128,4.124
88,128,4.123
90,128,4.122
92,128,4.123
94,128,4.114
96,128,4.111
98,128,4.110
100,128,4.107
102,128,4.102
104,128,4.098
106,128,4.097
108,128,4.099
110,128,4.100
112,128,4.095
114,128,4.085
116,128,4.074
118,128,4.062
120,128,4.050
122,128,4.040
124,128,4.030
126,128,4.021
128,128,4.011
130,128,3.999
132,128,3.985
134,128,3.971
136,128,3.951
138,128,3.931
140,128,3.913
142,128,3.901
144,128,3.881
146,128,3.859
148,128,3.835
150,128,3.820
150,130,3.832
148,130,3.855
146,130,3.879
144,130,3.899
142,130,3.913
140,130,3.931
138,130,3.946
136,130,3.963
134,130,3.977
132,130,3.992
130,130,4.010
128,130,4.029
126,130,4.042
124,130,4.050
122,130,4.060
120,130,4.069
118,130,4.074
116,130,4.078
114,130,4.084
112,130,4.096
110,130,4.106
108,130,4.117
106,130,4.132
104,130,4.144
102,130,4.149
100,130,4.152
98,130,4.154
96,130,4.153
94,130,4.152
92,130,4.152
90,130,4.156
88,130,4.159
86,130,4.164
84,130,4.168
82,130,4.169
80,130,4.168
78,130,4.169
76,130,4.168
74,130,4.168
72,130,4.169
70,130,4.168
68,130,4.169
66,130,4.170
64,130,4.171
62,130,4.173
60,130,4.174
58,130,4.174
56,130,4.173
54,130,4.175
52,130,4.179
50,130,4.185
48,130,4.189
46,130,4.187
44,130,4.185
42,130,4.189
40,130,4.191
38,130,4.193
36,130,4.191
34,130,4.185
32,130,4.176
30,130,4.176
28,130,4.181
26,130,4.189
24,130,4.197
22,130,4.197
20,130,4.191
18,130,4.187
16,130,4.189
14,130,4.194
12,130,4.199
10,130,4.200
8,130,4.201
6,130,4.207
4,130,4.212
2,130,4.214
0,130,4.215
0,132,4.209
2,132,4.208
4,132,4.206
6,132,4.204
8,132,4.201
10,132,4.199
12,132,4.195
14,132,4.190
16,132,4.186
18,132,4.184
20,132,4.181
22,132,4.181
24,132,4.176
26,132,4.173
28,132,4.170
30,132,4.166
32,132,4.168
34,132,4.168
36,132,4.170
38,132,4.166
40,132,4.160
42,132,4.152
44,132,4.148
46,132,4.145
48,132,4.145
50,132,4.150
52,132,4.157
54,132,4.158
56,132,4.154
58,132,4.149
60,132,4.145
62,132,4.147
64,132,4.146
66,132,4.144
68,132,4.139
70,132,4.134
72,132,4.130
74,132,4.130
76,132,4.127
78,132,4.125
80,132,4.121
82,132,4.116
84,132,4.117
86,132,4.119
88,132,4.122
90,132,4.119
92,132,4.119
94,132,4.119
96,132,4.117
98,132,4.115
100,132,4.112
102,132,4.106
104,132,4.104
106,132,4.104
108,132,4.104
110,132,4.109
112,132,4.109
114,132,4.105
116,132,4.096
118,132,4.081
120,132,4.069
122,132,4.060
124,132,4.044
126,132,4.041
128,132,4.038
130,132,4.029
132,132,4.016
134,132,4.004
136,132,3.993
138,132,3.971
140,132,3.952
142,132,3.938
144,132,3.921
146,132,3.909
148,132,3.892
150,132,3.871
150,134,3.885
148,134,3.910
146,134,3.925
144,134,3.945
142,134,3.951
140,134,3.967
138,134,3.981
136,134,3.993
134,134,4.011
132,134,4.024
130,134,4.036
128,134,4.046
126,134,4.058
124,134,4.065
122,134,4.072
120,134,4.080
118,134,4.085
116,134,4.088
114,134,4.094
112,134,4.102
110,134,4.114
108,134,4.125
106,134,4.135
104,134,4.143
102,134,4.147
100,134,4.152
98,134,4.152
96,134,4.149
94,134,4.147
92,134,4.152
90,134,4.153
88,134,4.155
86,134,4.160
84,134,4.163
82,134,4.163
80,134,4.161
78,134,4.156
76,134,4.153
74,134,4.152
72,134,4.155
70,134,4.161
68,134,4.164
66,134,4.164
64,134,4.166
62,134,4.166
60,134,4.163
58,134,4.160
56,134,4.160
54,134,4.161
52,134,4.168
50,134,4.175
48,134,4.179
46,134,4.181
44,134,4.179
42,134,4.178
40,134,4.179
38,134,4.180
36,134,4.179
34,134,4.174
32,134,4.165
30,134,4.160
28,134,4.167
26,134,4.179
24,134,4.186
22,134,4.182
20,134,4.174
18,134,4.170
16,134,4.170
14,134,4.180
12,134,4.188
10,134,4.190
8,134,4.189
6,134,4.192
4,134,4.196
2,134,4.200
0,134,4.201
0,136,4.199
2,136,4.195
4,136,4.192
6,136,4.188
8,136,4.188
10,136,4.185
12,136,4.179
14,136,4.177
16,136,4.170
18,136,4.171
20,136,4.166
22,136,4.164
24,136,4.159
26,136,4.155
28,136,4.155
30,136,4.153
32,136,4.153
34,136,4.160
36,136,4.164
38,136,4.162
40,136,4.156
42,136,4.147
44,136,4.132
46,136,4.133
48,136,4.138
50,136,4.141
52,136,4.144
54,136,4.146
56,136,4.147
58,136,4.149
60,136,4.146
62,136,4.144
64,136,4.142
66,136,4.137
68,136,4.133
70,136,4.126
72,136,4.126
74,136,4.127
76,136,4.123
78,136,4.120
80,136,4.120
82,136,4.121
84,136,4.115
86,136,4.116
88,136,4.117
90,136,4.114
92,136,4.115
94,136,4.117
96,136,4.120
98,136,4.123
100,136,4.115
102,136,4.111
104,136,4.107
106,136,4.105
108,136,4.109
110,136,4.112
112,136,4.113
114,136,4.114
116,136,4.109
118,136,4.100
120,136,4.086
122,136,4.074
124,136,4.065
126,136,4.061
128,136,4.058
130,136,4.052
132,136,4.043
134,136,4.035
136,136,4.025
138,136,4.009
140,136,3.991
142,136,3.976
144,136,3.963
146,136,3.950
148,136,3.936
150,136,3.924
150,138,3.932
148,138,3.953
146,138,3.962
144,138,3.975
142,138,3.984
140,138,4.001
138,138,4.009
136,138,4.018
134,138,4.031
132,138,4.044
130,138,4.052
128,138,4.064
126,138,4.070
124,138,4.078
122,138,4.086
120,138,4.091
118,138,4.096
116,138,4.102
114,138,4.106
112,138,4.113
110,138,4.123
108,138,4.131
106,138,4.140
104,138,4.146
102,138,4.146
100,138,4.149
98,138,4.150
96,138,4.152
94,138,4.149
92,138,4.150
90,138,4.154
88,138,4.155
86,138,4.156
84,138,4.152
82,138,4.148
80,138,4.139
78,138,4.130
76,138,4.131
74,138,4.128
72,138,4.132
70,138,4.136
68,138,4.140
66,138,4.148
64,138,4.151
62,138,4.154
60,138,4.151
58,138,4.150
56,138,4.154
54,138,4.155
52,138,4.159
50,138,4.167
48,138,4.174
46,138,4.173
44,138,4.170
42,138,4.169
40,138,4.169
38,138,4.171
36,138,4.172
34,138,4.163
32,138,4.153
30,138,4.152
28,138,4.163
26,138,4.174
24,138,4.173
22,138,4.168
20,138,4.160
18,138,4.152
16,138,4.154
14,138,4.165
12,138,4.177
10,138,4.179
8,138,4.176
6,138,4.180
4,138,4.181
2,138,4.182
0,138,4.187
0,140,4.179
2,140,4.177
4,140,4.175
6,140,4.174
8,140,4.169
10,140,4.165
12,140,4.165
14,140,4.165
16,140,4.164
18,140,4.163
20,140,4.162
22,140,4.156
24,140,4.148
26,140,4.138
28,140,4.135
30,140,4.136
32,140,4.135
34,140,4.140
36,140,4.148
38,140,4.151
40,140,4.145
42,140,4.134
44,140,4.127
46,140,4.123
48,140,4.126
50,140,4.135
52,140,4.138
54,140,4.137
56,140,4.137
58,140,4.137
60,140,4.138
62,140,4.138
64,140,4.134
66,140,4.131
68,140,4.124
70,140,4.118
72,140,4.114
74,140,4.110
76,140,4.113
78,140,4.115
80,140,4.113
82,140,4.113
84,140,4.111
86,140,4.106
88,140,4.102
90,140,4.102
92,140,4.102
94,140,4.107
96,140,4.109
98,140,4.113
100,140,4.113
102,140,4.113
104,140,4.109
106,140,4.109
108,140,4.109
110,140,4.110
112,140,4.115
114,140,4.116
116,140,4.112
118,140,4.103
120,140,4.095
122,140,4.087
124,140,4.079
126,140,4.075
128,140,4.069
130,140,4.065
132,140,4.060
134,140,4.048
136,140,4.037
138,140,4.029
140,140,4.018
142,140,4.004
144,140,3.993
146,140,3.976
148,140,3.967
150,140,3.958
150,142,3.960
148,142,3.973
146,142,3.985
144,142,3.994
142,142,4.001
140,142,4.014
138,142,4.025
136,142,4.035
134,142,4.042
132,142,4.058
130,142,4.066
128,142,4.074
126,142,4.079
124,142,4.084
122,142,4.093
120,142,4.099
118,142,4.106
116,142,4.109
114,142,4.114
112,142,4.118
110,142,4.124
108,142,4.128
106,142,4.133
104,142,4.140
102,142,4.144
100,142,4.147
98,142,4.152
96,142,4.151
94,142,4.152
92,142,4.152
90,142,4.150
88,142,4.148
86,142,4.146
84,142,4.132
82,142,4.116
80,142,4.098
78,142,4.081
76,142,4.062
74,142,4.048
72,142,4.049
70,142,4.065
68,142,4.087
66,142,4.106
64,142,4.125
62,142,4.132
60,142,4.134
58,142,4.133
56,142,4.137
54,142,4.146
52,142,4.152
50,142,4.157
48,142,4.161
46,142,4.157
44,142,4.156
42,142,4.157
40,142,4.157
38,142,4.161
36,142,4.156
34,142,4.143
32,142,4.140
30,142,4.145
28,142,4.153
26,142,4.159
24,142,4.157
22,142,4.150
20,142,4.144
18,142,4.141
16,142,4.143
14,142,4.155
12,142,4.164
10,142,4.164
8,142,4.163
6,142,4.161
4,142,4.164
2,142,4.166
0,142,4.166
0,144,4.154
2,144,4.155
4,144,4.154
6,144,4.152
8,144,4.150
10,144,4.148
12,144,4.146
14,144,4.145
16,144,4.146
18,144,4.144
20,144,4.144
22,144,4.143
24,144,4.135
26,144,4.125
28,144,4.120
30,144,4.119
32,144,4.120
34,144,4.125
36,144,4.131
38,144,4.136
40,144,4.135
42,144,4.127
44,144,4.114
46,144,4.108
48,144,4.113
50,144,4.124
52,144,4.129
54,144,4.130
56,144,4.127
58,144,4.126
60,144,4.126
62,144,4.126
64,144,4.125
66,144,4.122
68,144,4.117
70,144,4.109
72,144,4.100
74,144,4.100
76,144,4.102
78,144,4.102
80,144,4.098
82,144,4.092
84,144,4.084
86,144,4.072
88,144,4.065
90,144,4.064
92,144,4.070
94,144,4.078
96,144,4.090
98,144,4.101
100,144,4.104
102,144,4.106
104,144,4.109
106,144,4.111
108,144,4.110
110,144,4.109
112,144,4.108
114,144,4.105
116,144,4.104
118,144,4.099
120,144,4.092
122,144,4.085
124,144,4.084
126,144,4.078
128,144,4.077
130,144,4.070
132,144,4.063
134,144,4.054
136,144,4.044
138,144,4.030
140,144,4.025
142,144,4.014
144,144,4.001
146,144,3.992
148,144,3.978
150,144,3.965
150,146,3.962
148,146,3.976
146,146,3.985
144,146,3.994
142,146,4.006
140,146,4.018
138,146,4.027
136,146,4.036
134,146,4.046
132,146,4.055
130,146,4.064
128,146,4.071
126,146,4.081
124,146,4.088
122,146,4.096
120,146,4.102
118,146,4.106
116,146,4.111
114,146,4.114
112,146,4.115
110,146,4.116
108,146,4.119
106,146,4.124
104,146,4.129
102,146,4.134
100,146,4.138
98,146,4.141
96,146,4.143
94,146,4.143
92,146,4.143
90,146,4.138
88,146,4.131
86,146,4.118
84,146,4.092
82,146,4.045
80,146,3.975
78,146,3.890
76,146,3.799
74,146,3.757
72,146,3.788
70,146,3.860
68,146,3.939
66,146,4.017
64,146,4.064
62,146,4.082
60,146,4.091
58,146,4.100
56,146,4.115
54,146,4.128
52,146,4.137
50,146,4.143
48,146,4.142
46,146,4.137
44,146,4.133
42,146,4.132
40,146,4.134
38,146,4.135
36,146,4.129
34,146,4.118
32,146,4.116
30,146,4.123
28,146,4.133
26,146,4.134
24,146,4.129
22,146,4.126
20,146,4.124
18,146,4.124
16,146,4.126
14,146,4.133
12,146,4.137
10,146,4.135
8,146,4.136
6,146,4.134
4,146,4.137
2,146,4.135
0,146,4.130
0,148,4.109
2,148,4.113
4,148,4.114
6,148,4.118
8,148,4.122
10,148,4.123
12,148,4.124
14,148,4.120
16,148,4.118
18,148,4.115
20,148,4.118
22,148,4.121
24,148,4.116
26,148,4.111
28,148,4.106
30,148,4.104
32,148,4.103
34,148,4.102
36,148,4.107
38,148,4.113
40,148,4.115
42,148,4.111
44,148,4.102
46,148,4.093
48,148,4.091
50,148,4.099
52,148,4.109
54,148,4.112
56,148,4.109
58,148,4.106
60,148,4.107
62,148,4.111
64,148,4.114
66,148,4.111
68,148,4.104
70,148,4.095
72,148,4.086
74,148,4.082
76,148,4.079
78,148,4.072
80,148,4.060
82,148,4.039
84,148,4.007
86,148,3.974
88,148,3.958
90,148,3.967
92,148,3.989
94,148,4.021
96,148,4.052
98,148,4.076
100,148,4.091
102,148,4.099
104,148,4.106
106,148,4.111
108,148,4.109
110,148,4.108
112,148,4.105
114,148,4.101
116,148,4.098
118,148,4.092
120,148,4.088
122,148,4.087
124,148,4.085
126,148,4.084
128,148,4.081
130,148,4.074
132,148,4.067
134,148,4.059
136,148,4.049
138,148,4.038
140,148,4.025
142,148,4.014
144,148,4.006
146,148,3.993
148,148,3.983
150,148,3.974
150,150,3.973
148,150,3.985
146,150,3.994
144,150,4.002
142,150,4.008
140,150,4.019
138,150,4.029
136,150,4.038
134,150,4.048
132,150,4.054
130,150,4.064
128,150,4.072
126,150,4.079
124,150,4.089
122,150,4.096
120,150,4.102
118,150,4.106
116,150,4.109
114,150,4.108
112,150,4.109
110,150,4.108
108,150,4.109
106,150,4.114
104,150,4.120
102,150,4.126
100,150,4.127
98,150,4.128
96,150,4.134
94,150,4.134
92,150,4.128
90,150,4.121
88,150,4.109
86,150,4.072
84,150,4.002
82,150,3.876
80,150,3.685
78,150,3.459
76,150,3.287
74,150,3.236
72,150,3.323
70,150,3.502
68,150,3.707
66,150,3.872
64,150,3.969
62,150,4.008
60,150,4.029
58,150,4.053
56,150,4.080
54,150,4.107
52,150,4.119
50,150,4.122
48,150,4.120
46,150,4.117
44,150,4.113
42,150,4.109
40,150,4.112
38,150,4.113
36,150,4.102
34,150,4.089
32,150,4.091
30,150,4.099
28,150,4.108
26,150,4.100
24,150,4.095
22,150,4.092
20,150,4.086
18,150,4.088
16,150,4.089
14,150,4.092
12,150,4.096
10,150,4.096
8,150,4.088
6,150,4.084
4,150,4.086
2,150,4.076
0,150,4.062
