0,0,6.899
2,0,6.792
4,0,6.820
6,0,6.930
8,0,7.067
10,0,7.189
12,0,7.295
14,0,7.360
16,0,7.377
18,0,7.360
20,0,7.346
22,0,7.371
24,0,7.397
26,0,7.408
28,0,7.376
30,0,7.309
32,0,7.237
34,0,7.213
36,0,7.288
38,0,7.430
40,0,7.568
42,0,7.637
44,0,7.654
46,0,7.647
48,0,7.628
50,0,7.596
52,0,7.570
54,0,7.553
56,0,7.514
58,0,7.304
60,0,6.891
62,0,6.562
64,0,6.539
66,0,6.792
68,0,7.069
70,0,7.124
72,0,7.004
74,0,6.962
76,0,7.037
78,0,7.135
80,0,7.104
82,0,6.964
84,0,6.770
86,0,6.567
88,0,6.397
90,0,6.404
92,0,6.577
94,0,6.890
96,0,7.213
98,0,7.476
100,0,7.647
102,0,7.763
104,0,7.832
106,0,7.872
108,0,7.898
110,0,7.914
112,0,7.921
114,0,7.910
116,0,7.882
118,0,7.802
120,0,7.694
122,0,7.610
124,0,7.579
126,0,7.593
128,0,7.642
130,0,7.688
132,0,7.649
134,0,7.524
136,0,7.371
138,0,7.253
140,0,7.197
142,0,7.213
144,0,7.310
146,0,7.444
148,0,7.639
150,0,7.800
150,2,7.812
148,2,7.716
146,2,7.588
144,2,7.466
142,2,7.355
140,2,7.277
138,2,7.227
136,2,7.217
134,2,7.249
132,2,7.324
130,2,7.442
128,2,7.576
126,2,7.688
124,2,7.766
122,2,7.789
120,2,7.783
118,2,7.768
116,2,7.762
114,2,7.775
112,2,7.806
110,2,7.846
108,2,7.888
106,2,7.912
104,2,7.922
102,2,7.921
100,2,7.912
98,2,7.899
96,2,7.880
94,2,7.852
92,2,7.799
90,2,7.688
88,2,7.499
86,2,7.193
84,2,6.766
82,2,6.233
80,2,5.655
78,2,5.148
76,2,4.785
74,2,4.609
72,2,4.577
70,2,4.713
68,2,5.020
66,2,5.402
64,2,5.886
62,2,6.330
60,2,6.549
58,2,6.648
56,2,6.771
54,2,6.929
52,2,7.024
50,2,6.860
48,2,6.550
46,2,6.355
44,2,6.468
42,2,6.881
40,2,7.327
38,2,7.523
36,2,7.558
34,2,7.579
32,2,7.619
30,2,7.656
28,2,7.666
26,2,7.658
24,2,7.617
22,2,7.518
20,2,7.369
18,2,7.266
16,2,7.274
14,2,7.338
12,2,7.403
10,2,7.411
8,2,7.372
6,2,7.343
4,2,7.359
2,2,7.364
0,2,7.299
0,4,7.145
2,4,7.162
4,4,7.210
6,4,7.267
8,4,7.319
10,4,7.355
12,4,7.374
14,4,7.389
16,4,7.408
18,4,7.425
20,4,7.435
22,4,7.421
24,4,7.378
26,4,7.327
28,4,7.288
30,4,7.282
32,4,7.338
34,4,7.442
36,4,7.544
38,4,7.609
40,4,7.639
42,4,7.647
44,4,7.638
46,4,7.605
48,4,7.563
50,4,7.534
52,4,7.516
54,4,7.440
56,4,7.140
58,4,6.651
60,4,6.298
62,4,6.266
64,4,6.524
66,4,6.840
68,4,6.937
70,4,6.809
72,4,6.671
74,4,6.603
76,4,6.526
78,4,6.268
80,4,5.799
82,4,5.329
84,4,4.971
86,4,4.770
88,4,4.762
90,4,4.926
92,4,5.303
94,4,5.891
96,4,6.505
98,4,7.029
100,4,7.402
102,4,7.640
104,4,7.775
106,4,7.839
108,4,7.867
110,4,7.887
112,4,7.899
114,4,7.909
116,4,7.901
118,4,7.877
120,4,7.836
122,4,7.806
124,4,7.791
126,4,7.797
128,4,7.812
130,4,7.812
132,4,7.747
134,4,7.619
136,4,7.468
138,4,7.366
140,4,7.329
142,4,7.323
144,4,7.428
146,4,7.554
148,4,7.722
150,4,7.896
150,6,7.958
148,6,7.907
146,6,7.812
144,6,7.713
142,6,7.585
140,6,7.560
138,6,7.505
136,6,7.536
134,6,7.544
132,6,7.606
130,6,7.697
128,6,7.789
126,6,7.855
124,6,7.894
122,6,7.905
120,6,7.906
118,6,7.911
116,6,7.909
114,6,7.913
112,6,7.920
110,6,7.930
108,6,7.930
106,6,7.926
104,6,7.921
102,6,7.910
100,6,7.898
98,6,7.883
96,6,7.860
94,6,7.809
92,6,7.703
90,6,7.495
88,6,7.151
86,6,6.612
84,6,5.888
82,6,5.109
80,6,4.387
78,6,3.804
76,6,3.408
74,6,3.190
72,6,3.078
70,6,3.055
68,6,3.154
66,6,3.476
64,6,4.074
62,6,4.819
60,6,5.558
58,6,6.178
56,6,6.657
54,6,7.012
52,6,7.171
50,6,7.036
48,6,6.777
46,6,6.659
44,6,6.789
42,6,7.140
40,6,7.438
38,6,7.538
36,6,7.542
34,6,7.558
32,6,7.610
30,6,7.661
28,6,7.680
26,6,7.670
24,6,7.629
22,6,7.555
20,6,7.471
18,6,7.421
16,6,7.418
14,6,7.442
12,6,7.467
10,6,7.474
8,6,7.449
6,6,7.384
4,6,7.232
2,6,7.051
0,6,6.915
0,8,6.714
2,8,6.685
4,8,6.699
6,8,6.775
8,8,6.895
10,8,7.051
12,8,7.227
14,8,7.363
16,8,7.433
18,8,7.465
20,8,7.473
22,8,7.470
24,8,7.462
26,8,7.454
28,8,7.445
30,8,7.444
32,8,7.471
34,8,7.525
36,8,7.590
38,8,7.637
40,8,7.663
42,8,7.670
44,8,7.654
46,8,7.611
48,8,7.556
50,8,7.524
52,8,7.521
54,8,7.491
56,8,7.312
58,8,6.943
60,8,6.629
62,8,6.582
64,8,6.777
66,8,7.040
68,8,7.093
70,8,6.825
72,8,6.388
74,8,5.883
76,8,5.123
78,8,4.243
80,8,3.523
82,8,3.081
84,8,2.922
86,8,2.969
88,8,3.083
90,8,3.368
92,8,3.874
94,8,4.603
96,8,5.505
98,8,6.381
100,8,7.059
102,8,7.487
104,8,7.719
106,8,7.825
108,8,7.866
110,8,7.887
112,8,7.902
114,8,7.914
116,8,7.928
118,8,7.935
120,8,7.935
122,8,7.935
124,8,7.935
126,8,7.939
128,8,7.947
130,8,7.966
132,8,7.942
134,8,7.915
136,8,7.857
138,8,7.796
140,8,7.762
142,8,7.797
144,8,7.830
146,8,7.892
148,8,7.968
150,8,8.021
150,10,8.005
148,10,8.033
146,10,8.024
144,10,8.009
142,10,7.993
140,10,7.979
138,10,7.970
136,10,7.977
134,10,7.976
132,10,7.995
130,10,8.002
128,10,8.012
126,10,8.004
124,10,7.993
122,10,7.998
120,10,7.993
118,10,7.988
116,10,7.988
114,10,7.988
112,10,7.985
110,10,7.968
108,10,7.961
106,10,7.952
104,10,7.941
102,10,7.929
100,10,7.914
98,10,7.899
96,10,7.877
94,10,7.818
92,10,7.683
90,10,7.405
88,10,6.955
86,10,6.276
84,10,5.468
82,10,4.716
80,10,4.125
78,10,3.753
76,10,3.513
74,10,3.367
72,10,3.208
70,10,2.973
68,10,2.706
66,10,2.461
64,10,2.467
62,10,2.975
60,10,3.962
58,10,5.163
56,10,6.303
54,10,7.066
52,10,7.389
50,10,7.425
48,10,7.360
46,10,7.335
44,10,7.408
42,10,7.521
40,10,7.565
38,10,7.539
36,10,7.515
34,10,7.539
32,10,7.606
30,10,7.669
28,10,7.700
26,10,7.702
24,10,7.674
22,10,7.621
20,10,7.568
18,10,7.538
16,10,7.519
14,10,7.489
12,10,7.458
10,10,7.419
8,10,7.341
6,10,7.106
4,10,6.763
2,10,6.516
0,10,6.483
0,12,6.538
2,12,6.474
4,12,6.408
6,12,6.406
8,12,6.489
10,12,6.637
12,12,6.846
14,12,7.068
16,12,7.226
18,12,7.314
20,12,7.369
22,12,7.419
24,12,7.455
26,12,7.489
28,12,7.521
30,12,7.542
32,12,7.565
34,12,7.599
36,12,7.642
38,12,7.678
40,12,7.694
42,12,7.687
44,12,7.659
46,12,7.607
48,12,7.543
50,12,7.497
52,12,7.503
54,12,7.536
56,12,7.539
58,12,7.458
60,12,7.341
62,12,7.302
64,12,7.356
66,12,7.407
68,12,7.257
70,12,6.671
72,12,5.586
74,12,4.247
76,12,3.077
78,12,2.434
80,12,2.381
82,12,2.659
84,12,2.978
86,12,3.235
88,12,3.391
90,12,3.579
92,12,3.914
94,12,4.480
96,12,5.318
98,12,6.229
100,12,7.006
102,12,7.494
104,12,7.740
106,12,7.841
108,12,7.879
110,12,7.901
112,12,7.917
114,12,7.931
116,12,7.950
118,12,7.963
120,12,7.976
122,12,7.996
124,12,8.029
126,12,8.059
128,12,8.048
130,12,8.052
132,12,8.067
134,12,8.073
136,12,8.060
138,12,8.047
140,12,8.038
142,12,8.039
144,12,8.050
146,12,8.031
148,12,8.030
150,12,8.056
150,14,7.932
148,14,7.932
146,14,7.978
144,14,8.034
142,14,8.029
140,14,8.029
138,14,8.042
136,14,8.071
134,14,8.080
132,14,8.074
130,14,8.082
128,14,8.082
126,14,8.081
124,14,8.076
122,14,8.068
120,14,8.063
118,14,8.048
116,14,8.065
114,14,8.034
112,14,8.024
110,14,8.002
108,14,7.986
106,14,7.978
104,14,7.961
102,14,7.954
100,14,7.944
98,14,7.932
96,14,7.907
94,14,7.860
92,14,7.767
90,14,7.559
88,14,7.198
86,14,6.621
84,14,5.947
82,14,5.265
80,14,4.681
78,14,4.281
76,14,4.010
74,14,3.903
72,14,3.816
70,14,3.758
68,14,3.585
66,14,3.126
64,14,2.473
62,14,2.153
60,14,2.699
58,14,4.118
56,14,5.760
54,14,6.940
52,14,7.449
50,14,7.620
48,14,7.660
46,14,7.663
44,14,7.640
42,14,7.568
40,14,7.426
38,14,7.314
36,14,7.301
34,14,7.419
32,14,7.564
30,14,7.653
28,14,7.694
26,14,7.708
24,14,7.696
22,14,7.660
20,14,7.617
18,14,7.572
16,14,7.502
14,14,7.416
12,14,7.314
10,14,7.205
8,14,7.085
6,14,6.857
4,14,6.603
2,14,6.512
0,14,6.666
0,16,7.001
2,16,6.917
4,16,6.790
6,16,6.704
8,16,6.677
10,16,6.718
12,16,6.816
14,16,6.938
16,16,7.041
18,16,7.114
20,16,7.183
22,16,7.268
24,16,7.355
26,16,7.436
28,16,7.510
30,16,7.567
32,16,7.607
34,16,7.643
36,16,7.673
38,16,7.696
40,16,7.700
42,16,7.686
44,16,7.651
46,16,7.577
48,16,7.448
50,16,7.317
52,16,7.273
54,16,7.344
56,16,7.494
58,16,7.602
60,16,7.644
62,16,7.651
64,16,7.633
66,16,7.527
68,16,7.156
70,16,6.149
72,16,4.481
74,16,2.829
76,16,2.089
78,16,2.421
80,16,3.197
82,16,3.645
84,16,3.782
86,16,3.856
88,16,3.988
90,16,4.225
92,16,4.711
94,16,5.343
96,16,6.100
98,16,6.816
100,16,7.382
102,16,7.699
104,16,7.842
106,16,7.903
108,16,7.940
110,16,7.956
112,16,7.992
114,16,8.011
116,16,8.011
118,16,8.056
120,16,8.070
122,16,8.077
124,16,8.092
126,16,8.101
128,16,8.092
130,16,8.080
132,16,8.069
134,16,8.068
136,16,8.053
138,16,8.000
140,16,8.011
142,16,8.011
144,16,8.006
146,16,7.890
148,16,7.956
150,16,7.868
150,18,7.809
148,18,7.774
146,18,7.822
144,18,7.882
142,18,7.876
140,18,7.937
138,18,7.944
136,18,7.946
134,18,8.009
132,18,8.015
130,18,8.016
128,18,8.047
126,18,8.052
124,18,8.063
122,18,8.083
120,18,8.098
118,18,8.102
116,18,8.104
114,18,8.097
112,18,8.096
110,18,8.078
108,18,8.070
106,18,8.069
104,18,8.040
102,18,8.031
100,18,8.017
98,18,7.995
96,18,7.969
94,18,7.952
92,18,7.904
90,18,7.807
88,18,7.642
86,18,7.402
84,18,7.107
82,18,6.774
80,18,6.412
78,18,6.032
76,18,5.563
74,18,5.005
72,18,4.467
70,18,4.153
68,18,4.026
66,18,3.615
64,18,2.863
62,18,2.380
60,18,2.923
58,18,4.411
56,18,6.051
54,18,7.094
52,18,7.549
50,18,7.695
48,18,7.728
46,18,7.712
44,18,7.625
42,18,7.426
40,18,7.198
38,18,7.057
36,18,7.105
34,18,7.300
32,18,7.509
30,18,7.621
28,18,7.672
26,18,7.700
24,18,7.699
22,18,7.677
20,18,7.644
18,18,7.590
16,18,7.489
14,18,7.363
12,18,7.247
10,18,7.161
8,18,7.117
6,18,7.099
4,18,7.099
2,18,7.170
0,18,7.348
0,20,7.557
2,20,7.524
4,20,7.469
6,20,7.406
8,20,7.348
10,20,7.300
12,20,7.254
14,20,7.214
16,20,7.187
18,20,7.184
20,20,7.212
22,20,7.267
24,20,7.345
26,20,7.437
28,20,7.523
30,20,7.591
32,20,7.636
34,20,7.662
36,20,7.682
38,20,7.693
40,20,7.687
42,20,7.659
44,20,7.614
46,20,7.524
48,20,7.335
50,20,7.135
52,20,7.036
54,20,7.121
56,20,7.331
58,20,7.560
60,20,7.686
62,20,7.719
64,20,7.705
66,20,7.598
68,20,7.228
70,20,6.243
72,20,4.533
74,20,2.908
76,20,2.327
78,20,2.900
80,20,3.699
82,20,4.017
84,20,4.227
86,20,4.790
88,20,5.537
90,20,6.137
92,20,6.592
94,20,6.988
96,20,7.298
98,20,7.569
100,20,7.767
102,20,7.874
104,20,7.948
106,20,8.008
108,20,8.008
110,20,8.041
112,20,8.055
114,20,8.080
116,20,8.097
118,20,8.098
120,20,8.098
122,20,8.100
124,20,8.096
126,20,8.072
128,20,8.075
130,20,8.009
132,20,7.949
134,20,7.992
136,20,7.920
138,20,7.831
140,20,7.839
142,20,7.832
144,20,7.849
146,20,7.766
148,20,7.670
150,20,7.636
150,22,7.639
148,22,7.651
146,22,7.663
144,22,7.629
142,22,7.657
140,22,7.644
138,22,7.642
136,22,7.781
134,22,7.748
132,22,7.749
130,22,7.843
128,22,7.912
126,22,7.889
124,22,7.942
122,22,8.028
120,22,7.993
118,22,8.004
116,22,8.061
114,22,8.085
112,22,8.089
110,22,8.089
108,22,8.092
106,22,8.102
104,22,8.099
102,22,8.092
100,22,8.079
98,22,8.067
96,22,8.045
94,22,8.022
92,22,7.998
90,22,7.951
88,22,7.886
86,22,7.821
84,22,7.762
82,22,7.693
80,22,7.590
78,22,7.360
76,22,6.898
74,22,6.178
72,22,5.341
70,22,4.561
68,22,3.972
66,22,3.559
64,22,3.380
62,22,3.756
60,22,4.800
58,22,6.035
56,22,7.002
54,22,7.500
52,22,7.693
50,22,7.757
48,22,7.773
46,22,7.756
44,22,7.664
42,22,7.476
40,22,7.272
38,22,7.176
36,22,7.238
34,22,7.418
32,22,7.559
30,22,7.620
28,22,7.651
26,22,7.669
24,22,7.669
22,22,7.665
20,22,7.653
18,22,7.615
16,22,7.536
14,22,7.446
12,22,7.386
10,22,7.374
8,22,7.414
6,22,7.491
4,22,7.565
2,22,7.609
0,22,7.643
0,24,7.671
2,24,7.663
4,24,7.656
6,24,7.647
8,24,7.634
10,24,7.615
12,24,7.583
14,24,7.541
16,24,7.496
18,24,7.454
20,24,7.431
22,24,7.432
24,24,7.460
26,24,7.509
28,24,7.568
30,24,7.617
32,24,7.641
34,24,7.649
36,24,7.650
38,24,7.655
40,24,7.655
42,24,7.639
44,24,7.611
46,24,7.558
48,24,7.433
50,24,7.258
52,24,7.173
54,24,7.234
56,24,7.426
58,24,7.626
60,24,7.735
62,24,7.765
64,24,7.756
66,24,7.699
68,24,7.521
70,24,7.031
72,24,6.039
74,24,4.747
76,24,3.710
78,24,3.421
80,24,3.703
82,24,4.256
84,24,5.033
86,24,5.956
88,24,6.824
90,24,7.377
92,24,7.625
94,24,7.731
96,24,7.795
98,24,7.865
100,24,7.946
102,24,8.006
104,24,8.013
106,24,8.057
108,24,8.087
110,24,8.097
112,24,8.093
114,24,8.099
116,24,8.098
118,24,8.066
120,24,8.056
122,24,8.029
124,24,7.959
126,24,7.952
128,24,7.942
130,24,7.930
132,24,7.735
134,24,7.742
136,24,7.785
138,24,7.712
140,24,7.638
142,24,7.639
144,24,7.642
146,24,7.658
148,24,7.753
150,24,7.775
150,26,7.880
148,26,7.733
146,26,7.748
144,26,7.693
142,26,7.640
140,26,7.681
138,26,7.703
136,26,7.611
134,26,7.589
132,26,7.599
130,26,7.571
128,26,7.600
126,26,7.625
124,26,7.668
122,26,7.691
120,26,7.709
118,26,7.838
116,26,7.964
114,26,7.942
112,26,7.979
110,26,7.938
108,26,7.967
106,26,8.029
104,26,8.071
102,26,8.086
100,26,8.058
98,26,8.039
96,26,8.003
94,26,7.969
92,26,7.905
90,26,7.838
88,26,7.787
86,26,7.781
84,26,7.811
82,26,7.825
80,26,7.816
78,26,7.741
76,26,7.560
74,26,7.229
72,26,6.759
70,26,6.257
68,26,5.915
66,26,5.799
64,26,6.027
62,26,6.446
60,26,6.932
58,26,7.307
56,26,7.528
54,26,7.658
52,26,7.740
50,26,7.786
48,26,7.802
46,26,7.786
44,26,7.726
42,26,7.612
40,26,7.489
38,26,7.431
36,26,7.480
34,26,7.571
32,26,7.636
30,26,7.661
28,26,7.643
26,26,7.613
24,26,7.598
22,26,7.617
20,26,7.648
18,26,7.649
16,26,7.614
14,26,7.550
12,26,7.502
10,26,7.516
8,26,7.575
6,26,7.629
4,26,7.660
2,26,7.674
0,26,7.681
0,28,7.684
2,28,7.680
4,28,7.680
6,28,7.678
8,28,7.674
10,28,7.664
12,28,7.645
14,28,7.613
16,28,7.566
18,28,7.518
20,28,7.492
22,28,7.501
24,28,7.545
26,28,7.598
28,28,7.638
30,28,7.655
32,28,7.648
34,28,7.619
36,28,7.592
38,28,7.595
40,28,7.619
42,28,7.651
44,28,7.661
46,28,7.628
48,28,7.565
50,28,7.474
52,28,7.429
54,28,7.480
56,28,7.596
58,28,7.713
60,28,7.777
62,28,7.796
64,28,7.780
66,28,7.732
68,28,7.646
70,28,7.504
72,28,7.264
74,28,6.876
76,28,6.430
78,28,6.097
80,28,6.043
82,28,6.289
84,28,6.763
86,28,7.204
88,28,7.575
90,28,7.767
92,28,7.799
94,28,7.785
96,28,7.721
98,28,7.644
100,28,7.645
102,28,7.714
104,28,7.791
106,28,7.873
108,28,7.965
110,28,8.000
112,28,8.021
114,28,8.032
116,28,7.931
118,28,7.822
120,28,7.756
122,28,7.800
124,28,7.744
126,28,7.648
128,28,7.633
130,28,7.545
132,28,7.527
134,28,7.530
136,28,7.595
138,28,7.551
140,28,7.627
142,28,7.632
144,28,7.706
146,28,7.878
148,28,7.922
150,28,7.938
150,30,7.798
148,30,7.810
146,30,7.864
144,30,7.854
142,30,7.821
140,30,7.802
138,30,7.643
136,30,7.506
134,30,7.510
132,30,7.466
130,30,7.549
128,30,7.439
126,30,7.406
124,30,7.485
122,30,7.544
120,30,7.550
118,30,7.560
116,30,7.571
114,30,7.608
112,30,7.688
110,30,7.717
108,30,7.698
106,30,7.708
104,30,7.788
102,30,7.752
100,30,7.634
98,30,7.291
96,30,7.062
94,30,6.471
92,30,6.115
90,30,6.014
88,30,6.023
86,30,6.158
84,30,6.642
82,30,7.215
80,30,7.597
78,30,7.806
76,30,7.905
74,30,7.891
72,30,7.794
70,30,7.699
68,30,7.631
66,30,7.586
64,30,7.569
62,30,7.536
60,30,7.506
58,30,7.499
56,30,7.550
54,30,7.630
52,30,7.718
50,30,7.790
48,30,7.813
46,30,7.781
44,30,7.702
42,30,7.593
40,30,7.505
38,30,7.488
36,30,7.550
34,30,7.653
32,30,7.725
30,30,7.731
28,30,7.687
26,30,7.637
24,30,7.624
22,30,7.652
20,30,7.681
18,30,7.687
16,30,7.652
14,30,7.569
12,30,7.477
10,30,7.460
8,30,7.531
6,30,7.619
4,30,7.664
2,30,7.672
0,30,7.663
0,32,7.636
2,32,7.635
4,32,7.644
6,32,7.652
8,32,7.657
10,32,7.651
12,32,7.627
14,32,7.583
16,32,7.520
18,32,7.464
20,32,7.444
22,32,7.476
24,32,7.545
26,32,7.621
28,32,7.673
30,32,7.688
32,32,7.684
34,32,7.659
36,32,7.630
38,32,7.628
40,32,7.660
42,32,7.706
44,32,7.734
46,32,7.710
48,32,7.634
50,32,7.536
52,32,7.475
54,32,7.495
56,32,7.587
58,32,7.694
60,32,7.772
62,32,7.799
64,32,7.766
66,32,7.689
68,32,7.592
70,32,7.515
72,32,7.491
74,32,7.510
76,32,7.558
78,32,7.603
80,32,7.660
82,32,7.763
84,32,7.848
86,32,7.886
88,32,7.882
90,32,7.779
92,32,7.434
94,32,6.759
96,32,6.044
98,32,5.097
100,32,5.197
102,32,4.876
104,32,5.122
106,32,6.092
108,32,6.922
110,32,7.339
112,32,7.568
114,32,7.641
116,32,7.660
118,32,7.632
120,32,7.597
122,32,7.575
124,32,7.613
126,32,7.611
128,32,7.572
130,32,7.470
132,32,7.331
134,32,7.370
136,32,7.389
138,32,7.428
140,32,7.467
142,32,7.506
144,32,7.623
146,32,7.710
148,32,7.733
150,32,7.750
150,34,7.652
148,34,7.641
146,34,7.612
144,34,7.560
142,34,7.475
140,34,7.423
138,34,7.318
136,34,7.197
134,34,7.213
132,34,7.285
130,34,7.330
128,34,7.408
126,34,7.492
124,34,7.620
122,34,7.730
120,34,7.796
118,34,7.798
116,34,7.722
114,34,7.682
112,34,7.699
110,34,7.606
108,34,7.577
106,34,7.493
104,34,7.340
102,34,7.023
100,34,6.367
98,34,5.304
96,34,3.932
94,34,2.973
92,34,2.068
90,34,1.576
88,34,1.746
86,34,2.658
84,34,4.139
82,34,5.558
80,34,6.798
78,34,7.522
76,34,7.870
74,34,7.995
72,34,8.031
70,34,8.041
68,34,8.011
66,34,7.926
64,34,7.869
62,34,7.834
60,34,7.761
58,34,7.705
56,34,7.699
54,34,7.725
52,34,7.791
50,34,7.840
48,34,7.835
46,34,7.792
44,34,7.713
42,34,7.625
40,34,7.575
38,34,7.594
36,34,7.680
34,34,7.759
32,34,7.788
30,34,7.782
28,34,7.759
26,34,7.730
24,34,7.717
22,34,7.719
20,34,7.718
18,34,7.704
16,34,7.661
14,34,7.565
12,34,7.449
10,34,7.410
8,34,7.493
6,34,7.593
4,34,7.643
2,34,7.624
0,34,7.578
0,36,7.552
2,36,7.556
4,36,7.577
6,36,7.613
8,36,7.641
10,36,7.645
12,36,7.612
14,36,7.546
16,36,7.458
18,36,7.376
20,36,7.359
22,36,7.429
24,36,7.540
26,36,7.632
28,36,7.687
30,36,7.710
32,36,7.723
34,36,7.727
36,36,7.726
38,36,7.730
40,36,7.748
42,36,7.771
44,36,7.787
46,36,7.781
48,36,7.738
50,36,7.655
52,36,7.585
54,36,7.569
56,36,7.626
58,36,7.723
60,36,7.795
62,36,7.831
64,36,7.823
66,36,7.775
68,36,7.718
70,36,7.694
72,36,7.692
74,36,7.764
76,36,7.889
78,36,7.945
80,36,8.001
82,36,8.053
84,36,8.048
86,36,8.010
88,36,7.837
90,36,7.462
92,36,6.579
94,36,4.580
96,36,3.003
98,36,1.802
100,36,1.140
102,36,1.254
104,36,2.151
106,36,3.458
108,36,5.088
110,36,6.263
112,36,6.962
114,36,7.429
116,36,7.617
118,36,7.784
120,36,7.790
122,36,7.849
124,36,7.873
126,36,7.935
128,36,7.891
130,36,7.809
132,36,7.647
134,36,7.468
136,36,7.290
138,36,7.180
140,36,7.189
142,36,7.237
144,36,7.290
146,36,7.312
148,36,7.460
150,36,7.403
150,38,7.345
148,38,7.320
146,38,7.369
144,38,7.185
142,38,7.234
140,38,7.073
138,38,7.083
136,38,7.107
134,38,7.242
132,38,7.320
130,38,7.457
128,38,7.647
126,38,7.791
124,38,7.907
122,38,7.982
120,38,8.012
118,38,8.035
116,38,7.999
114,38,7.948
112,38,7.904
110,38,7.899
108,38,7.951
106,38,7.750
104,38,7.418
102,38,7.037
100,38,6.723
98,38,5.748
96,38,3.544
94,38,2.490
92,38,1.605
90,38,1.306
88,38,1.375
86,38,2.189
84,38,3.339
82,38,5.083
80,38,6.410
78,38,7.400
76,38,7.793
74,38,7.980
72,38,8.031
70,38,8.049
68,38,8.068
66,38,8.068
64,38,8.051
62,38,8.030
60,38,8.006
58,38,7.965
56,38,7.939
54,38,7.936
52,38,7.933
50,38,7.915
48,38,7.892
46,38,7.830
44,38,7.742
42,38,7.646
40,38,7.622
38,38,7.680
36,38,7.761
34,38,7.812
32,38,7.815
30,38,7.811
28,38,7.797
26,38,7.782
24,38,7.770
22,38,7.756
20,38,7.738
18,38,7.702
16,38,7.604
14,38,7.371
12,38,7.127
10,38,7.087
8,38,7.273
6,38,7.547
4,38,7.648
2,38,7.592
0,38,7.506
0,40,7.429
2,40,7.432
4,40,7.475
6,40,7.543
8,40,7.605
10,40,7.628
12,40,7.576
14,40,7.423
16,40,7.218
18,40,7.064
20,40,7.024
22,40,7.120
24,40,7.323
26,40,7.538
28,40,7.664
30,40,7.714
32,40,7.741
34,40,7.756
36,40,7.769
38,40,7.779
40,40,7.790
42,40,7.802
44,40,7.810
46,40,7.812
48,40,7.792
50,40,7.729
52,40,7.641
54,40,7.604
56,40,7.655
58,40,7.742
60,40,7.826
62,40,7.885
64,40,7.919
66,40,7.946
68,40,7.946
70,40,7.931
72,40,7.938
74,40,7.984
76,40,8.021
78,40,8.058
80,40,8.068
82,40,8.048
84,40,8.020
86,40,7.975
88,40,7.834
90,40,7.501
92,40,6.624
94,40,5.207
96,40,3.535
98,40,2.377
100,40,1.715
102,40,2.259
104,40,3.153
106,40,4.893
108,40,5.664
110,40,6.552
112,40,7.068
114,40,7.501
116,40,7.751
118,40,7.918
120,40,8.014
122,40,8.022
124,40,8.046
126,40,8.052
128,40,8.041
130,40,7.978
132,40,7.877
134,40,7.760
136,40,7.595
138,40,7.390
140,40,7.296
142,40,7.160
144,40,7.099
146,40,7.299
148,40,7.464
150,40,7.479
150,42,7.449
148,42,7.346
146,42,7.321
144,42,7.257
142,42,7.028
140,42,7.008
138,42,7.082
136,42,7.284
134,42,7.387
132,42,7.521
130,42,7.684
128,42,7.767
126,42,7.926
124,42,7.969
122,42,8.028
120,42,8.067
118,42,8.077
116,42,8.079
114,42,8.074
112,42,8.064
110,42,8.037
108,42,7.975
106,42,7.883
104,42,7.754
102,42,7.588
100,42,7.033
98,42,6.575
96,42,6.243
94,42,5.863
92,42,5.319
90,42,5.292
88,42,4.926
86,42,5.720
84,42,6.065
82,42,6.774
80,42,7.280
78,42,7.516
76,42,7.779
74,42,7.907
72,42,7.912
70,42,7.958
68,42,8.012
66,42,8.007
64,42,8.000
62,42,8.023
60,42,8.022
58,42,8.026
56,42,8.030
54,42,8.040
52,42,8.025
50,42,8.006
48,42,7.978
46,42,7.853
44,42,7.712
42,42,7.614
40,42,7.608
38,42,7.685
36,42,7.786
34,42,7.827
32,42,7.827
30,42,7.814
28,42,7.798
26,42,7.786
24,42,7.768
22,42,7.736
20,42,7.683
18,42,7.602
16,42,7.433
14,42,7.148
12,42,6.945
10,42,6.972
8,42,7.205
6,42,7.424
4,42,7.368
2,42,7.141
0,42,7.017
0,44,6.829
2,44,6.815
4,44,6.840
6,44,6.931
8,44,7.091
10,44,7.266
12,44,7.367
14,44,7.326
16,44,7.180
18,44,7.015
20,44,6.933
22,44,6.969
24,44,7.124
26,44,7.339
28,44,7.505
30,44,7.610
32,44,7.679
34,44,7.731
36,44,7.758
38,44,7.773
40,44,7.787
42,44,7.801
44,44,7.813
46,44,7.821
48,44,7.808
50,44,7.741
52,44,7.636
54,44,7.595
56,44,7.629
58,44,7.747
60,44,7.879
62,44,7.984
64,44,8.016
66,44,8.047
68,44,8.046
70,44,8.005
72,44,8.012
74,44,8.009
76,44,7.993
78,44,8.033
80,44,7.942
82,44,7.939
84,44,7.890
86,44,7.806
88,44,7.779
90,44,7.461
92,44,7.249
94,44,6.963
96,44,6.399
98,44,6.101
100,44,5.722
102,44,5.788
104,44,6.266
106,44,6.774
108,44,7.198
110,44,7.477
112,44,7.717
114,44,7.917
116,44,7.993
118,44,8.020
120,44,8.059
122,44,8.068
124,44,8.078
126,44,8.046
128,44,8.026
130,44,7.981
132,44,7.841
134,44,7.647
136,44,7.434
138,44,7.224
140,44,7.228
142,44,7.016
144,44,6.913
146,44,6.958
148,44,7.130
150,44,7.254
150,46,7.405
148,46,7.279
146,46,7.029
144,46,6.890
142,46,6.830
140,46,6.778
138,46,6.831
136,46,7.076
134,46,7.050
132,46,7.219
130,46,7.370
128,46,7.545
126,46,7.758
124,46,7.865
122,46,7.905
120,46,7.951
118,46,7.936
116,46,8.018
114,46,8.009
112,46,8.034
110,46,8.008
108,46,8.021
106,46,8.008
104,46,7.967
102,46,7.910
100,46,7.837
98,46,7.746
96,46,7.661
94,46,7.609
92,46,7.601
90,46,7.572
88,46,7.550
86,46,7.580
84,46,7.651
82,46,7.522
80,46,7.530
78,46,7.513
76,46,7.516
74,46,7.573
72,46,7.556
70,46,7.754
68,46,7.687
66,46,7.683
64,46,7.835
62,46,7.854
60,46,7.935
58,46,7.950
56,46,8.024
54,46,8.070
52,46,8.080
50,46,8.069
48,46,8.053
46,46,7.974
44,46,7.878
42,46,7.776
40,46,7.727
38,46,7.743
36,46,7.781
34,46,7.792
32,46,7.778
30,46,7.751
28,46,7.701
26,46,7.648
24,46,7.541
22,46,7.271
20,46,6.763
18,46,6.387
16,46,6.229
14,46,6.201
12,46,6.330
10,46,6.631
8,46,6.847
6,46,6.904
4,46,6.672
2,46,6.394
0,46,6.334
0,48,6.214
2,48,6.219
4,48,6.222
6,48,6.312
8,48,6.437
10,48,6.594
12,48,6.680
14,48,6.677
16,48,6.572
18,48,6.357
20,48,6.127
22,48,5.962
24,48,5.886
26,48,5.900
28,48,6.014
30,48,6.336
32,48,6.770
34,48,7.159
36,48,7.420
38,48,7.545
40,48,7.611
42,48,7.665
44,48,7.702
46,48,7.727
48,48,7.731
50,48,7.708
52,48,7.692
54,48,7.713
56,48,7.812
58,48,7.920
60,48,7.972
62,48,8.027
64,48,8.050
66,48,8.050
68,48,8.036
70,48,8.011
72,48,7.908
74,48,7.819
76,48,7.699
78,48,7.744
80,48,7.683
82,48,7.554
84,48,7.506
86,48,7.424
88,48,7.500
90,48,7.431
92,48,7.377
94,48,7.394
96,48,7.470
98,48,7.608
100,48,7.626
102,48,7.671
104,48,7.746
106,48,7.828
108,48,7.856
110,48,7.912
112,48,7.963
114,48,7.970
116,48,7.994
118,48,7.920
120,48,7.949
122,48,7.936
124,48,7.857
126,48,7.786
128,48,7.722
130,48,7.643
132,48,7.547
134,48,7.247
136,48,7.095
138,48,6.976
140,48,6.777
142,48,6.700
144,48,6.748
146,48,6.926
148,48,7.145
150,48,7.410
150,50,7.441
148,50,7.300
146,50,7.230
144,50,7.032
142,50,6.767
140,50,6.897
138,50,6.962
136,50,6.979
134,50,7.085
132,50,7.148
130,50,7.142
128,50,7.234
126,50,7.306
124,50,7.343
122,50,7.494
120,50,7.517
118,50,7.582
116,50,7.691
114,50,7.750
112,50,7.665
110,50,7.688
108,50,7.853
106,50,7.813
104,50,7.857
102,50,7.891
100,50,7.931
98,50,7.962
96,50,7.954
94,50,7.964
92,50,7.935
90,50,7.890
88,50,7.811
86,50,7.677
84,50,7.621
82,50,7.605
80,50,7.524
78,50,7.450
76,50,7.469
74,50,7.428
72,50,7.455
70,50,7.385
68,50,7.346
66,50,7.315
64,50,7.347
62,50,7.410
60,50,7.582
58,50,7.628
56,50,7.652
54,50,7.769
52,50,7.809
50,50,7.899
48,50,7.928
46,50,7.893
44,50,7.819
42,50,7.665
40,50,7.537
38,50,7.426
36,50,7.235
34,50,7.247
32,50,7.308
30,50,7.273
28,50,7.091
26,50,6.683
24,50,5.896
22,50,4.784
20,50,3.802
18,50,3.102
16,50,2.580
14,50,2.464
12,50,2.654
10,50,3.158
8,50,3.963
6,50,4.933
4,50,5.396
2,50,5.337
0,50,4.859
0,52,3.677
2,52,3.994
4,52,4.388
6,52,4.683
8,52,4.875
10,52,4.710
12,52,4.270
14,52,3.502
16,52,2.892
18,52,2.396
20,52,2.039
22,52,1.894
24,52,2.070
26,52,2.177
28,52,2.423
30,52,2.895
32,52,3.729
34,52,4.705
36,52,5.665
38,52,6.377
40,52,6.796
42,52,7.014
44,52,7.113
46,52,7.096
48,52,7.154
50,52,7.242
52,52,7.290
54,52,7.491
56,52,7.629
58,52,7.718
60,52,7.784
62,52,7.765
64,52,7.730
66,52,7.557
68,52,7.336
70,52,7.300
72,52,7.246
74,52,7.238
76,52,7.142
78,52,6.989
80,52,6.974
82,52,7.001
84,52,6.982
86,52,6.987
88,52,7.138
90,52,7.274
92,52,7.357
94,52,7.422
96,52,7.500
98,52,7.577
100,52,7.691
102,52,7.776
104,52,7.805
106,52,7.798
108,52,7.786
110,52,7.770
112,52,7.643
114,52,7.520
116,52,7.569
118,52,7.429
120,52,7.265
122,52,7.118
124,52,6.984
126,52,6.954
128,52,6.870
130,52,6.884
132,52,6.760
134,52,6.780
136,52,6.951
138,52,6.929
140,52,6.688
142,52,6.483
144,52,6.585
146,52,6.677
148,52,6.656
150,52,6.876
150,54,6.417
148,54,6.329
146,54,6.195
144,54,6.098
142,54,6.060
140,54,5.992
138,54,6.254
136,54,6.126
134,54,5.915
132,54,6.262
130,54,6.410
128,54,6.272
126,54,6.226
124,54,6.298
122,54,6.452
120,54,6.343
118,54,6.400
116,54,6.464
114,54,6.453
112,54,6.492
110,54,6.556
108,54,6.646
106,54,6.659
104,54,6.765
102,54,6.887
100,54,7.196
98,54,7.185
96,54,7.214
94,54,7.248
92,54,7.271
90,54,7.214
88,54,7.127
86,54,7.018
84,54,6.858
82,54,6.810
80,54,6.642
78,54,6.637
76,54,6.527
74,54,6.248
72,54,6.273
70,54,6.282
68,54,5.983
66,54,5.593
64,54,5.336
62,54,5.375
60,54,5.241
58,54,5.348
56,54,5.479
54,54,5.715
52,54,5.961
50,54,6.553
48,54,6.707
46,54,6.782
44,54,6.716
42,54,6.572
40,54,6.339
38,54,6.038
36,54,5.601
34,54,4.973
32,54,4.691
30,54,4.470
28,54,3.869
26,54,3.015
24,54,2.022
22,54,1.262
20,54,7.431
18,54,5.440
16,54,3.597
14,54,1.412
12,54,1.878
10,54,6.062
8,54,1.141
6,54,1.920
4,54,2.461
2,54,2.136
0,54,1.314
0,56,4.734
2,56,7.117
4,56,1.084
6,56,1.484
8,56,1.743
10,56,1.742
12,56,1.482
14,56,1.118
16,56,8.090
18,56,5.303
20,56,2.359
22,56,4.932
24,56,1.182
26,56,2.934
28,56,4.184
30,56,5.664
32,56,8.795
34,56,1.454
36,56,2.187
38,56,3.100
40,56,4.134
42,56,4.782
44,56,5.409
46,56,5.927
48,56,6.100
50,56,6.057
52,56,6.397
54,56,6.555
56,56,6.723
58,56,6.849
60,56,6.775
62,56,6.648
64,56,6.375
66,56,6.119
68,56,5.795
70,56,5.434
72,56,5.407
74,56,5.316
76,56,5.169
78,56,5.215
80,56,5.702
82,56,5.741
84,56,5.769
86,56,5.822
88,56,5.865
90,56,5.991
92,56,6.313
94,56,6.512
96,56,6.690
98,56,6.839
100,56,6.851
102,56,6.859
104,56,7.031
106,56,6.907
108,56,6.602
110,56,6.753
112,56,6.595
114,56,6.341
116,56,6.134
118,56,6.034
120,56,5.797
122,56,5.696
124,56,5.526
126,56,5.477
128,56,5.580
130,56,5.609
132,56,5.401
134,56,5.393
136,56,5.345
138,56,5.087
140,56,5.112
142,56,5.027
144,56,4.868
146,56,4.921
148,56,5.070
150,56,5.137
150,58,4.408
148,58,4.461
146,58,4.367
144,58,4.299
142,58,4.298
140,58,4.166
138,58,4.368
136,58,4.186
134,58,4.218
132,58,4.475
130,58,4.535
128,58,4.326
126,58,4.530
124,58,3.965
122,58,3.842
120,58,4.229
118,58,4.290
116,58,3.932
114,58,3.851
112,58,3.814
110,58,3.638
108,58,3.703
106,58,3.787
104,58,3.658
102,58,4.006
100,58,3.848
98,58,3.694
96,58,3.672
94,58,4.371
92,58,4.563
90,58,4.185
88,58,4.697
86,58,4.824
84,58,4.871
82,58,4.860
80,58,4.877
78,58,4.964
76,58,4.930
74,58,4.940
72,58,4.714
70,58,4.539
68,58,4.409
66,58,3.367
64,58,2.718
62,58,2.505
60,58,2.526
58,58,1.962
56,58,1.915
54,58,2.358
52,58,2.756
50,58,3.247
48,58,3.683
46,58,4.291
44,58,4.369
42,58,4.786
40,58,4.752
38,58,4.538
36,58,3.969
34,58,3.109
32,58,2.229
30,58,2.018
28,58,1.146
26,58,7.729
24,58,4.971
22,58,2.273
20,58,8.296
18,58,9.354
16,58,7.962
14,58,5.123
12,58,2.798
10,58,5.640
8,58,5.996
6,58,6.541
4,58,6.933
2,58,6.262
0,58,5.242
0,60,6.095
2,60,6.650
4,60,6.903
6,60,6.623
8,60,6.267
10,60,6.010
12,60,5.585
14,60,5.178
16,60,5.140
18,60,4.661
20,60,2.802
22,60,9.922
24,60,5.928
26,60,1.043
28,60,1.010
30,60,9.431
32,60,2.389
34,60,6.485
36,60,1.265
38,60,2.288
40,60,2.947
42,60,3.425
44,60,3.648
46,60,3.933
48,60,4.428
50,60,4.538
52,60,4.624
54,60,4.425
56,60,4.340
58,60,4.022
60,60,3.549
62,60,3.101
64,60,2.715
66,60,2.276
68,60,2.111
70,60,1.865
72,60,1.855
74,60,2.069
76,60,2.372
78,60,2.945
80,60,3.685
82,60,3.802
84,60,3.941
86,60,4.312
88,60,4.651
90,60,4.393
92,60,4.593
94,60,4.455
96,60,4.548
98,60,4.256
100,60,3.967
102,60,3.921
104,60,3.325
106,60,3.051
108,60,2.725
110,60,2.595
112,60,2.485
114,60,2.462
116,60,2.547
118,60,2.407
120,60,2.789
122,60,3.000
124,60,3.256
126,60,2.975
128,60,3.404
130,60,3.567
132,60,3.564
134,60,3.652
136,60,3.560
138,60,3.702
140,60,3.773
142,60,3.788
144,60,3.811
146,60,3.832
148,60,3.877
150,60,3.878
150,62,3.157
148,62,3.268
146,62,3.430
144,62,3.375
142,62,3.462
140,62,3.544
138,62,3.510
136,62,3.475
134,62,3.422
132,62,3.375
130,62,3.577
128,62,3.436
126,62,3.164
124,62,3.346
122,62,3.558
120,62,3.480
118,62,3.128
116,62,2.649
114,62,3.012
112,62,2.145
110,62,1.820
108,62,2.019
106,62,1.834
104,62,1.564
102,62,1.030
100,62,8.095
98,62,8.708
96,62,7.274
94,62,7.723
92,62,6.925
90,62,9.147
88,62,1.113
86,62,1.195
84,62,1.724
82,62,2.080
80,62,2.330
78,62,2.779
76,62,2.889
74,62,3.166
72,62,3.191
70,62,3.159
68,62,3.037
66,62,2.615
64,62,2.674
62,62,2.371
60,62,2.028
58,62,1.280
56,62,1.117
54,62,8.836
52,62,6.959
50,62,8.461
48,62,1.375
46,62,1.987
44,62,2.446
42,62,3.004
40,62,2.954
38,62,2.964
36,62,2.806
34,62,2.377
32,62,1.758
30,62,9.700
28,62,6.398
26,62,4.303
24,62,2.674
22,62,1.693
20,62,1.108
18,62,1.244
16,62,1.184
14,62,4.327
12,62,4.600
10,62,1.329
8,62,2.104
6,62,3.171
4,62,4.650
2,62,5.827
0,62,4.756
0,64,2.798
2,64,3.648
4,64,4.416
6,64,4.609
8,64,4.145
10,64,3.307
12,64,2.519
14,64,1.836
16,64,1.265
18,64,8.075
20,64,3.537
22,64,3.197
24,64,9.330
26,64,1.712
28,64,2.494
30,64,5.092
32,64,6.549
34,64,1.480
36,64,1.581
38,64,2.051
40,64,2.386
42,64,2.551
44,64,2.678
46,64,2.711
48,64,2.707
50,64,2.686
52,64,2.045
54,64,2.154
56,64,1.845
58,64,1.445
60,64,8.340
62,64,6.767
64,64,7.425
66,64,7.096
68,64,8.489
70,64,1.446
72,64,2.080
74,64,2.400
76,64,2.465
78,64,2.869
80,64,3.062
82,64,3.072
84,64,3.077
86,64,2.911
88,64,2.740
90,64,2.686
92,64,2.305
94,64,1.569
96,64,1.036
98,64,1.121
100,64,1.034
102,64,6.192
104,64,5.910
106,64,5.315
108,64,5.236
110,64,5.309
112,64,8.515
114,64,1.209
116,64,1.415
118,64,1.530
120,64,1.627
122,64,1.895
124,64,2.687
126,64,2.733
128,64,2.925
130,64,2.900
132,64,3.153
134,64,3.111
136,64,3.094
138,64,3.119
140,64,3.037
142,64,2.867
144,64,2.719
146,64,2.274
148,64,1.786
150,64,2.192
150,66,1.546
148,66,1.950
146,66,1.699
144,66,1.377
142,66,1.741
140,66,1.847
138,66,2.201
136,66,2.278
134,66,2.480
132,66,2.849
130,66,2.813
128,66,2.784
126,66,3.036
124,66,2.929
122,66,3.009
120,66,3.100
118,66,3.125
116,66,3.050
114,66,3.008
112,66,2.931
110,66,2.970
108,66,2.508
106,66,2.022
104,66,1.939
102,66,1.651
100,66,1.867
98,66,1.778
96,66,1.203
94,66,5.178
92,66,3.127
90,66,2.275
88,66,1.566
86,66,8.439
84,66,1.025
82,66,2.468
80,66,2.882
78,66,7.496
76,66,1.277
74,66,1.844
72,66,2.309
70,66,2.826
68,66,2.853
66,66,3.073
64,66,3.444
62,66,3.610
60,66,3.261
58,66,3.119
56,66,3.052
54,66,2.234
52,66,1.360
50,66,8.531
48,66,8.333
46,66,8.978
44,66,1.267
42,66,1.338
40,66,2.039
38,66,2.665
36,66,3.107
34,66,2.990
32,66,2.950
30,66,2.775
28,66,2.340
26,66,1.806
24,66,1.239
22,66,7.646
20,66,6.602
18,66,5.975
16,66,5.290
14,66,4.182
12,66,3.092
10,66,2.911
8,66,3.123
6,66,3.378
4,66,3.623
2,66,3.772
0,66,4.518
0,68,9.781
2,68,8.206
4,68,6.908
6,68,6.103
8,68,5.796
10,68,5.646
12,68,5.428
14,68,5.210
16,68,5.127
18,68,5.058
20,68,5.380
22,68,5.944
24,68,7.079
26,68,7.797
28,68,1.359
30,68,2.160
32,68,2.554
34,68,3.072
36,68,3.378
38,68,3.319
40,68,3.167
42,68,2.843
44,68,2.629
46,68,2.108
48,68,1.527
50,68,1.336
52,68,1.352
54,68,1.156
56,68,9.309
58,68,1.171
60,68,1.131
62,68,1.177
64,68,1.621
66,68,1.905
68,68,2.328
70,68,3.076
72,68,3.315
74,68,3.479
76,68,3.587
78,68,3.541
80,68,3.184
82,68,2.696
84,68,2.416
86,68,1.682
88,68,1.183
90,68,6.403
92,68,4.067
94,68,1.664
96,68,1.725
98,68,1.945
100,68,4.679
102,68,7.503
104,68,1.203
106,68,8.460
108,68,1.569
110,68,2.387
112,68,2.255
114,68,2.523
116,68,2.774
118,68,3.073
120,68,3.204
122,68,3.345
124,68,3.310
126,68,3.337
128,68,3.261
130,68,2.793
132,68,2.461
134,68,3.253
136,68,2.453
138,68,2.021
140,68,1.924
142,68,1.353
144,68,1.247
146,68,8.344
148,68,6.596
150,68,7.181
150,70,7.975
148,70,9.185
146,70,8.144
144,70,8.516
142,70,1.080
140,70,1.047
138,70,1.539
136,70,1.756
134,70,1.842
132,70,1.902
130,70,1.812
128,70,1.741
126,70,2.194
124,70,2.759
122,70,3.340
120,70,3.674
118,70,3.697
116,70,4.068
114,70,4.115
112,70,4.047
110,70,4.103
108,70,4.302
106,70,4.338
104,70,4.403
102,70,4.306
100,70,4.192
98,70,3.888
96,70,3.487
94,70,3.327
92,70,3.321
90,70,2.887
88,70,2.435
86,70,2.148
84,70,1.861
82,70,2.060
80,70,1.626
78,70,1.640
76,70,1.776
74,70,2.412
72,70,3.068
70,70,3.525
68,70,4.028
66,70,4.159
64,70,4.627
62,70,5.106
60,70,5.329
58,70,5.161
56,70,4.973
54,70,4.608
52,70,4.098
50,70,3.801
48,70,3.551
46,70,3.282
44,70,3.101
42,70,2.952
40,70,3.003
38,70,3.278
36,70,4.252
34,70,4.457
32,70,4.934
30,70,5.052
28,70,4.975
26,70,4.535
24,70,3.992
22,70,3.442
20,70,2.752
18,70,2.657
16,70,2.666
14,70,2.632
12,70,2.614
10,70,2.620
8,70,2.605
6,70,2.647
4,70,2.624
2,70,2.627
0,70,2.937
0,72,4.163
2,72,3.904
4,72,3.742
6,72,3.638
8,72,3.631
10,72,3.603
12,72,3.535
14,72,3.468
16,72,3.421
18,72,3.403
20,72,3.344
22,72,3.483
24,72,3.983
26,72,4.101
28,72,4.353
30,72,4.626
32,72,4.786
34,72,4.725
36,72,4.308
38,72,4.288
40,72,4.024
42,72,3.528
44,72,2.783
46,72,2.940
48,72,2.902
50,72,2.736
52,72,2.853
54,72,2.953
56,72,3.444
58,72,3.620
60,72,3.649
62,72,4.506
64,72,4.595
66,72,4.608
68,72,5.120
70,72,5.111
72,72,5.301
74,72,5.107
76,72,5.326
78,72,4.955
80,72,3.443
82,72,3.609
84,72,3.523
86,72,2.522
88,72,2.192
90,72,2.051
92,72,1.856
94,72,1.905
96,72,2.415
98,72,2.994
100,72,3.137
102,72,3.307
104,72,3.998
106,72,4.065
108,72,4.401
110,72,4.715
112,72,4.757
114,72,5.104
116,72,5.110
118,72,5.048
120,72,4.693
122,72,4.613
124,72,4.532
126,72,4.097
128,72,3.765
130,72,3.454
132,72,3.698
134,72,3.077
136,72,2.332
138,72,2.098
140,72,2.151
142,72,1.960
144,72,1.906
146,72,2.303
148,72,2.411
150,72,2.466
150,74,3.539
148,74,3.333
146,74,3.783
144,74,3.753
142,74,3.369
140,74,3.381
138,74,3.690
136,74,3.438
134,74,3.380
132,74,3.566
130,74,3.554
128,74,3.528
126,74,3.837
124,74,3.676
122,74,4.090
120,74,4.308
118,74,4.484
116,74,4.991
114,74,5.315
112,74,5.255
110,74,5.187
108,74,5.656
106,74,6.190
104,74,6.210
102,74,6.260
100,74,6.261
98,74,6.227
96,74,6.090
94,74,6.057
92,74,6.001
90,74,5.859
88,74,5.812
86,74,5.757
84,74,5.634
82,74,5.724
80,74,5.757
78,74,5.695
76,74,5.567
74,74,5.770
72,74,5.633
70,74,5.634
68,74,5.626
66,74,5.839
64,74,6.183
62,74,6.581
60,74,6.681
58,74,6.920
56,74,7.122
54,74,7.163
52,74,7.166
50,74,7.179
48,74,7.103
46,74,6.968
44,74,6.823
42,74,6.671
40,74,6.407
38,74,6.359
36,74,6.374
34,74,6.510
32,74,6.677
30,74,6.939
28,74,6.976
26,74,6.891
24,74,6.716
22,74,6.546
20,74,6.460
18,74,6.537
16,74,6.490
14,74,6.410
12,74,6.455
10,74,6.471
8,74,6.435
6,74,6.445
4,74,6.433
2,74,6.389
0,74,6.487
0,76,7.115
2,76,7.037
4,76,6.976
6,76,6.959
8,76,6.964
10,76,6.949
12,76,6.913
14,76,6.897
16,76,6.897
18,76,6.934
20,76,7.012
22,76,7.160
24,76,7.232
26,76,7.236
28,76,7.220
30,76,6.953
32,76,6.605
34,76,6.261
36,76,5.953
38,76,5.561
40,76,5.479
42,76,5.792
44,76,6.103
46,76,6.227
48,76,6.509
50,76,6.636
52,76,6.762
54,76,6.885
56,76,6.981
58,76,7.051
60,76,7.127
62,76,7.131
64,76,7.137
66,76,7.079
68,76,6.880
70,76,6.773
72,76,6.601
74,76,6.321
76,76,6.034
78,76,6.153
80,76,5.835
82,76,5.832
84,76,5.910
86,76,6.055
88,76,6.105
90,76,5.949
92,76,6.011
94,76,6.138
96,76,6.145
98,76,6.200
100,76,6.389
102,76,6.495
104,76,6.580
106,76,6.604
108,76,6.773
110,76,6.831
112,76,6.748
114,76,6.636
116,76,6.298
118,76,6.357
120,76,6.396
122,76,6.229
124,76,5.826
126,76,5.580
128,76,5.489
130,76,5.503
132,76,5.460
134,76,5.491
136,76,5.512
138,76,5.742
140,76,5.842
142,76,5.877
144,76,5.994
146,76,6.168
148,76,6.151
150,76,6.230
150,78,7.209
148,78,7.189
146,78,7.161
144,78,7.117
142,78,7.141
140,78,7.273
138,78,7.264
136,78,7.116
134,78,7.174
132,78,7.166
130,78,7.038
128,78,7.000
126,78,6.926
124,78,6.874
122,78,7.048
120,78,7.084
118,78,7.010
116,78,6.940
114,78,7.003
112,78,6.959
110,78,6.981
108,78,7.006
106,78,7.013
104,78,7.230
102,78,7.230
100,78,7.229
98,78,7.377
96,78,7.428
94,78,7.382
92,78,7.404
90,78,7.449
88,78,7.459
86,78,7.433
84,78,7.441
82,78,7.477
80,78,7.533
78,78,7.628
76,78,7.701
74,78,7.751
72,78,7.721
70,78,7.569
68,78,7.424
66,78,7.361
64,78,7.376
62,78,7.354
60,78,7.416
58,78,7.567
56,78,7.814
54,78,7.860
52,78,7.937
50,78,7.962
48,78,7.987
46,78,7.986
44,78,7.954
42,78,7.899
40,78,7.844
38,78,7.661
36,78,7.576
34,78,7.473
32,78,7.431
30,78,7.387
28,78,7.334
26,78,7.436
24,78,7.553
22,78,7.749
20,78,7.880
18,78,7.899
16,78,7.858
14,78,7.793
12,78,7.696
10,78,7.618
8,78,7.533
6,78,7.505
4,78,7.558
2,78,7.613
0,78,7.651
0,80,7.732
2,80,7.725
4,80,7.708
6,80,7.677
8,80,7.631
10,80,7.600
12,80,7.588
14,80,7.647
16,80,7.748
18,80,7.877
20,80,7.973
22,80,7.985
24,80,7.949
26,80,7.907
28,80,7.837
30,80,7.699
32,80,7.265
34,80,7.058
36,80,6.863
38,80,6.904
40,80,7.210
42,80,7.512
44,80,7.693
46,80,7.799
48,80,7.864
50,80,7.922
52,80,7.960
54,80,7.961
56,80,7.937
58,80,7.882
60,80,7.887
62,80,7.797
64,80,7.815
66,80,7.742
68,80,7.623
70,80,7.412
72,80,7.388
74,80,7.389
76,80,7.415
78,80,7.498
80,80,7.571
82,80,7.655
84,80,7.689
86,80,7.793
88,80,7.800
90,80,7.699
92,80,7.619
94,80,7.567
96,80,7.529
98,80,7.507
100,80,7.545
102,80,7.528
104,80,7.654
106,80,7.504
108,80,7.456
110,80,7.427
112,80,7.421
114,80,7.436
116,80,7.333
118,80,7.305
120,80,7.332
122,80,7.313
124,80,7.372
126,80,7.544
128,80,7.600
130,80,7.583
132,80,7.616
134,80,7.698
136,80,7.738
138,80,7.779
140,80,7.799
142,80,7.840
144,80,7.852
146,80,7.848
148,80,7.850
150,80,7.865
150,82,7.957
148,82,7.966
146,82,7.969
144,82,7.980
142,82,7.986
140,82,7.985
138,82,7.982
136,82,7.991
134,82,7.983
132,82,7.954
130,82,7.942
128,82,7.976
126,82,7.971
124,82,7.946
122,82,7.804
120,82,7.878
118,82,7.808
116,82,7.802
114,82,7.851
112,82,7.865
110,82,7.747
108,82,7.544
106,82,7.527
104,82,7.602
102,82,7.521
100,82,7.554
98,82,7.511
96,82,7.482
94,82,7.496
92,82,7.571
90,82,7.526
88,82,7.467
86,82,7.581
84,82,7.580
82,82,7.663
80,82,7.733
78,82,7.826
76,82,7.932
74,82,7.987
72,82,8.005
70,82,7.983
68,82,7.892
66,82,7.861
64,82,7.792
62,82,7.740
60,82,7.618
58,82,7.592
56,82,7.660
54,82,7.744
52,82,7.876
50,82,7.946
48,82,8.002
46,82,8.067
44,82,8.083
42,82,8.093
40,82,8.023
38,82,7.990
36,82,8.000
34,82,7.765
32,82,7.634
30,82,7.577
28,82,7.560
26,82,7.627
24,82,7.804
22,82,7.962
20,82,8.019
18,82,8.060
16,82,8.068
14,82,8.016
12,82,7.893
10,82,7.662
8,82,7.494
6,82,7.485
4,82,7.593
2,82,7.725
0,82,7.767
0,84,7.750
2,84,7.759
4,84,7.744
6,84,7.659
8,84,7.641
10,84,7.582
12,84,7.611
14,84,7.651
16,84,7.728
18,84,7.810
20,84,7.847
22,84,7.829
24,84,7.769
26,84,7.709
28,84,7.645
30,84,7.463
32,84,7.411
34,84,7.531
36,84,7.643
38,84,7.745
40,84,7.827
42,84,7.878
44,84,7.923
46,84,7.939
48,84,7.925
50,84,7.931
52,84,7.889
54,84,7.844
56,84,7.743
58,84,7.689
60,84,7.693
62,84,7.541
64,84,7.501
66,84,7.499
68,84,7.479
70,84,7.519
72,84,7.605
74,84,7.753
76,84,7.803
78,84,7.824
80,84,7.900
82,84,7.899
84,84,7.892
86,84,7.862
88,84,7.798
90,84,7.684
92,84,7.478
94,84,7.309
96,84,7.344
98,84,7.265
100,84,7.278
102,84,7.431
104,84,7.288
106,84,7.331
108,84,7.376
110,84,7.408
112,84,7.476
114,84,7.573
116,84,7.571
118,84,7.722
120,84,7.726
122,84,7.775
124,84,7.836
126,84,7.871
128,84,7.876
130,84,7.902
132,84,7.911
134,84,7.909
136,84,7.911
138,84,7.904
140,84,7.879
142,84,7.862
144,84,7.858
146,84,7.789
148,84,7.730
150,84,7.685
150,86,7.673
148,86,7.686
146,86,7.761
144,86,7.705
142,86,7.748
140,86,7.806
138,86,7.841
136,86,7.877
134,86,7.867
132,86,7.884
130,86,7.930
128,86,7.922
126,86,7.926
124,86,7.930
122,86,7.933
120,86,7.934
118,86,7.936
116,86,7.918
114,86,7.917
112,86,7.897
110,86,7.891
108,86,7.889
106,86,7.849
104,86,7.651
102,86,7.730
100,86,7.671
98,86,7.504
96,86,7.396
94,86,7.353
92,86,7.265
90,86,7.213
88,86,7.044
86,86,7.136
84,86,7.176
82,86,7.053
80,86,7.233
78,86,7.566
76,86,7.685
74,86,7.800
72,86,7.875
70,86,7.916
68,86,7.917
66,86,7.890
64,86,7.869
62,86,7.741
60,86,7.643
58,86,7.616
56,86,7.432
54,86,7.464
52,86,7.490
50,86,7.641
48,86,7.658
46,86,7.729
44,86,7.851
42,86,7.899
40,86,7.935
38,86,7.933
36,86,7.923
34,86,7.856
32,86,7.712
30,86,7.583
28,86,7.444
26,86,7.399
24,86,7.525
22,86,7.606
20,86,7.684
18,86,7.833
16,86,7.900
14,86,7.895
12,86,7.818
10,86,7.623
8,86,7.438
6,86,7.426
4,86,7.534
2,86,7.617
0,86,7.615
0,88,7.538
2,88,7.567
4,88,7.585
6,88,7.596
8,88,7.622
10,88,7.631
12,88,7.632
14,88,7.664
16,88,7.685
18,88,7.693
20,88,7.648
22,88,7.617
24,88,7.564
26,88,7.401
28,88,7.352
30,88,7.412
32,88,7.539
34,88,7.661
36,88,7.804
38,88,7.888
40,88,7.900
42,88,7.919
44,88,7.924
46,88,7.905
48,88,7.842
50,88,7.742
52,88,7.668
54,88,7.647
56,88,7.504
58,88,7.459
60,88,7.449
62,88,7.478
64,88,7.549
66,88,7.542
68,88,7.629
70,88,7.805
72,88,7.856
74,88,7.866
76,88,7.906
78,88,7.926
80,88,7.929
82,88,7.899
84,88,7.860
86,88,7.772
88,88,7.610
90,88,7.398
92,88,7.126
94,88,6.898
96,88,6.798
98,88,7.012
100,88,7.105
102,88,7.222
104,88,7.334
106,88,7.450
108,88,7.519
110,88,7.673
112,88,7.733
114,88,7.849
116,88,7.881
118,88,7.901
120,88,7.918
122,88,7.937
124,88,7.935
126,88,7.936
128,88,7.918
130,88,7.908
132,88,7.906
134,88,7.859
136,88,7.835
138,88,7.824
140,88,7.756
142,88,7.728
144,88,7.669
146,88,7.533
148,88,7.500
150,88,7.541
150,90,7.495
148,90,7.461
146,90,7.429
144,90,7.454
142,90,7.447
140,90,7.451
138,90,7.643
136,90,7.690
134,90,7.604
132,90,7.653
130,90,7.746
128,90,7.816
126,90,7.813
124,90,7.853
122,90,7.867
120,90,7.880
118,90,7.895
116,90,7.908
114,90,7.916
112,90,7.936
110,90,7.937
108,90,7.926
106,90,7.907
104,90,7.881
102,90,7.837
100,90,7.793
98,90,7.682
96,90,7.592
94,90,7.573
92,90,7.327
90,90,7.113
88,90,6.765
86,90,6.547
84,90,6.260
82,90,6.203
80,90,6.509
78,90,6.925
76,90,7.292
74,90,7.521
72,90,7.667
70,90,7.768
68,90,7.816
66,90,7.832
64,90,7.801
62,90,7.767
60,90,7.716
58,90,7.583
56,90,7.448
54,90,7.347
52,90,7.181
50,90,7.183
48,90,7.226
46,90,7.224
44,90,7.381
42,90,7.457
40,90,7.598
38,90,7.722
36,90,7.778
34,90,7.778
32,90,7.716
30,90,7.654
28,90,7.539
26,90,7.145
24,90,6.904
22,90,6.715
20,90,6.783
18,90,6.889
16,90,7.249
14,90,7.456
12,90,7.563
10,90,7.533
8,90,7.404
6,90,7.306
4,90,7.321
2,90,7.280
0,90,7.230
0,92,7.118
2,92,7.118
4,92,7.167
6,92,7.281
8,92,7.479
10,92,7.478
12,92,7.455
14,92,7.358
16,92,7.084
18,92,7.182
20,92,7.230
22,92,6.952
24,92,6.672
26,92,6.655
28,92,6.843
30,92,6.952
32,92,7.012
34,92,7.250
36,92,7.408
38,92,7.464
40,92,7.470
42,92,7.452
44,92,7.347
46,92,7.194
48,92,7.035
50,92,7.043
52,92,6.990
54,92,6.925
56,92,6.828
58,92,6.859
60,92,7.147
62,92,7.343
64,92,7.435
66,92,7.470
68,92,7.533
70,92,7.498
72,92,7.531
74,92,7.548
76,92,7.566
78,92,7.525
80,92,7.467
82,92,7.343
84,92,7.289
86,92,7.066
88,92,6.886
90,92,6.312
92,92,5.902
94,92,5.720
96,92,5.892
98,92,6.484
100,92,6.731
102,92,7.045
104,92,7.352
106,92,7.472
108,92,7.514
110,92,7.556
112,92,7.596
114,92,7.626
116,92,7.634
118,92,7.645
120,92,7.630
122,92,7.608
124,92,7.579
126,92,7.554
128,92,7.545
130,92,7.427
132,92,7.392
134,92,7.314
136,92,7.340
138,92,7.202
140,92,7.235
142,92,7.135
144,92,6.924
146,92,6.883
148,92,6.829
150,92,6.829
150,94,6.815
148,94,6.768
146,94,6.745
144,94,6.801
142,94,6.765
140,94,6.765
138,94,6.727
136,94,6.737
134,94,6.817
132,94,6.793
130,94,6.802
128,94,6.874
126,94,7.121
124,94,7.150
122,94,7.208
120,94,7.148
118,94,7.328
116,94,7.367
114,94,7.409
112,94,7.477
110,94,7.502
108,94,7.531
106,94,7.525
104,94,7.535
102,94,7.529
100,94,7.510
98,94,7.436
96,94,7.392
94,94,7.260
92,94,7.028
90,94,6.581
88,94,6.243
86,94,5.706
84,94,5.258
82,94,5.114
80,94,5.279
78,94,5.703
76,94,6.362
74,94,6.796
72,94,7.035
70,94,7.137
68,94,7.105
66,94,7.138
64,94,7.244
62,94,7.242
60,94,7.221
58,94,7.199
56,94,7.049
54,94,6.923
52,94,6.906
50,94,6.639
48,94,6.399
46,94,6.218
44,94,6.311
42,94,6.401
40,94,6.818
38,94,7.065
36,94,7.084
34,94,7.266
32,94,7.239
30,94,7.199
28,94,6.883
26,94,6.174
24,94,5.596
22,94,4.615
20,94,4.849
18,94,5.281
16,94,5.794
14,94,6.719
12,94,7.109
10,94,7.239
8,94,7.292
6,94,7.278
4,94,7.175
2,94,7.089
0,94,6.959
0,96,6.923
2,96,7.106
4,96,7.196
6,96,7.271
8,96,7.299
10,96,7.223
12,96,7.174
14,96,7.062
16,96,6.516
18,96,6.458
20,96,6.251
22,96,6.000
24,96,5.746
26,96,5.662
28,96,5.777
30,96,5.659
32,96,5.612
34,96,5.777
36,96,6.024
38,96,6.483
40,96,6.684
42,96,6.662
44,96,6.544
46,96,6.446
48,96,6.388
50,96,6.370
52,96,6.499
54,96,6.793
56,96,6.802
58,96,7.102
60,96,7.151
62,96,7.176
64,96,7.168
66,96,7.200
68,96,7.233
70,96,7.182
72,96,7.052
74,96,7.075
76,96,6.952
78,96,6.812
80,96,6.629
82,96,6.644
84,96,6.629
86,96,6.356
88,96,5.954
90,96,5.584
92,96,5.340
94,96,5.664
96,96,5.776
98,96,6.044
100,96,6.656
102,96,6.909
104,96,7.210
106,96,7.332
108,96,7.376
110,96,7.374
112,96,7.360
114,96,7.315
116,96,7.302
118,96,7.193
120,96,7.182
122,96,7.200
124,96,7.009
126,96,6.917
128,96,6.819
130,96,6.747
132,96,6.692
134,96,6.593
136,96,6.466
138,96,6.537
140,96,6.531
142,96,6.605
144,96,6.640
146,96,6.655
148,96,6.908
150,96,6.879
150,98,6.765
148,98,6.836
146,98,6.871
144,98,6.850
142,98,6.762
140,98,6.543
138,98,6.358
136,98,6.392
134,98,6.520
132,98,6.542
130,98,6.520
128,98,6.482
126,98,6.468
124,98,6.582
122,98,6.396
120,98,6.437
118,98,6.552
116,98,6.729
114,98,6.743
112,98,6.910
110,98,6.960
108,98,7.065
106,98,7.202
104,98,7.191
102,98,7.233
100,98,7.282
98,98,7.255
96,98,7.195
94,98,7.039
92,98,6.681
90,98,6.110
88,98,5.813
86,98,5.532
84,98,4.972
82,98,4.612
80,98,4.887
78,98,5.181
76,98,5.612
74,98,5.995
72,98,6.099
70,98,6.346
68,98,6.703
66,98,6.648
64,98,6.770
62,98,6.664
60,98,6.508
58,98,6.704
56,98,6.564
54,98,6.581
52,98,6.606
50,98,6.486
48,98,6.230
46,98,5.857
44,98,5.565
42,98,5.557
40,98,5.588
38,98,5.859
36,98,6.473
34,98,6.646
32,98,6.721
30,98,6.479
28,98,5.683
26,98,4.436
24,98,3.258
22,98,2.048
20,98,1.612
18,98,2.321
16,98,3.611
14,98,5.634
12,98,6.620
10,98,7.091
8,98,7.317
6,98,7.378
4,98,7.308
2,98,7.140
0,98,7.074
0,100,7.009
2,100,7.117
4,100,7.286
6,100,7.321
8,100,7.296
10,100,7.194
12,100,7.088
14,100,6.853
16,100,6.588
18,100,6.289
20,100,5.864
22,100,5.339
24,100,4.911
26,100,3.799
28,100,3.233
30,100,3.074
32,100,3.112
34,100,3.318
36,100,3.904
38,100,4.479
40,100,5.411
42,100,5.532
44,100,5.865
46,100,5.882
48,100,5.983
50,100,6.057
52,100,6.153
54,100,6.627
56,100,6.577
58,100,6.824
60,100,7.011
62,100,7.002
64,100,6.953
66,100,6.878
68,100,6.702
70,100,6.599
72,100,6.538
74,100,5.963
76,100,6.098
78,100,6.254
80,100,6.258
82,100,6.227
84,100,6.190
86,100,6.260
88,100,6.161
90,100,5.762
92,100,5.715
94,100,5.577
96,100,5.594
98,100,5.922
100,100,6.112
102,100,6.693
104,100,6.937
106,100,7.093
108,100,7.174
110,100,7.173
112,100,7.092
114,100,7.132
116,100,7.010
118,100,6.887
120,100,6.753
122,100,6.755
124,100,6.578
126,100,6.446
128,100,6.399
130,100,6.403
132,100,6.407
134,100,6.388
136,100,6.389
138,100,6.777
140,100,6.603
142,100,6.659
144,100,6.739
146,100,6.956
148,100,7.003
150,100,6.921
150,102,6.909
148,102,6.787
146,102,6.822
144,102,6.875
142,102,6.711
140,102,6.718
138,102,6.608
136,102,6.499
134,102,6.518
132,102,6.376
130,102,6.266
128,102,6.315
126,102,6.330
124,102,6.317
122,102,6.252
120,102,6.216
118,102,6.295
116,102,6.421
114,102,6.389
112,102,6.452
110,102,6.831
108,102,6.915
106,102,7.076
104,102,6.971
102,102,6.994
100,102,6.947
98,102,6.924
96,102,6.802
94,102,6.655
92,102,6.350
90,102,5.948
88,102,5.367
86,102,5.004
84,102,4.802
82,102,4.710
80,102,4.749
78,102,5.153
76,102,5.467
74,102,5.696
72,102,5.739
70,102,5.871
68,102,5.991
66,102,6.007
64,102,5.817
62,102,5.810
60,102,6.014
58,102,5.835
56,102,5.927
54,102,6.270
52,102,6.418
50,102,6.208
48,102,6.338
46,102,6.035
44,102,5.669
42,102,5.250
40,102,4.905
38,102,5.037
36,102,5.568
34,102,6.108
32,102,6.122
30,102,5.730
28,102,4.766
26,102,3.321
24,102,1.825
22,102,8.965
20,102,3.318
18,102,5.632
16,102,1.849
14,102,4.081
12,102,5.936
10,102,6.963
8,102,7.162
6,102,7.232
4,102,7.229
2,102,7.082
0,102,6.884
0,104,6.731
2,104,7.016
4,104,7.082
6,104,6.972
8,104,6.971
10,104,6.817
12,104,6.507
14,104,6.188
16,104,6.142
18,104,6.066
20,104,5.810
22,104,4.998
24,104,3.643
26,104,2.390
28,104,1.488
30,104,1.187
32,104,1.260
34,104,1.657
36,104,2.124
38,104,2.525
40,104,3.480
42,104,4.272
44,104,5.138
46,104,5.695
48,104,5.632
50,104,5.503
52,104,5.923
54,104,6.320
56,104,6.539
58,104,6.731
60,104,6.757
62,104,6.603
64,104,6.324
66,104,5.958
68,104,5.327
70,104,4.821
72,104,4.793
74,104,4.647
76,104,5.065
78,104,5.285
80,104,5.622
82,104,5.887
84,104,5.976
86,104,6.178
88,104,6.203
90,104,6.141
92,104,5.714
94,104,5.292
96,104,5.098
98,104,5.342
100,104,5.561
102,104,5.919
104,104,6.221
106,104,6.421
108,104,6.391
110,104,6.598
112,104,6.503
114,104,6.422
116,104,6.449
118,104,6.161
120,104,6.229
122,104,6.228
124,104,6.214
126,104,6.180
128,104,6.279
130,104,6.482
132,104,6.665
134,104,6.849
136,104,6.760
138,104,6.629
140,104,6.673
142,104,6.777
144,104,6.854
146,104,7.021
148,104,7.026
150,104,7.087
150,106,7.013
148,106,6.965
146,106,6.903
144,106,6.908
142,106,6.894
140,106,6.789
138,106,6.848
136,106,6.984
134,106,6.907
132,106,6.770
130,106,6.854
128,106,6.704
126,106,6.650
124,106,6.497
122,106,6.383
120,106,6.494
118,106,6.291
116,106,6.046
114,106,6.025
112,106,6.056
110,106,5.938
108,106,5.966
106,106,6.001
104,106,6.180
102,106,6.362
100,106,6.172
98,106,6.281
96,106,6.168
94,106,5.954
92,106,5.789
90,106,5.547
88,106,5.307
86,106,5.292
84,106,5.211
82,106,5.213
80,106,5.510
78,106,5.875
76,106,5.692
74,106,5.418
72,106,5.522
70,106,5.525
68,106,5.284
66,106,5.108
64,106,4.980
62,106,4.890
60,106,4.871
58,106,5.211
56,106,5.585
54,106,5.802
52,106,6.119
50,106,6.324
48,106,6.327
46,106,6.191
44,106,6.094
42,106,5.529
40,106,4.882
38,106,4.560
36,106,4.815
34,106,5.109
32,106,5.185
30,106,5.194
28,106,4.478
26,106,3.478
24,106,2.359
22,106,1.622
20,106,1.408
18,106,1.432
16,106,2.294
14,106,3.610
12,106,5.083
10,106,5.878
8,106,6.495
6,106,6.654
4,106,6.765
2,106,6.793
0,106,6.647
0,108,6.405
2,108,6.482
4,108,6.461
6,108,6.248
8,108,5.916
10,108,5.473
12,108,5.433
14,108,5.655
16,108,6.137
18,108,6.264
20,108,6.088
22,108,5.344
24,108,4.174
26,108,2.883
28,108,1.937
30,108,1.443
32,108,1.346
34,108,1.388
36,108,1.302
38,108,1.916
40,108,3.027
42,108,4.361
44,108,5.505
46,108,5.863
48,108,6.063
50,108,6.073
52,108,6.147
54,108,6.207
56,108,6.308
58,108,6.345
60,108,6.198
62,108,5.983
64,108,5.826
66,108,5.177
68,108,4.067
70,108,3.912
72,108,3.842
74,108,4.098
76,108,4.654
78,108,5.606
80,108,6.310
82,108,6.487
84,108,6.494
86,108,6.371
88,108,6.372
90,108,6.304
92,108,5.813
94,108,5.482
96,108,5.367
98,108,5.139
100,108,5.375
102,108,5.418
104,108,5.594
106,108,5.785
108,108,5.836
110,108,5.623
112,108,5.614
114,108,5.802
116,108,5.884
118,108,5.999
120,108,6.136
122,108,6.274
124,108,6.279
126,108,6.395
128,108,6.584
130,108,6.728
132,108,7.038
134,108,6.883
136,108,6.893
138,108,7.005
140,108,7.015
142,108,6.840
144,108,6.896
146,108,6.951
148,108,6.959
150,108,6.942
150,110,6.896
148,110,6.984
146,110,7.027
144,110,6.996
142,110,7.025
140,110,7.033
138,110,7.034
136,110,7.069
134,110,7.101
132,110,7.029
130,110,7.116
128,110,7.027
126,110,6.990
124,110,6.951
122,110,6.639
120,110,6.619
118,110,6.565
116,110,6.423
114,110,6.303
112,110,6.163
110,110,5.986
108,110,5.860
106,110,5.720
104,110,5.630
102,110,5.582
100,110,5.528
98,110,5.461
96,110,5.224
94,110,5.442
92,110,5.498
90,110,5.532
88,110,5.608
86,110,5.651
84,110,5.645
82,110,5.779
80,110,5.794
78,110,5.867
76,110,5.719
74,110,5.850
72,110,5.533
70,110,5.109
68,110,4.972
66,110,4.540
64,110,4.094
62,110,3.695
60,110,3.773
58,110,4.020
56,110,4.589
54,110,4.834
52,110,5.481
50,110,5.922
48,110,6.166
46,110,6.206
44,110,6.188
42,110,6.047
40,110,5.739
38,110,5.530
36,110,4.928
34,110,4.884
32,110,4.884
30,110,4.631
28,110,4.784
26,110,4.511
24,110,4.110
22,110,3.796
20,110,3.729
18,110,3.977
16,110,4.557
14,110,4.849
12,110,4.955
10,110,5.013
8,110,4.791
6,110,4.686
4,110,5.388
2,110,5.627
0,110,5.571
0,112,5.601
2,112,5.494
4,112,5.197
6,112,4.323
8,112,3.982
10,112,4.096
12,112,4.407
14,112,5.185
16,112,5.382
18,112,6.051
20,112,6.138
22,112,5.812
24,112,5.133
26,112,4.386
28,112,3.324
30,112,2.614
32,112,2.193
34,112,2.179
36,112,2.652
38,112,3.512
40,112,4.587
42,112,5.431
44,112,5.954
46,112,6.040
48,112,6.198
50,112,6.093
52,112,5.852
54,112,5.744
56,112,5.558
58,112,5.140
60,112,4.734
62,112,4.353
64,112,3.680
66,112,3.394
68,112,3.270
70,112,3.512
72,112,3.886
74,112,4.318
76,112,5.026
78,112,5.684
80,112,5.979
82,112,6.005
84,112,6.064
86,112,6.019
88,112,5.857
90,112,5.659
92,112,5.536
94,112,5.368
96,112,5.159
98,112,5.048
100,112,5.089
102,112,4.887
104,112,5.009
106,112,4.936
108,112,4.765
110,112,4.941
112,112,5.151
114,112,5.348
116,112,5.645
118,112,6.116
120,112,6.252
122,112,6.340
124,112,6.558
126,112,6.678
128,112,6.747
130,112,6.849
132,112,6.885
134,112,6.905
136,112,6.930
138,112,6.909
140,112,6.849
142,112,6.763
144,112,6.766
146,112,6.728
148,112,6.692
150,112,6.564
150,114,6.253
148,114,6.387
146,114,6.364
144,114,6.311
142,114,6.327
140,114,6.388
138,114,6.569
136,114,6.508
134,114,6.587
132,114,6.637
130,114,6.669
128,114,6.673
126,114,6.659
124,114,6.637
122,114,6.568
120,114,6.470
118,114,6.470
116,114,6.435
114,114,6.134
112,114,5.838
110,114,5.571
108,114,5.473
106,114,5.148
104,114,4.768
102,114,4.663
100,114,4.488
98,114,4.445
96,114,4.753
94,114,4.757
92,114,4.878
90,114,5.453
88,114,5.304
86,114,5.430
84,114,5.270
82,114,5.406
80,114,5.471
78,114,5.481
76,114,5.516
74,114,5.422
72,114,5.316
70,114,5.299
68,114,5.012
66,114,4.752
64,114,4.532
62,114,3.954
60,114,3.390
58,114,3.523
56,114,3.628
54,114,4.066
52,114,4.601
50,114,4.967
48,114,5.606
46,114,5.735
44,114,5.949
42,114,5.969
40,114,5.871
38,114,5.644
36,114,5.416
34,114,4.870
32,114,4.576
30,114,4.730
28,114,4.788
26,114,4.933
24,114,5.278
22,114,5.644
20,114,5.706
18,114,5.826
16,114,5.815
14,114,5.763
12,114,5.518
10,114,4.866
8,114,3.612
6,114,3.037
4,114,3.387
2,114,4.468
0,114,5.006
0,116,4.823
2,116,4.096
4,116,3.566
6,116,2.914
8,116,2.490
10,116,3.323
12,116,4.044
14,116,4.934
16,116,5.521
18,116,6.032
20,116,6.278
22,116,6.177
24,116,6.041
26,116,5.886
28,116,5.199
30,116,4.646
32,116,4.407
34,116,4.661
36,116,5.113
38,116,5.743
40,116,6.298
42,116,6.355
44,116,6.580
46,116,6.682
48,116,6.610
50,116,6.389
52,116,6.259
54,116,5.951
56,116,5.532
58,116,4.709
60,116,4.361
62,116,4.413
64,116,4.265
66,116,4.388
68,116,4.309
70,116,4.815
72,116,5.424
74,116,5.726
76,116,6.125
78,116,6.132
80,116,6.363
82,116,6.290
84,116,6.186
86,116,6.031
88,116,5.825
90,116,5.251
92,116,5.167
94,116,5.155
96,116,5.285
98,116,5.187
100,116,4.916
102,116,4.979
104,116,4.852
106,116,4.916
108,116,5.211
110,116,5.475
112,116,5.702
114,116,5.830
116,116,6.059
118,116,6.382
120,116,6.536
122,116,6.722
124,116,6.787
126,116,6.832
128,116,6.945
130,116,6.988
132,116,6.947
134,116,6.886
136,116,6.895
138,116,6.757
140,116,6.586
142,116,6.569
144,116,6.554
146,116,6.380
148,116,6.059
150,116,5.885
150,118,5.652
148,118,5.500
146,118,5.436
144,118,5.806
142,118,5.781
140,118,5.854
138,118,6.157
136,118,6.314
134,118,6.363
132,118,6.485
130,118,6.568
128,118,6.718
126,118,6.729
124,118,6.712
122,118,6.741
120,118,6.722
118,118,6.696
116,118,6.626
114,118,6.462
112,118,6.271
110,118,6.098
108,118,6.139
106,118,5.688
104,118,5.754
102,118,5.575
100,118,5.103
98,118,4.723
96,118,4.796
94,118,4.757
92,118,4.900
90,118,5.105
88,118,5.570
86,118,5.454
84,118,5.615
82,118,5.624
80,118,5.864
78,118,5.750
76,118,5.870
74,118,5.900
72,118,5.916
70,118,5.934
68,118,5.805
66,118,5.512
64,118,4.928
62,118,4.711
60,118,4.650
58,118,3.935
56,118,4.054
54,118,4.054
52,118,4.634
50,118,5.555
48,118,5.660
46,118,5.997
44,118,6.426
42,118,6.628
40,118,6.727
38,118,6.637
36,118,6.336
34,118,6.457
32,118,6.068
30,118,5.544
28,118,5.465
26,118,5.623
24,118,6.034
22,118,6.229
20,118,6.690
18,118,6.647
16,118,6.444
14,118,6.104
12,118,5.644
10,118,4.644
8,118,3.213
6,118,1.985
4,118,2.159
2,118,3.857
0,118,4.747
0,120,4.733
2,120,4.166
4,120,3.277
6,120,2.268
8,120,2.247
10,120,3.178
12,120,3.913
14,120,4.396
16,120,4.949
18,120,5.424
20,120,5.544
22,120,5.611
24,120,5.290
26,120,5.101
28,120,5.143
30,120,5.175
32,120,5.569
34,120,5.972
36,120,6.158
38,120,6.552
40,120,6.745
42,120,6.781
44,120,6.754
46,120,6.729
48,120,6.675
50,120,6.396
52,120,5.723
54,120,5.167
56,120,4.928
58,120,4.752
60,120,4.517
62,120,5.025
64,120,4.838
66,120,4.982
68,120,5.467
70,120,5.935
72,120,6.017
74,120,6.083
76,120,6.127
78,120,6.064
80,120,5.978
82,120,5.854
84,120,5.764
86,120,5.350
88,120,4.978
90,120,4.972
92,120,4.704
94,120,4.742
96,120,4.613
98,120,4.677
100,120,4.865
102,120,4.833
104,120,5.045
106,120,5.413
108,120,5.476
110,120,5.759
112,120,6.089
114,120,6.096
116,120,6.161
118,120,6.408
120,120,6.443
122,120,6.505
124,120,6.562
126,120,6.607
128,120,6.544
130,120,6.490
132,120,6.436
134,120,6.223
136,120,5.976
138,120,5.607
140,120,5.534
142,120,5.451
144,120,5.219
146,120,5.012
148,120,4.860
150,120,4.926
150,122,4.595
148,122,4.597
146,122,4.386
144,122,4.364
142,122,4.341
140,122,4.375
138,122,5.203
136,122,5.085
134,122,5.016
132,122,5.215
130,122,5.538
128,122,6.002
126,122,6.167
124,122,6.260
122,122,6.391
120,122,6.370
118,122,6.370
116,122,6.453
114,122,6.488
112,122,6.474
110,122,6.475
108,122,6.459
106,122,6.446
104,122,6.398
102,122,6.297
100,122,5.918
98,122,5.644
96,122,5.436
94,122,5.183
92,122,5.046
90,122,4.902
88,122,4.820
86,122,4.559
84,122,4.538
82,122,5.001
80,122,5.004
78,122,5.060
76,122,5.383
74,122,5.524
72,122,5.784
70,122,5.786
68,122,5.825
66,122,5.499
64,122,5.178
62,122,4.988
60,122,4.783
58,122,5.028
56,122,5.046
54,122,4.578
52,122,4.488
50,122,4.629
48,122,5.541
46,122,6.109
44,122,6.409
42,122,6.662
40,122,6.850
38,122,6.904
36,122,6.829
34,122,6.808
32,122,6.647
30,122,6.282
28,122,5.679
26,122,5.600
24,122,5.685
22,122,5.857
20,122,6.190
18,122,6.487
16,122,6.475
14,122,6.307
12,122,5.974
10,122,5.249
8,122,3.975
6,122,2.833
4,122,2.492
2,122,3.894
0,122,4.757
0,124,5.151
2,124,3.911
4,124,3.433
6,124,3.927
8,124,4.163
10,124,3.945
12,124,4.627
14,124,4.781
16,124,4.946
18,124,5.107
20,124,5.261
22,124,4.921
24,124,4.726
26,124,4.860
28,124,5.128
30,124,5.687
32,124,6.248
34,124,6.672
36,124,6.807
38,124,6.899
40,124,6.955
42,124,6.870
44,124,6.747
46,124,6.592
48,124,6.002
50,124,5.877
52,124,5.428
54,124,5.262
56,124,5.225
58,124,5.135
60,124,5.133
62,124,5.590
64,124,6.159
66,124,6.351
68,124,6.382
70,124,6.308
72,124,6.224
74,124,5.977
76,124,5.759
78,124,5.649
80,124,4.946
82,124,4.603
84,124,4.364
86,124,4.217
88,124,3.436
90,124,3.401
92,124,3.517
94,124,3.992
96,124,4.484
98,124,5.135
100,124,5.293
102,124,5.647
104,124,6.205
106,124,6.198
108,124,6.416
110,124,6.551
112,124,6.652
114,124,6.618
116,124,6.651
118,124,6.630
120,124,6.565
122,124,6.398
124,124,6.411
126,124,6.465
128,124,6.011
130,124,5.695
132,124,5.277
134,124,5.069
136,124,4.728
138,124,4.554
140,124,4.105
142,124,3.879
144,124,3.892
146,124,3.918
148,124,4.104
150,124,4.358
150,126,4.357
148,126,3.963
146,126,3.707
144,126,3.778
142,126,3.656
140,126,3.630
138,126,3.751
136,126,4.009
134,126,4.319
132,126,4.360
130,126,4.936
128,126,5.228
126,126,5.465
124,126,5.667
122,126,6.079
120,126,6.315
118,126,6.486
116,126,6.540
114,126,6.741
112,126,6.828
110,126,6.875
108,126,6.934
106,126,6.934
104,126,6.937
102,126,6.948
100,126,6.819
98,126,6.584
96,126,6.319
94,126,6.260
92,126,5.897
90,126,5.483
88,126,5.287
86,126,4.755
84,126,4.296
82,126,4.205
80,126,4.617
78,126,4.634
76,126,5.260
74,126,5.321
72,126,5.795
70,126,5.818
68,126,5.853
66,126,5.856
64,126,5.912
62,126,5.800
60,126,5.556
58,126,5.740
56,126,5.469
54,126,5.139
52,126,4.767
50,126,4.731
48,126,4.796
46,126,5.459
44,126,6.179
42,126,6.815
40,126,6.890
38,126,6.934
36,126,6.936
34,126,6.908
32,126,6.849
30,126,6.784
28,126,6.538
26,126,6.165
24,126,5.900
22,126,6.004
20,126,6.259
18,126,6.312
16,126,6.408
14,126,6.625
12,126,6.553
10,126,6.202
8,126,5.370
6,126,4.607
4,126,4.123
2,126,4.237
0,126,4.752
0,128,5.130
2,128,4.848
4,128,4.839
6,128,5.248
8,128,5.689
10,128,5.879
12,128,5.922
14,128,5.876
16,128,5.928
18,128,5.815
20,128,5.743
22,128,5.337
24,128,5.246
26,128,5.594
28,128,6.076
30,128,6.643
32,128,6.832
34,128,7.028
36,128,7.121
38,128,7.174
40,128,7.106
42,128,6.880
44,128,6.544
46,128,6.207
48,128,5.777
50,128,5.559
52,128,5.679
54,128,5.767
56,128,6.011
58,128,6.064
60,128,6.153
62,128,6.285
64,128,6.415
66,128,6.566
68,128,6.680
70,128,6.624
72,128,6.286
74,128,5.805
76,128,5.305
78,128,4.632
80,128,4.764
82,128,4.512
84,128,4.034
86,128,3.665
88,128,3.794
90,128,3.638
92,128,3.873
94,128,4.347
96,128,4.921
98,128,5.817
100,128,6.171
102,128,6.626
104,128,6.679
106,128,6.860
108,128,6.985
110,128,7.048
112,128,7.047
114,128,6.977
116,128,6.836
118,128,6.729
120,128,6.676
122,128,6.562
124,128,6.252
126,128,6.184
128,128,5.782
130,128,5.430
132,128,5.088
134,128,4.750
136,128,4.348
138,128,3.996
140,128,3.813
142,128,3.625
144,128,3.697
146,128,4.307
148,128,4.303
150,128,4.259
150,130,4.439
148,130,4.307
146,130,4.356
144,130,4.153
142,130,4.272
140,130,3.991
138,130,3.951
136,130,3.961
134,130,4.155
132,130,4.255
130,130,4.457
128,130,4.768
126,130,5.287
124,130,5.582
122,130,6.053
120,130,6.040
118,130,6.329
116,130,6.752
114,130,6.954
112,130,7.006
110,130,7.087
108,130,7.190
106,130,7.235
104,130,7.254
102,130,7.266
100,130,7.229
98,130,7.105
96,130,7.116
94,130,6.975
92,130,6.501
90,130,6.055
88,130,5.799
86,130,5.413
84,130,4.938
82,130,4.707
80,130,4.680
78,130,4.972
76,130,5.208
74,130,5.361
72,130,5.526
70,130,5.850
68,130,6.062
66,130,6.161
64,130,6.260
62,130,6.384
60,130,6.526
58,130,6.493
56,130,6.278
54,130,5.804
52,130,4.954
50,130,4.770
48,130,4.640
46,130,5.233
44,130,5.955
42,130,6.588
40,130,6.715
38,130,6.673
36,130,6.776
34,130,6.898
32,130,7.026
30,130,7.141
28,130,7.034
26,130,7.063
24,130,6.805
22,130,6.545
20,130,6.495
18,130,6.878
16,130,6.911
14,130,7.110
12,130,7.272
10,130,7.150
8,130,6.817
6,130,6.464
4,130,5.900
2,130,5.477
0,130,5.466
0,132,5.790
2,132,5.893
4,132,6.114
6,132,6.375
8,132,6.634
10,132,6.765
12,132,6.915
14,132,6.768
16,132,6.692
18,132,6.572
20,132,6.196
22,132,6.305
24,132,6.256
26,132,6.735
28,132,7.071
30,132,7.103
32,132,7.382
34,132,7.445
36,132,7.438
38,132,7.326
40,132,7.066
42,132,6.676
44,132,6.266
46,132,5.852
48,132,5.412
50,132,5.541
52,132,6.063
54,132,6.507
56,132,6.497
58,132,6.689
60,132,6.470
62,132,6.328
64,132,6.331
66,132,6.375
68,132,6.432
70,132,6.534
72,132,6.257
74,132,5.524
76,132,5.078
78,132,4.743
80,132,4.526
82,132,4.443
84,132,4.513
86,132,4.684
88,132,4.749
90,132,5.042
92,132,5.231
94,132,5.741
96,132,6.059
98,132,6.379
100,132,6.818
102,132,7.016
104,132,7.190
106,132,7.247
108,132,7.240
110,132,7.271
112,132,7.228
114,132,7.190
116,132,6.964
118,132,6.790
120,132,6.759
122,132,6.619
124,132,6.457
126,132,6.190
128,132,5.582
130,132,5.403
132,132,5.104
134,132,4.791
136,132,4.701
138,132,4.782
140,132,4.529
142,132,4.438
144,132,4.742
146,132,5.259
148,132,5.203
150,132,5.151
150,134,5.449
148,134,5.356
146,134,5.325
144,134,5.366
142,134,5.418
140,134,5.323
138,134,5.145
136,134,5.175
134,134,5.279
132,134,5.118
130,134,5.041
128,134,5.146
126,134,5.381
124,134,5.608
122,134,5.788
120,134,6.145
118,134,6.404
116,134,6.741
114,134,6.872
112,134,7.091
110,134,7.216
108,134,7.310
106,134,7.296
104,134,7.351
102,134,7.439
100,134,7.423
98,134,7.437
96,134,7.398
94,134,7.357
92,134,7.270
90,134,7.130
88,134,6.647
86,134,6.482
84,134,6.243
82,134,6.017
80,134,5.904
78,134,5.744
76,134,5.750
74,134,5.828
72,134,5.921
70,134,5.858
68,134,6.106
66,134,6.274
64,134,6.530
62,134,6.741
60,134,6.837
58,134,6.708
56,134,6.344
54,134,5.868
52,134,4.980
50,134,4.735
48,134,4.591
46,134,5.079
44,134,5.755
42,134,6.274
40,134,6.340
38,134,6.289
36,134,6.688
34,134,7.071
32,134,7.311
30,134,7.554
28,134,7.702
26,134,7.639
24,134,7.470
22,134,7.295
20,134,7.077
18,134,7.059
16,134,7.148
14,134,7.436
12,134,7.615
10,134,7.599
8,134,7.518
6,134,7.255
4,134,6.818
2,134,6.401
0,134,6.233
0,136,6.821
2,136,6.999
4,136,6.994
6,136,7.107
8,136,7.181
10,136,7.248
12,136,7.295
14,136,7.169
16,136,7.074
18,136,6.887
20,136,6.899
22,136,7.042
24,136,7.267
26,136,7.416
28,136,7.557
30,136,7.706
32,136,7.751
34,136,7.706
36,136,7.649
38,136,7.540
40,136,7.170
42,136,6.765
44,136,6.268
46,136,5.911
48,136,5.716
50,136,5.998
52,136,6.542
54,136,6.945
56,136,7.126
58,136,6.909
60,136,6.544
62,136,6.092
64,136,5.841
66,136,5.826
68,136,5.913
70,136,5.787
72,136,5.482
74,136,5.176
76,136,4.947
78,136,4.829
80,136,4.978
82,136,5.386
84,136,5.826
86,136,6.298
88,136,6.454
90,136,6.471
92,136,6.719
94,136,6.949
96,136,7.110
98,136,7.239
100,136,7.348
102,136,7.384
104,136,7.347
106,136,7.389
108,136,7.407
110,136,7.314
112,136,7.187
114,136,6.890
116,136,6.809
118,136,6.789
120,136,6.709
122,136,6.593
124,136,6.452
126,136,6.287
128,136,6.091
130,136,6.004
132,136,5.681
134,136,5.718
136,136,5.858
138,136,6.012
140,136,6.043
142,136,5.908
144,136,6.212
146,136,6.215
148,136,6.181
150,136,6.083
150,138,6.476
148,138,6.518
146,138,6.613
144,138,6.642
142,138,6.623
140,138,6.565
138,138,6.653
136,138,6.598
134,138,6.474
132,138,6.221
130,138,6.238
128,138,6.410
126,138,6.587
124,138,6.164
122,138,6.315
120,138,6.534
118,138,6.606
116,138,6.711
114,138,6.951
112,138,6.989
110,138,7.095
108,138,7.324
106,138,7.248
104,138,7.369
102,138,7.511
100,138,7.571
98,138,7.612
96,138,7.669
94,138,7.688
92,138,7.695
90,138,7.659
88,138,7.534
86,138,7.462
84,138,7.370
82,138,7.157
80,138,6.911
78,138,6.826
76,138,6.647
74,138,6.054
72,138,5.775
70,138,5.572
68,138,5.602
66,138,5.940
64,138,6.372
62,138,6.699
60,138,6.862
58,138,6.730
56,138,6.514
54,138,6.164
52,138,5.798
50,138,5.716
48,138,5.729
46,138,5.899
44,138,6.087
42,138,6.379
40,138,6.352
38,138,6.342
36,138,6.707
34,138,7.143
32,138,7.561
30,138,7.850
28,138,7.965
26,138,7.989
24,138,7.879
22,138,7.676
20,138,7.607
18,138,7.396
16,138,7.333
14,138,7.551
12,138,7.647
10,138,7.787
8,138,7.836
6,138,7.725
4,138,7.478
2,138,7.318
0,138,7.178
0,140,7.519
2,140,7.619
4,140,7.604
6,140,7.594
8,140,7.615
10,140,7.581
12,140,7.475
14,140,7.371
16,140,7.286
18,140,7.236
20,140,7.472
22,140,7.652
24,140,7.788
26,140,7.856
28,140,7.899
30,140,7.925
32,140,7.914
34,140,7.825
36,140,7.754
38,140,7.686
40,140,7.465
42,140,7.133
44,140,6.796
46,140,6.614
48,140,6.793
50,140,6.921
52,140,7.147
54,140,7.316
56,140,7.323
58,140,6.939
60,140,6.389
62,140,5.791
64,140,5.341
66,140,5.051
68,140,4.815
70,140,4.997
72,140,5.419
74,140,5.479
76,140,5.601
78,140,5.738
80,140,5.687
82,140,6.160
84,140,6.665
86,140,6.992
88,140,7.244
90,140,7.455
92,140,7.563
94,140,7.604
96,140,7.630
98,140,7.642
100,140,7.638
102,140,7.623
104,140,7.597
106,140,7.417
108,140,7.285
110,140,7.138
112,140,6.973
114,140,6.932
116,140,6.937
118,140,6.970
120,140,6.956
122,140,7.024
124,140,7.009
126,140,7.071
128,140,7.167
130,140,7.030
132,140,6.917
134,140,7.067
136,140,7.239
138,140,7.173
140,140,7.206
142,140,7.253
144,140,7.227
146,140,7.213
148,140,7.218
150,140,7.203
150,142,7.460
148,142,7.449
146,142,7.453
144,142,7.472
142,142,7.504
140,142,7.474
138,142,7.494
136,142,7.488
134,142,7.508
132,142,7.477
130,142,7.489
128,142,7.452
126,142,7.355
124,142,7.488
122,142,7.172
120,142,7.113
118,142,7.243
116,142,7.208
114,142,7.213
112,142,7.137
110,142,7.112
108,142,7.145
106,142,7.310
104,142,7.286
102,142,7.352
100,142,7.574
98,142,7.664
96,142,7.791
94,142,7.823
92,142,7.868
90,142,7.893
88,142,7.878
86,142,7.819
84,142,7.782
82,142,7.670
80,142,7.558
78,142,7.324
76,142,6.968
74,142,6.422
72,142,5.953
70,142,5.557
68,142,5.409
66,142,5.748
64,142,6.010
62,142,6.442
60,142,6.968
58,142,6.905
56,142,6.792
54,142,6.592
52,142,6.475
50,142,6.447
48,142,6.637
46,142,6.878
44,142,7.083
42,142,6.967
40,142,6.784
38,142,6.819
36,142,6.959
34,142,7.208
32,142,7.657
30,142,7.936
28,142,8.057
26,142,8.090
24,142,8.073
22,142,7.995
20,142,7.848
18,142,7.725
16,142,7.571
14,142,7.487
12,142,7.621
10,142,7.869
8,142,7.948
6,142,7.935
4,142,7.914
2,142,7.848
0,142,7.757
0,144,7.892
2,144,7.971
4,144,7.971
6,144,7.873
8,144,7.712
10,144,7.658
12,144,7.468
14,144,7.463
16,144,7.547
18,144,7.687
20,144,7.811
22,144,7.926
24,144,7.977
26,144,8.032
28,144,8.020
30,144,7.955
32,144,7.774
34,144,7.734
36,144,7.646
38,144,7.548
40,144,7.528
42,144,7.536
44,144,7.477
46,144,7.390
48,144,7.352
50,144,7.410
52,144,7.527
54,144,7.555
56,144,7.438
58,144,6.962
60,144,6.462
62,144,5.541
64,144,4.920
66,144,4.653
68,144,4.930
70,144,5.437
72,144,5.987
74,144,6.343
76,144,6.387
78,144,6.344
80,144,6.575
82,144,6.687
84,144,6.997
86,144,7.328
88,144,7.524
90,144,7.621
92,144,7.688
94,144,7.729
96,144,7.778
98,144,7.701
100,144,7.585
102,144,7.676
104,144,7.590
106,144,7.396
108,144,7.264
110,144,7.199
112,144,7.161
114,144,7.117
116,144,7.199
118,144,7.378
120,144,7.423
122,144,7.449
124,144,7.662
126,144,7.623
128,144,7.699
130,144,7.625
132,144,7.625
134,144,7.704
136,144,7.712
138,144,7.702
140,144,7.721
142,144,7.648
144,144,7.659
146,144,7.649
148,144,7.699
150,144,7.597
150,146,7.672
148,146,7.677
146,146,7.708
144,146,7.772
142,146,7.784
140,146,7.789
138,146,7.782
136,146,7.813
134,146,7.826
132,146,7.817
130,146,7.780
128,146,7.744
126,146,7.784
124,146,7.784
122,146,7.759
120,146,7.649
118,146,7.524
116,146,7.462
114,146,7.461
112,146,7.380
110,146,7.339
108,146,7.332
106,146,7.263
104,146,7.317
102,146,7.423
100,146,7.532
98,146,7.685
96,146,7.726
94,146,7.837
92,146,7.867
90,146,7.911
88,146,7.898
86,146,7.942
84,146,7.897
82,146,7.839
80,146,7.703
78,146,7.530
76,146,7.458
74,146,6.984
72,146,6.684
70,146,6.355
68,146,6.302
66,146,6.264
64,146,6.660
62,146,6.939
60,146,7.073
58,146,7.221
56,146,7.241
54,146,7.252
52,146,7.197
50,146,7.286
48,146,7.361
46,146,7.546
44,146,7.613
42,146,7.589
40,146,7.379
38,146,7.282
36,146,7.264
34,146,7.436
32,146,7.756
30,146,7.914
28,146,8.060
26,146,8.070
24,146,8.096
22,146,8.062
20,146,8.034
18,146,7.959
16,146,7.825
14,146,7.595
12,146,7.588
10,146,7.631
8,146,7.882
6,146,7.865
4,146,7.954
2,146,8.040
0,146,8.020
0,148,8.080
2,148,8.059
4,148,8.015
6,148,7.958
8,148,7.780
10,148,7.695
12,148,7.580
14,148,7.629
16,148,7.758
18,148,7.959
20,148,7.971
22,148,8.061
24,148,8.075
26,148,8.007
28,148,7.905
30,148,7.795
32,148,7.790
34,148,7.723
36,148,7.639
38,148,7.688
40,148,7.710
42,148,7.893
44,148,7.956
46,148,7.900
48,148,7.872
50,148,7.858
52,148,7.849
54,148,7.719
56,148,7.545
58,148,7.189
60,148,6.608
62,148,5.969
64,148,5.692
66,148,5.685
68,148,6.163
70,148,6.655
72,148,6.927
74,148,7.187
76,148,7.229
78,148,7.103
80,148,7.181
82,148,7.240
84,148,7.349
86,148,7.420
88,148,7.554
90,148,7.629
92,148,7.593
94,148,7.675
96,148,7.644
98,148,7.663
100,148,7.602
102,148,7.497
104,148,7.413
106,148,7.369
108,148,7.345
110,148,7.353
112,148,7.416
114,148,7.573
116,148,7.648
118,148,7.778
120,148,7.865
122,148,7.826
124,148,7.892
126,148,7.918
128,148,7.907
130,148,7.917
132,148,7.902
134,148,7.904
136,148,7.908
138,148,7.898
140,148,7.909
142,148,7.872
144,148,7.813
146,148,7.746
148,148,7.692
150,148,7.616
150,150,7.729
148,150,7.708
146,150,7.613
144,150,7.711
142,150,7.762
140,150,7.860
138,150,7.902
136,150,7.920
134,150,7.936
132,150,7.937
130,150,7.971
128,150,7.964
126,150,7.982
124,150,7.972
122,150,7.993
120,150,7.935
118,150,7.993
116,150,7.885
114,150,7.749
112,150,7.649
110,150,7.619
108,150,7.627
106,150,7.473
104,150,7.441
102,150,7.462
100,150,7.491
98,150,7.545
96,150,7.563
94,150,7.584
92,150,7.747
90,150,7.929
88,150,7.936
86,150,7.822
84,150,7.719
82,150,7.654
80,150,7.574
78,150,7.499
76,150,7.499
74,150,7.552
72,150,7.433
70,150,7.186
68,150,7.088
66,150,7.120
64,150,7.145
62,150,7.172
60,150,7.213
58,150,7.217
56,150,7.306
54,150,7.617
52,150,7.668
50,150,7.725
48,150,7.808
46,150,7.870
44,150,7.854
42,150,7.845
40,150,7.816
38,150,7.695
36,150,7.463
34,150,7.442
32,150,7.509
30,150,7.698
28,150,7.866
26,150,8.037
24,150,8.081
22,150,8.076
20,150,8.042
18,150,7.979
16,150,7.899
14,150,7.805
12,150,7.666
10,150,7.610
8,150,7.741
6,150,7.813
4,150,7.992
2,150,8.053
0,150,8.088
0,0,7.972
2,0,7.992
4,0,7.978
6,0,8.018
8,0,7.985
10,0,8.002
12,0,7.897
14,0,7.936
16,0,7.884
18,0,7.875
20,0,7.836
22,0,7.827
24,0,7.702
26,0,7.615
28,0,7.644
30,0,7.612
32,0,7.740
34,0,7.800
36,0,7.732
38,0,7.625
40,0,7.603
42,0,7.493
44,0,7.196
46,0,6.897
48,0,6.846
50,0,7.048
52,0,7.275
54,0,7.751
56,0,7.975
58,0,8.068
60,0,8.081
62,0,8.080
64,0,8.082
66,0,8.044
68,0,7.999
70,0,8.004
72,0,7.970
74,0,7.886
76,0,7.813
78,0,7.715
80,0,7.629
82,0,7.643
84,0,7.622
86,0,7.657
88,0,7.576
90,0,7.506
92,0,6.983
94,0,5.917
96,0,4.552
98,0,3.156
100,0,2.103
102,0,1.288
104,0,8.091
106,0,2.686
108,0,2.665
110,0,6.403
112,0,7.791
114,0,1.321
116,0,2.087
118,0,2.703
120,0,3.208
122,0,3.446
124,0,3.745
126,0,3.814
128,0,3.859
130,0,3.934
132,0,3.797
134,0,3.861
