0,0,2.389
2,0,2.358
4,0,2.343
6,0,2.326
8,0,2.316
10,0,2.308
12,0,2.308
14,0,2.314
16,0,2.321
18,0,2.337
20,0,2.354
22,0,2.388
24,0,2.412
26,0,2.441
28,0,2.468
30,0,2.498
32,0,2.527
34,0,2.555
36,0,2.591
38,0,2.628
40,0,2.669
42,0,2.708
44,0,2.746
46,0,2.782
48,0,2.782
50,0,2.795
52,0,2.805
54,0,2.816
56,0,2.830
58,0,2.849
60,0,2.859
62,0,2.887
64,0,2.923
66,0,2.971
68,0,3.011
70,0,3.041
72,0,3.069
74,0,3.098
76,0,3.123
78,0,3.144
80,0,3.166
82,0,3.189
84,0,3.214
86,0,3.228
88,0,3.239
90,0,3.248
92,0,3.251
94,0,3.259
96,0,3.262
98,0,3.282
100,0,3.290
102,0,3.300
104,0,3.310
106,0,3.319
108,0,3.324
110,0,3.329
112,0,3.330
114,0,3.335
116,0,3.338
118,0,3.347
120,0,3.357
122,0,3.368
124,0,3.372
126,0,3.374
128,0,3.398
130,0,3.413
132,0,3.429
134,0,3.437
136,0,3.445
138,0,3.450
140,0,3.455
142,0,3.456
144,0,3.455
146,0,3.464
148,0,3.465
150,0,3.470
150,2,3.489
148,2,3.489
146,2,3.487
144,2,3.495
142,2,3.493
140,2,3.492
138,2,3.492
136,2,3.491
134,2,3.492
132,2,3.491
130,2,3.491
128,2,3.494
126,2,3.494
124,2,3.494
122,2,3.489
120,2,3.487
118,2,3.487
116,2,3.489
114,2,3.486
112,2,3.485
110,2,3.480
108,2,3.483
106,2,3.479
104,2,3.472
102,2,3.475
100,2,3.472
98,2,3.471
96,2,3.467
94,2,3.466
92,2,3.462
90,2,3.454
88,2,3.449
86,2,3.443
84,2,3.439
82,2,3.431
80,2,3.425
78,2,3.425
76,2,3.421
74,2,3.417
72,2,3.407
70,2,3.406
68,2,3.395
66,2,3.379
64,2,3.361
62,2,3.339
60,2,3.326
58,2,3.310
56,2,3.304
54,2,3.299
52,2,3.294
50,2,3.286
48,2,3.281
46,2,3.281
44,2,3.276
42,2,3.265
40,2,3.252
38,2,3.240
36,2,3.231
34,2,3.219
32,2,3.209
30,2,3.198
28,2,3.183
26,2,3.159
24,2,3.132
22,2,3.107
20,2,3.089
18,2,3.056
16,2,3.021
14,2,2.987
12,2,2.957
10,2,2.937
8,2,2.908
6,2,2.899
4,2,2.884
2,2,2.870
0,2,2.858
0,4,2.860
2,4,2.849
4,4,2.848
6,4,2.841
8,4,2.838
10,4,2.839
12,4,2.837
14,4,2.844
16,4,2.844
18,4,2.842
20,4,2.838
22,4,2.839
24,4,2.845
26,4,2.846
28,4,2.847
30,4,2.850
32,4,2.851
34,4,2.852
36,4,2.853
38,4,2.855
40,4,2.860
42,4,2.877
44,4,2.892
46,4,2.895
48,4,2.901
50,4,2.915
52,4,2.936
54,4,2.942
56,4,2.950
58,4,2.962
60,4,2.978
62,4,2.998
64,4,3.026
66,4,3.049
68,4,3.067
70,4,3.088
72,4,3.113
74,4,3.130
76,4,3.141
78,4,3.156
80,4,3.174
82,4,3.199
84,4,3.221
86,4,3.233
88,4,3.240
90,4,3.250
92,4,3.254
94,4,3.258
96,4,3.264
98,4,3.271
100,4,3.284
102,4,3.292
104,4,3.309
106,4,3.307
108,4,3.310
110,4,3.310
112,4,3.311
114,4,3.319
116,4,3.317
118,4,3.310
120,4,3.320
122,4,3.326
124,4,3.333
126,4,3.341
128,4,3.361
130,4,3.376
132,4,3.393
134,4,3.403
136,4,3.414
138,4,3.425
140,4,3.422
142,4,3.433
144,4,3.439
146,4,3.435
148,4,3.437
150,4,3.440
150,6,3.452
148,6,3.454
146,6,3.459
144,6,3.461
142,6,3.465
140,6,3.464
138,6,3.458
136,6,3.458
134,6,3.460
132,6,3.456
130,6,3.457
128,6,3.460
126,6,3.456
124,6,3.457
122,6,3.456
120,6,3.452
118,6,3.451
116,6,3.453
114,6,3.455
112,6,3.451
110,6,3.443
108,6,3.441
106,6,3.440
104,6,3.438
102,6,3.438
100,6,3.437
98,6,3.427
96,6,3.430
94,6,3.430
92,6,3.420
90,6,3.423
88,6,3.410
86,6,3.402
84,6,3.394
82,6,3.394
80,6,3.392
78,6,3.385
76,6,3.381
74,6,3.376
72,6,3.364
70,6,3.351
68,6,3.338
66,6,3.318
64,6,3.297
62,6,3.286
60,6,3.270
58,6,3.259
56,6,3.255
54,6,3.239
52,6,3.227
50,6,3.222
48,6,3.227
46,6,3.216
44,6,3.203
42,6,3.183
40,6,3.171
38,6,3.157
36,6,3.152
34,6,3.142
32,6,3.139
30,6,3.128
28,6,3.102
26,6,3.072
24,6,3.049
22,6,3.028
20,6,2.993
18,6,2.959
16,6,2.920
14,6,2.884
12,6,2.851
10,6,2.821
8,6,2.807
6,6,2.792
4,6,2.787
2,6,2.775
0,6,2.752
0,8,2.758
2,8,2.752
4,8,2.749
6,8,2.747
8,8,2.753
10,8,2.751
12,8,2.749
14,8,2.747
16,8,2.749
18,8,2.750
20,8,2.755
22,8,2.755
24,8,2.755
26,8,2.759
28,8,2.758
30,8,2.762
32,8,2.763
34,8,2.770
36,8,2.770
38,8,2.777
40,8,2.784
42,8,2.801
44,8,2.814
46,8,2.819
48,8,2.829
50,8,2.833
52,8,2.845
54,8,2.855
56,8,2.860
58,8,2.869
60,8,2.886
62,8,2.907
64,8,2.932
66,8,2.965
68,8,2.985
70,8,3.012
72,8,3.037
74,8,3.060
76,8,3.074
78,8,3.091
80,8,3.106
82,8,3.130
84,8,3.148
86,8,3.163
88,8,3.172
90,8,3.178
92,8,3.181
94,8,3.188
96,8,3.197
98,8,3.208
100,8,3.212
102,8,3.223
104,8,3.235
106,8,3.242
108,8,3.247
110,8,3.246
112,8,3.248
114,8,3.248
116,8,3.253
118,8,3.263
120,8,3.275
122,8,3.285
124,8,3.297
126,8,3.304
128,8,3.313
130,8,3.322
132,8,3.338
134,8,3.352
136,8,3.369
138,8,3.368
140,8,3.373
142,8,3.368
144,8,3.374
146,8,3.372
148,8,3.379
150,8,3.385
150,10,3.405
148,10,3.404
146,10,3.402
144,10,3.402
142,10,3.399
140,10,3.402
138,10,3.406
136,10,3.400
134,10,3.400
132,10,3.402
130,10,3.406
128,10,3.400
126,10,3.401
124,10,3.397
122,10,3.399
120,10,3.398
118,10,3.397
116,10,3.395
114,10,3.393
112,10,3.391
110,10,3.388
108,10,3.387
106,10,3.384
104,10,3.381
102,10,3.377
100,10,3.375
98,10,3.374
96,10,3.371
94,10,3.367
92,10,3.359
90,10,3.353
88,10,3.346
86,10,3.341
84,10,3.334
82,10,3.329
80,10,3.330
78,10,3.325
76,10,3.321
74,10,3.309
72,10,3.299
70,10,3.283
68,10,3.265
66,10,3.258
64,10,3.244
62,10,3.226
60,10,3.213
58,10,3.195
56,10,3.174
54,10,3.151
52,10,3.154
50,10,3.153
48,10,3.152
46,10,3.138
44,10,3.121
42,10,3.107
40,10,3.093
38,10,3.086
36,10,3.070
34,10,3.063
32,10,3.059
30,10,3.040
28,10,3.014
26,10,2.982
24,10,2.952
22,10,2.921
20,10,2.889
18,10,2.852
16,10,2.799
14,10,2.734
12,10,2.700
10,10,2.690
8,10,2.683
6,10,2.677
4,10,2.676
2,10,2.672
0,10,2.648
0,12,2.644
2,12,2.638
4,12,2.641
6,12,2.637
8,12,2.636
10,12,2.637
12,12,2.635
14,12,2.639
16,12,2.642
18,12,2.645
20,12,2.640
22,12,2.642
24,12,2.646
26,12,2.650
28,12,2.655
30,12,2.650
32,12,2.660
34,12,2.662
36,12,2.667
38,12,2.673
40,12,2.689
42,12,2.711
44,12,2.723
46,12,2.729
48,12,2.730
50,12,2.726
52,12,2.733
54,12,2.736
56,12,2.741
58,12,2.746
60,12,2.757
62,12,2.775
64,12,2.820
66,12,2.873
68,12,2.906
70,12,2.931
72,12,2.951
74,12,2.974
76,12,3.003
78,12,3.013
80,12,3.028
82,12,3.061
84,12,3.080
86,12,3.089
88,12,3.103
90,12,3.111
92,12,3.117
94,12,3.113
96,12,3.120
98,12,3.126
100,12,3.133
102,12,3.145
104,12,3.159
106,12,3.167
108,12,3.169
110,12,3.167
112,12,3.165
114,12,3.165
116,12,3.174
118,12,3.190
120,12,3.213
122,12,3.230
124,12,3.244
126,12,3.253
128,12,3.262
130,12,3.271
132,12,3.283
134,12,3.292
136,12,3.302
138,12,3.308
140,12,3.309
142,12,3.312
144,12,3.313
146,12,3.313
148,12,3.316
150,12,3.318
150,14,3.339
148,14,3.341
146,14,3.345
144,14,3.343
142,14,3.341
140,14,3.342
138,14,3.345
136,14,3.345
134,14,3.344
132,14,3.340
130,14,3.339
128,14,3.341
126,14,3.338
124,14,3.338
122,14,3.338
120,14,3.337
118,14,3.333
116,14,3.330
114,14,3.329
112,14,3.327
110,14,3.324
108,14,3.324
106,14,3.323
104,14,3.321
102,14,3.318
100,14,3.314
98,14,3.311
96,14,3.305
94,14,3.301
92,14,3.292
90,14,3.282
88,14,3.280
86,14,3.276
84,14,3.272
82,14,3.269
80,14,3.272
78,14,3.263
76,14,3.250
74,14,3.240
72,14,3.233
70,14,3.218
68,14,3.204
66,14,3.191
64,14,3.175
62,14,3.157
60,14,3.125
58,14,3.096
56,14,3.082
54,14,3.073
52,14,3.062
50,14,3.065
48,14,3.060
46,14,3.051
44,14,3.033
42,14,3.013
40,14,3.005
38,14,2.988
36,14,2.981
34,14,2.969
32,14,2.953
30,14,2.931
28,14,2.903
26,14,2.872
24,14,2.834
22,14,2.802
20,14,2.778
18,14,2.740
16,14,2.664
14,14,2.599
12,14,2.572
10,14,2.567
8,14,2.572
6,14,2.575
4,14,2.581
2,14,2.568
0,14,2.533
0,16,2.532
2,16,2.531
4,16,2.525
6,16,2.525
8,16,2.524
10,16,2.524
12,16,2.525
14,16,2.527
16,16,2.530
18,16,2.530
20,16,2.533
22,16,2.536
24,16,2.542
26,16,2.540
28,16,2.536
30,16,2.544
32,16,2.552
34,16,2.557
36,16,2.565
38,16,2.577
40,16,2.592
42,16,2.612
44,16,2.629
46,16,2.636
48,16,2.637
50,16,2.637
52,16,2.630
54,16,2.633
56,16,2.635
58,16,2.637
60,16,2.647
62,16,2.672
64,16,2.712
66,16,2.764
68,16,2.812
70,16,2.838
72,16,2.857
74,16,2.874
76,16,2.896
78,16,2.920
80,16,2.944
82,16,2.966
84,16,2.984
86,16,3.001
88,16,3.011
90,16,3.025
92,16,3.029
94,16,3.031
96,16,3.040
98,16,3.048
100,16,3.060
102,16,3.075
104,16,3.079
106,16,3.083
108,16,3.092
110,16,3.090
112,16,3.090
114,16,3.085
116,16,3.085
118,16,3.108
120,16,3.130
122,16,3.155
124,16,3.171
126,16,3.183
128,16,3.196
130,16,3.206
132,16,3.224
134,16,3.233
136,16,3.240
138,16,3.247
140,16,3.246
142,16,3.242
144,16,3.250
146,16,3.253
148,16,3.255
150,16,3.258
150,18,3.277
148,18,3.279
146,18,3.280
144,18,3.279
142,18,3.279
140,18,3.281
138,18,3.283
136,18,3.281
134,18,3.280
132,18,3.277
130,18,3.276
128,18,3.282
126,18,3.276
124,18,3.277
122,18,3.277
120,18,3.276
118,18,3.275
116,18,3.270
114,18,3.268
112,18,3.261
110,18,3.261
108,18,3.259
106,18,3.264
104,18,3.260
102,18,3.254
100,18,3.248
98,18,3.242
96,18,3.238
94,18,3.233
92,18,3.230
90,18,3.222
88,18,3.216
86,18,3.208
84,18,3.203
82,18,3.201
80,18,3.197
78,18,3.193
76,18,3.180
74,18,3.168
72,18,3.163
70,18,3.151
68,18,3.131
66,18,3.121
64,18,3.102
62,18,3.074
60,18,3.047
58,18,3.020
56,18,3.005
54,18,2.989
52,18,2.992
50,18,2.989
48,18,2.980
46,18,2.973
44,18,2.956
42,18,2.942
40,18,2.917
38,18,2.909
36,18,2.886
34,18,2.872
32,18,2.849
30,18,2.815
28,18,2.782
26,18,2.744
24,18,2.718
22,18,2.695
20,18,2.673
18,18,2.635
16,18,2.583
14,18,2.541
12,18,2.513
10,18,2.492
8,18,2.494
6,18,2.500
4,18,2.497
2,18,2.474
0,18,2.439
0,20,2.439
2,20,2.433
4,20,2.430
6,20,2.430
8,20,2.433
10,20,2.431
12,20,2.430
14,20,2.436
16,20,2.437
18,20,2.437
20,20,2.447
22,20,2.447
24,20,2.444
26,20,2.448
28,20,2.451
30,20,2.456
32,20,2.458
34,20,2.468
36,20,2.479
38,20,2.484
40,20,2.503
42,20,2.525
44,20,2.540
46,20,2.557
48,20,2.561
50,20,2.556
52,20,2.558
54,20,2.567
56,20,2.573
58,20,2.583
60,20,2.604
62,20,2.637
64,20,2.663
66,20,2.699
68,20,2.730
70,20,2.754
72,20,2.767
74,20,2.777
76,20,2.797
78,20,2.816
80,20,2.850
82,20,2.876
84,20,2.904
86,20,2.907
88,20,2.933
90,20,2.939
92,20,2.949
94,20,2.951
96,20,2.961
98,20,2.975
100,20,2.986
102,20,3.008
104,20,3.011
106,20,3.017
108,20,3.016
110,20,3.021
112,20,3.019
114,20,3.024
116,20,3.036
118,20,3.060
120,20,3.079
122,20,3.103
124,20,3.121
126,20,3.129
128,20,3.137
130,20,3.140
132,20,3.145
134,20,3.154
136,20,3.169
138,20,3.174
140,20,3.177
142,20,3.177
144,20,3.181
146,20,3.184
148,20,3.187
150,20,3.188
150,22,3.210
148,22,3.219
146,22,3.219
144,22,3.215
142,22,3.209
140,22,3.207
138,22,3.212
136,22,3.213
134,22,3.210
132,22,3.214
130,22,3.210
128,22,3.213
126,22,3.211
124,22,3.208
122,22,3.207
120,22,3.206
118,22,3.206
116,22,3.201
114,22,3.203
112,22,3.198
110,22,3.197
108,22,3.197
106,22,3.192
104,22,3.189
102,22,3.182
100,22,3.178
98,22,3.176
96,22,3.168
94,22,3.162
92,22,3.154
90,22,3.145
88,22,3.142
86,22,3.137
84,22,3.134
82,22,3.130
80,22,3.120
78,22,3.108
76,22,3.094
74,22,3.083
72,22,3.078
70,22,3.063
68,22,3.053
66,22,3.044
64,22,3.029
62,22,3.000
60,22,2.970
58,22,2.947
56,22,2.933
54,22,2.931
52,22,2.928
50,22,2.920
48,22,2.905
46,22,2.888
44,22,2.864
42,22,2.841
40,22,2.822
38,22,2.808
36,22,2.785
34,22,2.765
32,22,2.735
30,22,2.702
28,22,2.662
26,22,2.638
24,22,2.623
22,22,2.601
20,22,2.560
18,22,2.522
16,22,2.500
14,22,2.467
12,22,2.444
10,22,2.421
8,22,2.416
6,22,2.407
4,22,2.387
2,22,2.364
0,22,2.337
0,24,2.337
2,24,2.338
4,24,2.335
6,24,2.338
8,24,2.334
10,24,2.333
12,24,2.338
14,24,2.328
16,24,2.334
18,24,2.336
20,24,2.341
22,24,2.344
24,24,2.350
26,24,2.350
28,24,2.351
30,24,2.357
32,24,2.356
34,24,2.364
36,24,2.375
38,24,2.389
40,24,2.415
42,24,2.428
44,24,2.440
46,24,2.458
48,24,2.478
50,24,2.476
52,24,2.480
54,24,2.492
56,24,2.510
58,24,2.526
60,24,2.534
62,24,2.558
64,24,2.588
66,24,2.626
68,24,2.645
70,24,2.658
72,24,2.678
74,24,2.690
76,24,2.708
78,24,2.723
80,24,2.739
82,24,2.767
84,24,2.792
86,24,2.813
88,24,2.829
90,24,2.848
92,24,2.857
94,24,2.869
96,24,2.877
98,24,2.900
100,24,2.914
102,24,2.931
104,24,2.942
106,24,2.952
108,24,2.954
110,24,2.960
112,24,2.965
114,24,2.972
116,24,2.984
118,24,2.998
120,24,3.016
122,24,3.028
124,24,3.039
126,24,3.044
128,24,3.058
130,24,3.064
132,24,3.069
134,24,3.085
136,24,3.098
138,24,3.106
140,24,3.101
142,24,3.102
144,24,3.104
146,24,3.103
148,24,3.096
150,24,3.102
150,26,3.130
148,26,3.132
146,26,3.130
144,26,3.139
142,26,3.131
140,26,3.131
138,26,3.132
136,26,3.133
134,26,3.133
132,26,3.134
130,26,3.132
128,26,3.133
126,26,3.130
124,26,3.129
122,26,3.130
120,26,3.127
118,26,3.125
116,26,3.121
114,26,3.120
112,26,3.120
110,26,3.116
108,26,3.115
106,26,3.115
104,26,3.106
102,26,3.103
100,26,3.101
98,26,3.097
96,26,3.087
94,26,3.077
92,26,3.066
90,26,3.068
88,26,3.064
86,26,3.062
84,26,3.057
82,26,3.050
80,26,3.037
78,26,3.032
76,26,3.020
74,26,3.003
72,26,2.989
70,26,2.973
68,26,2.964
66,26,2.951
64,26,2.936
62,26,2.918
60,26,2.899
58,26,2.883
56,26,2.868
54,26,2.853
52,26,2.846
50,26,2.834
48,26,2.815
46,26,2.794
44,26,2.759
42,26,2.746
40,26,2.725
38,26,2.700
36,26,2.682
34,26,2.653
32,26,2.617
30,26,2.582
28,26,2.558
26,26,2.542
24,26,2.520
22,26,2.499
20,26,2.471
18,26,2.442
16,26,2.408
14,26,2.373
12,26,2.350
10,26,2.336
8,26,2.320
6,26,2.303
4,26,2.284
2,26,2.259
0,26,2.242
0,28,2.242
2,28,2.239
4,28,2.237
6,28,2.234
8,28,2.236
10,28,2.240
12,28,2.244
14,28,2.245
16,28,2.242
18,28,2.244
20,28,2.249
22,28,2.251
24,28,2.249
26,28,2.251
28,28,2.261
30,28,2.263
32,28,2.267
34,28,2.274
36,28,2.282
38,28,2.296
40,28,2.311
42,28,2.330
44,28,2.344
46,28,2.360
48,28,2.370
50,28,2.380
52,28,2.391
54,28,2.402
56,28,2.418
58,28,2.437
60,28,2.460
62,28,2.484
64,28,2.501
66,28,2.521
68,28,2.540
70,28,2.559
72,28,2.577
74,28,2.594
76,28,2.616
78,28,2.628
80,28,2.643
82,28,2.664
84,28,2.684
86,28,2.710
88,28,2.733
90,28,2.754
92,28,2.768
94,28,2.779
96,28,2.793
98,28,2.806
100,28,2.823
102,28,2.837
104,28,2.852
106,28,2.866
108,28,2.877
110,28,2.888
112,28,2.897
114,28,2.904
116,28,2.916
118,28,2.932
120,28,2.935
122,28,2.945
124,28,2.955
126,28,2.961
128,28,2.970
130,28,2.980
132,28,2.987
134,28,3.001
136,28,3.007
138,28,3.016
140,28,3.027
142,28,3.029
144,28,3.034
146,28,3.034
148,28,3.034
150,28,3.032
150,30,3.056
148,30,3.053
146,30,3.055
144,30,3.055
142,30,3.057
140,30,3.060
138,30,3.057
136,30,3.061
134,30,3.057
132,30,3.057
130,30,3.055
128,30,3.058
126,30,3.054
124,30,3.056
122,30,3.057
120,30,3.053
118,30,3.049
116,30,3.047
114,30,3.048
112,30,3.043
110,30,3.041
108,30,3.041
106,30,3.038
104,30,3.032
102,30,3.026
100,30,3.020
98,30,3.020
96,30,3.012
94,30,3.004
92,30,3.000
90,30,2.997
88,30,2.994
86,30,2.984
84,30,2.979
82,30,2.968
80,30,2.956
78,30,2.939
76,30,2.923
74,30,2.909
72,30,2.894
70,30,2.884
68,30,2.871
66,30,2.855
64,30,2.843
62,30,2.832
60,30,2.815
58,30,2.799
56,30,2.779
54,30,2.761
52,30,2.745
50,30,2.725
48,30,2.705
46,30,2.685
44,30,2.674
42,30,2.653
40,30,2.629
38,30,2.600
36,30,2.566
34,30,2.536
32,30,2.502
30,30,2.478
28,30,2.458
26,30,2.432
24,30,2.405
22,30,2.387
20,30,2.368
18,30,2.344
16,30,2.322
14,30,2.289
12,30,2.265
10,30,2.246
8,30,2.241
6,30,2.220
4,30,2.194
2,30,2.175
0,30,2.150
0,32,2.160
2,32,2.154
4,32,2.155
6,32,2.154
8,32,2.155
10,32,2.149
12,32,2.153
14,32,2.157
16,32,2.160
18,32,2.160
20,32,2.160
22,32,2.160
24,32,2.161
26,32,2.166
28,32,2.171
30,32,2.173
32,32,2.176
34,32,2.191
36,32,2.198
38,32,2.213
40,32,2.227
42,32,2.244
44,32,2.263
46,32,2.282
48,32,2.294
50,32,2.306
52,32,2.316
54,32,2.326
56,32,2.339
58,32,2.353
60,32,2.379
62,32,2.403
64,32,2.417
66,32,2.433
68,32,2.442
70,32,2.454
72,32,2.474
74,32,2.498
76,32,2.523
78,32,2.539
80,32,2.551
82,32,2.559
84,32,2.580
86,32,2.605
88,32,2.640
90,32,2.664
92,32,2.684
94,32,2.703
96,32,2.716
98,32,2.724
100,32,2.735
102,32,2.743
104,32,2.753
106,32,2.764
108,32,2.780
110,32,2.793
112,32,2.799
114,32,2.811
116,32,2.827
118,32,2.844
120,32,2.855
122,32,2.863
124,32,2.873
126,32,2.882
128,32,2.892
130,32,2.899
132,32,2.905
134,32,2.911
136,32,2.917
138,32,2.923
140,32,2.935
142,32,2.940
144,32,2.953
146,32,2.963
148,32,2.960
150,32,2.968
150,34,2.989
148,34,2.990
146,34,2.996
144,34,2.995
142,34,2.993
140,34,2.993
138,34,2.994
136,34,2.989
134,34,2.992
132,34,2.985
130,34,2.987
128,34,2.991
126,34,2.992
124,34,2.986
122,34,2.983
120,34,2.983
118,34,2.985
116,34,2.983
114,34,2.979
112,34,2.979
110,34,2.976
108,34,2.974
106,34,2.972
104,34,2.965
102,34,2.959
100,34,2.951
98,34,2.950
96,34,2.947
94,34,2.939
92,34,2.922
90,34,2.918
88,34,2.907
86,34,2.896
84,34,2.883
82,34,2.869
80,34,2.856
78,34,2.841
76,34,2.833
74,34,2.824
72,34,2.813
70,34,2.804
68,34,2.789
66,34,2.773
64,34,2.752
62,34,2.730
60,34,2.706
58,34,2.687
56,34,2.675
54,34,2.653
52,34,2.635
50,34,2.623
48,34,2.611
46,34,2.600
44,34,2.587
42,34,2.564
40,34,2.532
38,34,2.493
36,34,2.458
34,34,2.428
32,34,2.408
30,34,2.391
28,34,2.362
26,34,2.339
24,34,2.307
22,34,2.289
20,34,2.274
18,34,2.257
16,34,2.232
14,34,2.212
12,34,2.205
10,34,2.201
8,34,2.179
6,34,2.153
4,34,2.123
2,34,2.093
0,34,2.065
0,36,2.058
2,36,2.056
4,36,2.056
6,36,2.058
8,36,2.059
10,36,2.062
12,36,2.063
14,36,2.064
16,36,2.064
18,36,2.062
20,36,2.064
22,36,2.066
24,36,2.069
26,36,2.071
28,36,2.073
30,36,2.079
32,36,2.081
34,36,2.098
36,36,2.104
38,36,2.127
40,36,2.150
42,36,2.172
44,36,2.188
46,36,2.215
48,36,2.232
50,36,2.245
52,36,2.256
54,36,2.268
56,36,2.275
58,36,2.289
60,36,2.300
62,36,2.315
64,36,2.326
66,36,2.342
68,36,2.352
70,36,2.359
72,36,2.376
74,36,2.398
76,36,2.423
78,36,2.438
80,36,2.456
82,36,2.475
84,36,2.496
86,36,2.516
88,36,2.541
90,36,2.569
92,36,2.595
94,36,2.619
96,36,2.635
98,36,2.646
100,36,2.653
102,36,2.655
104,36,2.666
106,36,2.663
108,36,2.670
110,36,2.683
112,36,2.689
114,36,2.705
116,36,2.721
118,36,2.736
120,36,2.754
122,36,2.770
124,36,2.789
126,36,2.793
128,36,2.800
130,36,2.799
132,36,2.797
134,36,2.800
136,36,2.805
138,36,2.815
140,36,2.823
142,36,2.825
144,36,2.835
146,36,2.843
148,36,2.861
150,36,2.869
150,38,2.901
148,38,2.896
146,38,2.900
144,38,2.895
142,38,2.899
140,38,2.904
138,38,2.904
136,38,2.903
134,38,2.905
132,38,2.908
130,38,2.903
128,38,2.902
126,38,2.896
124,38,2.890
122,38,2.895
120,38,2.895
118,38,2.896
116,38,2.894
114,38,2.892
112,38,2.885
110,38,2.882
108,38,2.880
106,38,2.879
104,38,2.878
102,38,2.871
100,38,2.860
98,38,2.850
96,38,2.845
94,38,2.830
92,38,2.819
90,38,2.798
88,38,2.778
86,38,2.762
84,38,2.757
82,38,2.741
80,38,2.731
78,38,2.728
76,38,2.723
74,38,2.719
72,38,2.712
70,38,2.700
68,38,2.683
66,38,2.660
64,38,2.642
62,38,2.617
60,38,2.591
58,38,2.581
56,38,2.566
54,38,2.558
52,38,2.549
50,38,2.546
48,38,2.535
46,38,2.520
44,38,2.501
42,38,2.473
40,38,2.432
38,38,2.389
36,38,2.367
34,38,2.339
32,38,2.314
30,38,2.285
28,38,2.262
26,38,2.237
24,38,2.217
22,38,2.207
20,38,2.192
18,38,2.175
16,38,2.163
14,38,2.141
12,38,2.139
10,38,2.125
8,38,2.096
6,38,2.068
4,38,2.033
2,38,1.994
0,38,1.966
0,40,1.964
2,40,1.963
4,40,1.961
6,40,1.958
8,40,1.960
10,40,1.960
12,40,1.959
14,40,1.962
16,40,1.961
18,40,1.962
20,40,1.962
22,40,1.964
24,40,1.967
26,40,1.970
28,40,1.976
30,40,1.978
32,40,1.984
34,40,1.996
36,40,2.012
38,40,2.030
40,40,2.052
42,40,2.076
44,40,2.102
46,40,2.121
48,40,2.143
50,40,2.165
52,40,2.178
54,40,2.190
56,40,2.200
58,40,2.206
60,40,2.212
62,40,2.227
64,40,2.234
66,40,2.251
68,40,2.259
70,40,2.274
72,40,2.286
74,40,2.301
76,40,2.319
78,40,2.340
80,40,2.361
82,40,2.384
84,40,2.404
86,40,2.419
88,40,2.439
90,40,2.458
92,40,2.489
94,40,2.522
96,40,2.544
98,40,2.563
100,40,2.569
102,40,2.580
104,40,2.585
106,40,2.587
108,40,2.587
110,40,2.587
112,40,2.593
114,40,2.599
116,40,2.611
118,40,2.629
120,40,2.645
122,40,2.661
124,40,2.674
126,40,2.680
128,40,2.683
130,40,2.676
132,40,2.673
134,40,2.659
136,40,2.642
138,40,2.635
140,40,2.636
142,40,2.659
144,40,2.685
146,40,2.703
148,40,2.726
150,40,2.752
150,42,2.779
148,42,2.782
146,42,2.783
144,42,2.784
142,42,2.785
140,42,2.782
138,42,2.786
136,42,2.785
134,42,2.783
132,42,2.782
130,42,2.779
128,42,2.780
126,42,2.780
124,42,2.785
122,42,2.781
120,42,2.779
118,42,2.777
116,42,2.771
114,42,2.770
112,42,2.771
110,42,2.774
108,42,2.768
106,42,2.761
104,42,2.759
102,42,2.755
100,42,2.747
98,42,2.729
96,42,2.712
94,42,2.699
92,42,2.670
90,42,2.639
88,42,2.611
86,42,2.586
84,42,2.561
82,42,2.557
80,42,2.567
78,42,2.587
76,42,2.588
74,42,2.594
72,42,2.596
70,42,2.589
68,42,2.571
66,42,2.544
64,42,2.528
62,42,2.506
60,42,2.493
58,42,2.484
56,42,2.472
54,42,2.479
52,42,2.477
50,42,2.461
48,42,2.441
46,42,2.413
44,42,2.387
42,42,2.339
40,42,2.299
38,42,2.278
36,42,2.256
34,42,2.239
32,42,2.213
30,42,2.193
28,42,2.171
26,42,2.155
24,42,2.135
22,42,2.113
20,42,2.098
18,42,2.085
16,42,2.073
14,42,2.052
12,42,2.032
10,42,2.012
8,42,1.996
6,42,1.975
4,42,1.946
2,42,1.915
0,42,1.887
0,44,1.893
2,44,1.890
4,44,1.889
6,44,1.888
8,44,1.888
10,44,1.888
12,44,1.891
14,44,1.890
16,44,1.889
18,44,1.888
20,44,1.888
22,44,1.893
24,44,1.892
26,44,1.894
28,44,1.899
30,44,1.904
32,44,1.908
34,44,1.917
36,44,1.932
38,44,1.953
40,44,1.972
42,44,1.994
44,44,2.012
46,44,2.027
48,44,2.039
50,44,2.052
52,44,2.065
54,44,2.080
56,44,2.100
58,44,2.114
60,44,2.129
62,44,2.142
64,44,2.149
66,44,2.160
68,44,2.174
70,44,2.191
72,44,2.202
74,44,2.217
76,44,2.233
78,44,2.247
80,44,2.265
82,44,2.277
84,44,2.295
86,44,2.303
88,44,2.315
90,44,2.330
92,44,2.351
94,44,2.382
96,44,2.423
98,44,2.451
100,44,2.472
102,44,2.487
104,44,2.497
106,44,2.500
108,44,2.498
110,44,2.495
112,44,2.497
114,44,2.503
116,44,2.517
118,44,2.524
120,44,2.540
122,44,2.554
124,44,2.568
126,44,2.571
128,44,2.568
130,44,2.550
132,44,2.528
134,44,2.499
136,44,2.465
138,44,2.443
140,44,2.445
142,44,2.461
144,44,2.501
146,44,2.539
148,44,2.576
150,44,2.616
150,46,2.648
148,46,2.652
146,46,2.655
144,46,2.658
142,46,2.659
140,46,2.662
138,46,2.656
136,46,2.660
134,46,2.660
132,46,2.655
130,46,2.660
128,46,2.653
126,46,2.655
124,46,2.653
122,46,2.655
120,46,2.652
118,46,2.651
116,46,2.645
114,46,2.643
112,46,2.646
110,46,2.643
108,46,2.638
106,46,2.636
104,46,2.628
102,46,2.620
100,46,2.604
98,46,2.592
96,46,2.560
94,46,2.529
92,46,2.489
90,46,2.446
88,46,2.415
86,46,2.394
84,46,2.396
82,46,2.405
80,46,2.432
78,46,2.458
76,46,2.480
74,46,2.496
72,46,2.495
70,46,2.489
68,46,2.467
66,46,2.452
64,46,2.433
62,46,2.416
60,46,2.403
58,46,2.394
56,46,2.395
54,46,2.394
52,46,2.385
50,46,2.361
48,46,2.337
46,46,2.290
44,46,2.241
42,46,2.203
40,46,2.172
38,46,2.164
36,46,2.151
34,46,2.147
32,46,2.128
30,46,2.109
28,46,2.088
26,46,2.069
24,46,2.059
22,46,2.049
20,46,2.031
18,46,2.002
16,46,1.982
14,46,1.964
12,46,1.946
10,46,1.928
8,46,1.904
6,46,1.886
4,46,1.866
2,46,1.841
0,46,1.822
0,48,1.827
2,48,1.821
4,48,1.822
6,48,1.817
8,48,1.817
10,48,1.819
12,48,1.819
14,48,1.821
16,48,1.818
18,48,1.819
20,48,1.818
22,48,1.821
24,48,1.822
26,48,1.824
28,48,1.828
30,48,1.832
32,48,1.839
34,48,1.846
36,48,1.857
38,48,1.876
40,48,1.891
42,48,1.907
44,48,1.921
46,48,1.934
48,48,1.950
50,48,1.970
52,48,1.979
54,48,1.987
56,48,2.003
58,48,2.023
60,48,2.046
62,48,2.066
64,48,2.084
66,48,2.099
68,48,2.111
70,48,2.120
72,48,2.123
74,48,2.138
76,48,2.147
78,48,2.160
80,48,2.179
82,48,2.195
84,48,2.206
86,48,2.210
88,48,2.217
90,48,2.224
92,48,2.241
94,48,2.275
96,48,2.316
98,48,2.352
100,48,2.379
102,48,2.393
104,48,2.409
106,48,2.419
108,48,2.422
110,48,2.422
112,48,2.419
114,48,2.424
116,48,2.434
118,48,2.445
120,48,2.460
122,48,2.476
124,48,2.491
126,48,2.495
128,48,2.494
130,48,2.489
132,48,2.475
134,48,2.451
136,48,2.428
138,48,2.407
140,48,2.394
142,48,2.399
144,48,2.417
146,48,2.443
148,48,2.475
150,48,2.513
150,50,2.549
148,50,2.551
146,50,2.548
144,50,2.550
142,50,2.554
140,50,2.553
138,50,2.551
136,50,2.554
134,50,2.555
132,50,2.554
130,50,2.557
128,50,2.554
126,50,2.551
124,50,2.549
122,50,2.549
120,50,2.549
118,50,2.546
116,50,2.543
114,50,2.541
112,50,2.542
110,50,2.539
108,50,2.536
106,50,2.534
104,50,2.531
102,50,2.522
100,50,2.508
98,50,2.489
96,50,2.465
94,50,2.442
92,50,2.420
90,50,2.401
88,50,2.385
86,50,2.378
84,50,2.386
82,50,2.399
80,50,2.417
78,50,2.430
76,50,2.439
74,50,2.440
72,50,2.432
70,50,2.418
68,50,2.395
66,50,2.376
64,50,2.359
62,50,2.346
60,50,2.334
58,50,2.324
56,50,2.316
54,50,2.305
52,50,2.291
50,50,2.273
48,50,2.245
46,50,2.206
44,50,2.167
42,50,2.135
40,50,2.117
38,50,2.106
36,50,2.091
34,50,2.066
32,50,2.043
30,50,2.025
28,50,2.016
26,50,2.008
24,50,2.003
22,50,1.990
20,50,1.972
18,50,1.944
16,50,1.918
14,50,1.889
12,50,1.875
10,50,1.862
8,50,1.840
6,50,1.819
4,50,1.797
2,50,1.766
0,50,1.727
0,52,1.723
2,52,1.718
4,52,1.717
6,52,1.715
8,52,1.718
10,52,1.717
12,52,1.720
14,52,1.717
16,52,1.718
18,52,1.719
20,52,1.719
22,52,1.722
24,52,1.725
26,52,1.726
28,52,1.728
30,52,1.734
32,52,1.746
34,52,1.759
36,52,1.778
38,52,1.798
40,52,1.819
42,52,1.836
44,52,1.848
46,52,1.866
48,52,1.882
50,52,1.895
52,52,1.907
54,52,1.918
56,52,1.938
58,52,1.959
60,52,1.979
62,52,2.000
64,52,2.022
66,52,2.039
68,52,2.044
70,52,2.053
72,52,2.057
74,52,2.069
76,52,2.082
78,52,2.087
80,52,2.103
82,52,2.128
84,52,2.148
86,52,2.155
88,52,2.166
90,52,2.180
92,52,2.204
94,52,2.226
96,52,2.251
98,52,2.280
100,52,2.299
102,52,2.320
104,52,2.328
106,52,2.337
108,52,2.350
110,52,2.355
112,52,2.358
114,52,2.370
116,52,2.382
118,52,2.391
120,52,2.403
122,52,2.414
124,52,2.424
126,52,2.436
128,52,2.441
130,52,2.438
132,52,2.437
134,52,2.437
136,52,2.438
138,52,2.442
140,52,2.442
142,52,2.441
144,52,2.447
146,52,2.458
148,52,2.474
150,52,2.484
150,54,2.514
148,54,2.511
146,54,2.510
144,54,2.516
142,54,2.518
140,54,2.517
138,54,2.517
136,54,2.517
134,54,2.520
132,54,2.519
130,54,2.519
128,54,2.522
126,54,2.518
124,54,2.516
122,54,2.521
120,54,2.518
118,54,2.515
116,54,2.514
114,54,2.506
112,54,2.501
110,54,2.500
108,54,2.503
106,54,2.494
104,54,2.482
102,54,2.485
100,54,2.473
98,54,2.459
96,54,2.454
94,54,2.447
92,54,2.436
90,54,2.434
88,54,2.420
86,54,2.407
84,54,2.404
82,54,2.409
80,54,2.397
78,54,2.385
76,54,2.380
74,54,2.370
72,54,2.355
70,54,2.353
68,54,2.343
66,54,2.316
64,54,2.306
62,54,2.286
60,54,2.269
58,54,2.257
56,54,2.238
54,54,2.223
52,54,2.205
50,54,2.190
48,54,2.172
46,54,2.145
44,54,2.117
42,54,2.092
40,54,2.073
38,54,2.053
36,54,2.031
34,54,2.008
32,54,1.985
30,54,1.967
28,54,1.949
26,54,1.938
24,54,1.935
22,54,1.917
20,54,1.889
18,54,1.869
16,54,1.843
14,54,1.821
12,54,1.807
10,54,1.792
8,54,1.776
6,54,1.746
4,54,1.703
2,54,1.625
0,54,1.529
0,56,1.510
2,56,1.506
4,56,1.504
6,56,1.502
8,56,1.503
10,56,1.504
12,56,1.504
14,56,1.505
16,56,1.507
18,56,1.506
20,56,1.504
22,56,1.506
24,56,1.509
26,56,1.513
28,56,1.519
30,56,1.531
32,56,1.552
34,56,1.586
36,56,1.638
38,56,1.685
40,56,1.729
42,56,1.769
44,56,1.785
46,56,1.805
48,56,1.821
50,56,1.838
52,56,1.844
54,56,1.851
56,56,1.862
58,56,1.879
60,56,1.903
62,56,1.926
64,56,1.944
66,56,1.959
68,56,1.975
70,56,1.981
72,56,1.989
74,56,2.000
76,56,2.015
78,56,2.032
80,56,2.050
82,56,2.069
84,56,2.089
86,56,2.108
88,56,2.124
90,56,2.145
92,56,2.160
94,56,2.173
96,56,2.189
98,56,2.212
100,56,2.224
102,56,2.231
104,56,2.237
106,56,2.247
108,56,2.263
110,56,2.283
112,56,2.298
114,56,2.302
116,56,2.311
118,56,2.322
120,56,2.330
122,56,2.344
124,56,2.349
126,56,2.356
128,56,2.363
130,56,2.369
132,56,2.374
134,56,2.383
136,56,2.392
138,56,2.398
140,56,2.405
142,56,2.409
144,56,2.422
146,56,2.428
148,56,2.434
150,56,2.443
150,58,2.472
148,58,2.475
146,58,2.470
144,58,2.472
142,58,2.471
140,58,2.479
138,58,2.479
136,58,2.477
134,58,2.475
132,58,2.470
130,58,2.478
128,58,2.477
126,58,2.478
124,58,2.478
122,58,2.474
120,58,2.472
118,58,2.472
116,58,2.472
114,58,2.469
112,58,2.467
110,58,2.470
108,58,2.463
106,58,2.455
104,58,2.454
102,58,2.448
100,58,2.438
98,58,2.434
96,58,2.419
94,58,2.411
92,58,2.397
90,58,2.382
88,58,2.372
86,58,2.363
84,58,2.344
82,58,2.340
80,58,2.328
78,58,2.320
76,58,2.315
74,58,2.302
72,58,2.279
70,58,2.269
68,58,2.256
66,58,2.243
64,58,2.231
62,58,2.219
60,58,2.196
58,58,2.169
56,58,2.147
54,58,2.133
52,58,2.124
50,58,2.112
48,58,2.098
46,58,2.081
44,58,2.059
42,58,2.039
40,58,2.015
38,58,1.995
36,58,1.971
34,58,1.953
32,58,1.937
30,58,1.917
28,58,1.903
26,58,1.880
24,58,1.866
22,58,1.851
20,58,1.831
18,58,1.807
16,58,1.779
14,58,1.767
12,58,1.756
10,58,1.740
8,58,1.713
6,58,1.664
4,58,1.579
2,58,1.439
0,58,1.352
0,60,1.356
2,60,1.356
4,60,1.354
6,60,1.352
8,60,1.347
10,60,1.347
12,60,1.349
14,60,1.350
16,60,1.352
18,60,1.352
20,60,1.353
22,60,1.352
24,60,1.352
26,60,1.355
28,60,1.353
30,60,1.356
32,60,1.368
34,60,1.404
36,60,1.465
38,60,1.543
40,60,1.619
42,60,1.672
44,60,1.712
46,60,1.738
48,60,1.761
50,60,1.773
52,60,1.784
54,60,1.793
56,60,1.808
58,60,1.818
60,60,1.834
62,60,1.857
64,60,1.873
66,60,1.891
68,60,1.903
70,60,1.919
72,60,1.935
74,60,1.950
76,60,1.964
78,60,1.977
80,60,1.992
82,60,2.011
84,60,2.025
86,60,2.046
88,60,2.065
90,60,2.086
92,60,2.100
94,60,2.111
96,60,2.125
98,60,2.141
100,60,2.148
102,60,2.146
104,60,2.152
106,60,2.166
108,60,2.183
110,60,2.198
112,60,2.219
114,60,2.238
116,60,2.249
118,60,2.254
120,60,2.261
122,60,2.268
124,60,2.275
126,60,2.279
128,60,2.289
130,60,2.294
132,60,2.302
134,60,2.306
136,60,2.314
138,60,2.317
140,60,2.328
142,60,2.338
144,60,2.346
146,60,2.359
148,60,2.367
150,60,2.382
150,62,2.404
148,62,2.402
146,62,2.408
144,62,2.412
142,62,2.408
140,62,2.407
138,62,2.409
136,62,2.412
134,62,2.414
132,62,2.414
130,62,2.412
128,62,2.409
126,62,2.411
124,62,2.411
122,62,2.412
120,62,2.410
118,62,2.421
116,62,2.397
114,62,2.402
112,62,2.400
110,62,2.396
108,62,2.396
106,62,2.392
104,62,2.385
102,62,2.382
100,62,2.370
98,62,2.354
96,62,2.336
94,62,2.338
92,62,2.315
90,62,2.297
88,62,2.287
86,62,2.273
84,62,2.262
82,62,2.252
80,62,2.248
78,62,2.237
76,62,2.229
74,62,2.217
72,62,2.200
70,62,2.191
68,62,2.180
66,62,2.169
64,62,2.151
62,62,2.125
60,62,2.102
58,62,2.075
56,62,2.061
54,62,2.045
52,62,2.032
50,62,2.025
48,62,2.012
46,62,2.004
44,62,1.983
42,62,1.956
40,62,1.934
38,62,1.913
36,62,1.894
34,62,1.881
32,62,1.871
30,62,1.853
28,62,1.835
26,62,1.817
24,62,1.799
22,62,1.779
20,62,1.761
18,62,1.747
16,62,1.732
14,62,1.720
12,62,1.701
10,62,1.683
8,62,1.657
6,62,1.617
4,62,1.552
2,62,1.469
0,62,1.429
0,64,1.452
2,64,1.452
4,64,1.451
6,64,1.450
8,64,1.449
10,64,1.449
12,64,1.449
14,64,1.447
16,64,1.447
18,64,1.446
20,64,1.446
22,64,1.447
24,64,1.447
26,64,1.448
28,64,1.448
30,64,1.446
32,64,1.448
34,64,1.463
36,64,1.501
38,64,1.551
40,64,1.600
42,64,1.637
44,64,1.663
46,64,1.683
48,64,1.704
50,64,1.724
52,64,1.731
54,64,1.744
56,64,1.757
58,64,1.768
60,64,1.779
62,64,1.790
64,64,1.801
66,64,1.825
68,64,1.837
70,64,1.849
72,64,1.859
74,64,1.878
76,64,1.894
78,64,1.909
80,64,1.920
82,64,1.929
84,64,1.945
86,64,1.960
88,64,1.980
90,64,1.997
92,64,2.010
94,64,2.024
96,64,2.035
98,64,2.047
100,64,2.050
102,64,2.053
104,64,2.061
106,64,2.074
108,64,2.088
110,64,2.107
112,64,2.135
114,64,2.153
116,64,2.161
118,64,2.169
120,64,2.176
122,64,2.190
124,64,2.199
126,64,2.202
128,64,2.210
130,64,2.217
132,64,2.219
134,64,2.226
136,64,2.224
138,64,2.225
140,64,2.236
142,64,2.246
144,64,2.258
146,64,2.276
148,64,2.290
150,64,2.303
150,66,2.327
148,66,2.322
146,66,2.325
144,66,2.330
142,66,2.335
140,66,2.331
138,66,2.326
136,66,2.333
134,66,2.335
132,66,2.330
130,66,2.327
128,66,2.327
126,66,2.336
124,66,2.329
122,66,2.325
120,66,2.329
118,66,2.325
116,66,2.333
114,66,2.328
112,66,2.321
110,66,2.320
108,66,2.321
106,66,2.320
104,66,2.306
102,66,2.290
100,66,2.278
98,66,2.265
96,66,2.248
94,66,2.230
92,66,2.213
90,66,2.206
88,66,2.192
86,66,2.183
84,66,2.181
82,66,2.173
80,66,2.171
78,66,2.161
76,66,2.155
74,66,2.139
72,66,2.125
70,66,2.117
68,66,2.102
66,66,2.081
64,66,2.062
62,66,2.041
60,66,2.016
58,66,1.988
56,66,1.968
54,66,1.957
52,66,1.951
50,66,1.943
48,66,1.932
46,66,1.911
44,66,1.896
42,66,1.879
40,66,1.855
38,66,1.843
36,66,1.834
34,66,1.826
32,66,1.803
30,66,1.776
28,66,1.752
26,66,1.740
24,66,1.730
22,66,1.723
20,66,1.713
18,66,1.696
16,66,1.685
14,66,1.679
12,66,1.667
10,66,1.654
8,66,1.637
6,66,1.617
4,66,1.590
2,66,1.566
0,66,1.564
0,68,1.574
2,68,1.573
4,68,1.573
6,68,1.572
8,68,1.572
10,68,1.572
12,68,1.572
14,68,1.571
16,68,1.571
18,68,1.571
20,68,1.570
22,68,1.570
24,68,1.572
26,68,1.572
28,68,1.569
30,68,1.568
32,68,1.570
34,68,1.574
36,68,1.584
38,68,1.601
40,68,1.621
42,68,1.637
44,68,1.651
46,68,1.663
48,68,1.672
50,68,1.682
52,68,1.695
54,68,1.698
56,68,1.704
58,68,1.716
60,68,1.731
62,68,1.742
64,68,1.748
66,68,1.754
68,68,1.761
70,68,1.764
72,68,1.777
74,68,1.799
76,68,1.826
78,68,1.849
80,68,1.863
82,68,1.872
84,68,1.882
86,68,1.892
88,68,1.906
90,68,1.919
92,68,1.935
94,68,1.949
96,68,1.961
98,68,1.968
100,68,1.972
102,68,1.976
104,68,1.991
106,68,2.004
108,68,2.024
110,68,2.046
112,68,2.059
114,68,2.074
116,68,2.087
118,68,2.097
120,68,2.108
122,68,2.116
124,68,2.124
126,68,2.131
128,68,2.138
130,68,2.141
132,68,2.149
134,68,2.149
136,68,2.150
138,68,2.152
140,68,2.155
142,68,2.159
144,68,2.174
146,68,2.193
148,68,2.202
150,68,2.215
150,70,2.232
148,70,2.236
146,70,2.241
144,70,2.242
142,70,2.244
140,70,2.247
138,70,2.247
136,70,2.245
134,70,2.248
132,70,2.250
130,70,2.252
128,70,2.249
126,70,2.244
124,70,2.240
122,70,2.249
120,70,2.249
118,70,2.246
116,70,2.240
114,70,2.239
112,70,2.235
110,70,2.231
108,70,2.228
106,70,2.224
104,70,2.217
102,70,2.206
100,70,2.191
98,70,2.179
96,70,2.164
94,70,2.156
92,70,2.138
90,70,2.130
88,70,2.126
86,70,2.112
84,70,2.109
82,70,2.106
80,70,2.093
78,70,2.078
76,70,2.065
74,70,2.058
72,70,2.049
70,70,2.036
68,70,2.022
66,70,2.009
64,70,1.993
62,70,1.971
60,70,1.953
58,70,1.928
56,70,1.909
54,70,1.895
52,70,1.886
50,70,1.875
48,70,1.862
46,70,1.849
44,70,1.832
42,70,1.816
40,70,1.804
38,70,1.791
36,70,1.782
34,70,1.761
32,70,1.724
30,70,1.695
28,70,1.684
26,70,1.685
24,70,1.688
22,70,1.685
20,70,1.674
18,70,1.662
16,70,1.653
14,70,1.651
12,70,1.643
10,70,1.634
8,70,1.626
6,70,1.618
4,70,1.609
2,70,1.604
0,70,1.600
0,72,1.600
2,72,1.600
4,72,1.600
6,72,1.600
8,72,1.600
10,72,1.600
12,72,1.600
14,72,1.599
16,72,1.600
18,72,1.599
20,72,1.599
22,72,1.599
24,72,1.599
26,72,1.600
28,72,1.601
30,72,1.602
32,72,1.604
34,72,1.606
36,72,1.610
38,72,1.616
40,72,1.623
42,72,1.630
44,72,1.635
46,72,1.643
48,72,1.650
50,72,1.658
52,72,1.665
54,72,1.672
56,72,1.675
58,72,1.684
60,72,1.695
62,72,1.703
64,72,1.708
66,72,1.708
68,72,1.709
70,72,1.707
72,72,1.716
74,72,1.736
76,72,1.762
78,72,1.792
80,72,1.812
82,72,1.826
84,72,1.834
86,72,1.845
88,72,1.858
90,72,1.869
92,72,1.882
94,72,1.895
96,72,1.906
98,72,1.914
100,72,1.919
102,72,1.930
104,72,1.940
106,72,1.956
108,72,1.976
110,72,1.987
112,72,1.998
114,72,2.012
116,72,2.024
118,72,2.027
120,72,2.032
122,72,2.039
124,72,2.041
126,72,2.049
128,72,2.055
130,72,2.066
132,72,2.079
134,72,2.082
136,72,2.079
138,72,2.082
140,72,2.089
142,72,2.103
144,72,2.112
146,72,2.120
148,72,2.136
150,72,2.146
150,74,2.170
148,74,2.173
146,74,2.172
144,74,2.172
142,74,2.176
140,74,2.178
138,74,2.179
136,74,2.181
134,74,2.177
132,74,2.178
130,74,2.179
128,74,2.180
126,74,2.180
124,74,2.182
122,74,2.175
120,74,2.171
118,74,2.172
116,74,2.173
114,74,2.171
112,74,2.168
110,74,2.167
108,74,2.159
106,74,2.156
104,74,2.146
102,74,2.138
100,74,2.118
98,74,2.108
96,74,2.096
94,74,2.080
92,74,2.071
90,74,2.056
88,74,2.050
86,74,2.041
84,74,2.033
82,74,2.022
80,74,2.001
78,74,1.988
76,74,1.981
74,74,1.974
72,74,1.970
70,74,1.960
68,74,1.948
66,74,1.939
64,74,1.928
62,74,1.912
60,74,1.897
58,74,1.882
56,74,1.864
54,74,1.848
52,74,1.845
50,74,1.832
48,74,1.821
46,74,1.805
44,74,1.786
42,74,1.768
40,74,1.753
38,74,1.746
36,74,1.731
34,74,1.706
32,74,1.679
30,74,1.658
28,74,1.650
26,74,1.652
24,74,1.654
22,74,1.649
20,74,1.643
18,74,1.638
16,74,1.632
14,74,1.625
12,74,1.617
10,74,1.612
8,74,1.612
6,74,1.612
4,74,1.610
2,74,1.608
0,74,1.608
0,76,1.609
2,76,1.609
4,76,1.609
6,76,1.608
8,76,1.608
10,76,1.608
12,76,1.608
14,76,1.608
16,76,1.608
18,76,1.608
20,76,1.607
22,76,1.607
24,76,1.607
26,76,1.606
28,76,1.606
30,76,1.606
32,76,1.606
34,76,1.607
36,76,1.610
38,76,1.613
40,76,1.615
42,76,1.616
44,76,1.616
46,76,1.617
48,76,1.622
50,76,1.629
52,76,1.638
54,76,1.643
56,76,1.650
58,76,1.656
60,76,1.661
62,76,1.665
64,76,1.672
66,76,1.675
68,76,1.674
70,76,1.678
72,76,1.688
74,76,1.700
76,76,1.722
78,76,1.745
80,76,1.763
82,76,1.775
84,76,1.786
86,76,1.796
88,76,1.810
90,76,1.827
92,76,1.841
94,76,1.852
96,76,1.862
98,76,1.870
100,76,1.874
102,76,1.878
104,76,1.890
106,76,1.905
108,76,1.914
110,76,1.931
112,76,1.942
114,76,1.945
116,76,1.954
118,76,1.967
120,76,1.969
122,76,1.968
124,76,1.965
126,76,1.969
128,76,1.977
130,76,1.984
132,76,1.992
134,76,1.999
136,76,2.005
138,76,2.015
140,76,2.025
142,76,2.036
144,76,2.049
146,76,2.061
148,76,2.074
150,76,2.092
150,78,2.114
148,78,2.116
146,78,2.114
144,78,2.113
142,78,2.113
140,78,2.115
138,78,2.118
136,78,2.120
134,78,2.119
132,78,2.120
130,78,2.117
128,78,2.116
126,78,2.117
124,78,2.118
122,78,2.115
120,78,2.115
118,78,2.116
116,78,2.117
114,78,2.110
112,78,2.113
110,78,2.108
108,78,2.099
106,78,2.087
104,78,2.079
102,78,2.067
100,78,2.054
98,78,2.043
96,78,2.029
94,78,2.015
92,78,2.001
90,78,1.985
88,78,1.971
86,78,1.968
84,78,1.954
82,78,1.940
80,78,1.931
78,78,1.922
76,78,1.915
74,78,1.911
72,78,1.909
70,78,1.902
68,78,1.891
66,78,1.876
64,78,1.856
62,78,1.841
60,78,1.824
58,78,1.810
56,78,1.799
54,78,1.791
52,78,1.787
50,78,1.780
48,78,1.771
46,78,1.756
44,78,1.739
42,78,1.722
40,78,1.707
38,78,1.693
36,78,1.683
34,78,1.670
32,78,1.660
30,78,1.651
28,78,1.638
26,78,1.632
24,78,1.631
22,78,1.626
20,78,1.622
18,78,1.619
16,78,1.616
14,78,1.609
12,78,1.604
10,78,1.604
8,78,1.610
6,78,1.615
4,78,1.614
2,78,1.612
0,78,1.614
0,80,1.613
2,80,1.613
4,80,1.614
6,80,1.613
8,80,1.613
10,80,1.614
12,80,1.613
14,80,1.613
16,80,1.613
18,80,1.613
20,80,1.612
22,80,1.611
24,80,1.611
26,80,1.610
28,80,1.609
30,80,1.608
32,80,1.608
34,80,1.608
36,80,1.610
38,80,1.613
40,80,1.613
42,80,1.611
44,80,1.606
46,80,1.605
48,80,1.607
50,80,1.611
52,80,1.618
54,80,1.622
56,80,1.627
58,80,1.629
60,80,1.633
62,80,1.638
64,80,1.643
66,80,1.649
68,80,1.655
70,80,1.660
72,80,1.671
74,80,1.680
76,80,1.691
78,80,1.701
80,80,1.711
82,80,1.718
84,80,1.730
86,80,1.745
88,80,1.761
90,80,1.777
92,80,1.788
94,80,1.801
96,80,1.807
98,80,1.810
100,80,1.813
102,80,1.816
104,80,1.824
106,80,1.833
108,80,1.838
110,80,1.853
112,80,1.873
114,80,1.888
116,80,1.900
118,80,1.907
120,80,1.912
122,80,1.915
124,80,1.918
126,80,1.921
128,80,1.925
130,80,1.930
132,80,1.940
134,80,1.951
136,80,1.959
138,80,1.965
140,80,1.970
142,80,1.986
144,80,1.993
146,80,2.005
148,80,2.020
150,80,2.023
150,82,2.047
148,82,2.049
146,82,2.046
144,82,2.051
142,82,2.054
140,82,2.055
138,82,2.053
136,82,2.050
134,82,2.053
132,82,2.051
130,82,2.054
128,82,2.057
126,82,2.053
124,82,2.053
122,82,2.054
120,82,2.056
118,82,2.055
116,82,2.048
114,82,2.046
112,82,2.045
110,82,2.045
108,82,2.037
106,82,2.025
104,82,2.015
102,82,2.007
100,82,1.993
98,82,1.980
96,82,1.970
94,82,1.962
92,82,1.953
90,82,1.936
88,82,1.924
86,82,1.915
84,82,1.904
82,82,1.893
80,82,1.885
78,82,1.878
76,82,1.876
74,82,1.865
72,82,1.855
70,82,1.843
68,82,1.827
66,82,1.810
64,82,1.792
62,82,1.778
60,82,1.766
58,82,1.756
56,82,1.752
54,82,1.750
52,82,1.743
50,82,1.736
48,82,1.726
46,82,1.710
44,82,1.688
42,82,1.674
40,82,1.666
38,82,1.660
36,82,1.652
34,82,1.646
32,82,1.640
30,82,1.634
28,82,1.629
26,82,1.622
24,82,1.614
22,82,1.613
20,82,1.612
18,82,1.610
16,82,1.608
14,82,1.605
12,82,1.602
10,82,1.605
8,82,1.615
6,82,1.623
4,82,1.623
2,82,1.624
0,82,1.626
0,84,1.626
2,84,1.626
4,84,1.626
6,84,1.626
8,84,1.626
10,84,1.626
12,84,1.626
14,84,1.627
16,84,1.626
18,84,1.625
20,84,1.624
22,84,1.625
24,84,1.624
26,84,1.621
28,84,1.620
30,84,1.618
32,84,1.616
34,84,1.616
36,84,1.617
38,84,1.617
40,84,1.616
42,84,1.612
44,84,1.605
46,84,1.600
48,84,1.600
50,84,1.604
52,84,1.608
54,84,1.610
56,84,1.614
58,84,1.616
60,84,1.617
62,84,1.621
64,84,1.626
66,84,1.633
68,84,1.639
70,84,1.644
72,84,1.650
74,84,1.656
76,84,1.665
78,84,1.671
80,84,1.678
82,84,1.684
84,84,1.689
86,84,1.699
88,84,1.715
90,84,1.730
92,84,1.743
94,84,1.752
96,84,1.758
98,84,1.764
100,84,1.772
102,84,1.771
104,84,1.776
106,84,1.780
108,84,1.791
110,84,1.804
112,84,1.817
114,84,1.829
116,84,1.841
118,84,1.852
120,84,1.865
122,84,1.875
124,84,1.881
126,84,1.884
128,84,1.884
130,84,1.891
132,84,1.901
134,84,1.911
136,84,1.921
138,84,1.930
140,84,1.934
142,84,1.939
144,84,1.944
146,84,1.951
148,84,1.957
150,84,1.962
150,86,1.981
148,86,1.981
146,86,1.980
144,86,1.985
142,86,1.984
140,86,1.985
138,86,1.989
136,86,1.987
134,86,1.985
132,86,1.987
130,86,1.989
128,86,1.989
126,86,1.985
124,86,1.984
122,86,1.985
120,86,1.983
118,86,1.986
116,86,1.986
114,86,1.980
112,86,1.980
110,86,1.979
108,86,1.974
106,86,1.965
104,86,1.954
102,86,1.947
100,86,1.943
98,86,1.937
96,86,1.925
94,86,1.917
92,86,1.908
90,86,1.899
88,86,1.887
86,86,1.873
84,86,1.865
82,86,1.855
80,86,1.841
78,86,1.838
76,86,1.829
74,86,1.815
72,86,1.803
70,86,1.787
68,86,1.765
66,86,1.750
64,86,1.739
62,86,1.733
60,86,1.729
58,86,1.723
56,86,1.719
54,86,1.710
52,86,1.698
50,86,1.690
48,86,1.678
46,86,1.666
44,86,1.653
42,86,1.649
40,86,1.644
38,86,1.640
36,86,1.634
34,86,1.626
32,86,1.620
30,86,1.616
28,86,1.614
26,86,1.610
24,86,1.609
22,86,1.611
20,86,1.611
18,86,1.611
16,86,1.613
14,86,1.613
12,86,1.613
10,86,1.619
8,86,1.630
6,86,1.636
4,86,1.635
2,86,1.638
0,86,1.648
0,88,1.647
2,88,1.647
4,88,1.647
6,88,1.648
8,88,1.649
10,88,1.650
12,88,1.649
14,88,1.648
16,88,1.647
18,88,1.647
20,88,1.648
22,88,1.646
24,88,1.643
26,88,1.641
28,88,1.637
30,88,1.631
32,88,1.627
34,88,1.624
36,88,1.626
38,88,1.627
40,88,1.626
42,88,1.621
44,88,1.614
46,88,1.609
48,88,1.608
50,88,1.609
52,88,1.610
54,88,1.611
56,88,1.611
58,88,1.611
60,88,1.612
62,88,1.614
64,88,1.615
66,88,1.616
68,88,1.620
70,88,1.624
72,88,1.629
74,88,1.632
76,88,1.640
78,88,1.649
80,88,1.657
82,88,1.661
84,88,1.664
86,88,1.663
88,88,1.675
90,88,1.687
92,88,1.698
94,88,1.710
96,88,1.718
98,88,1.723
100,88,1.729
102,88,1.736
104,88,1.737
106,88,1.738
108,88,1.742
110,88,1.751
112,88,1.763
114,88,1.775
116,88,1.791
118,88,1.808
120,88,1.814
122,88,1.823
124,88,1.833
126,88,1.838
128,88,1.843
130,88,1.852
132,88,1.863
134,88,1.870
136,88,1.874
138,88,1.884
140,88,1.893
142,88,1.895
144,88,1.900
146,88,1.906
148,88,1.904
150,88,1.908
150,90,1.923
148,90,1.927
146,90,1.926
144,90,1.925
142,90,1.925
140,90,1.920
138,90,1.919
136,90,1.930
134,90,1.932
132,90,1.934
130,90,1.932
128,90,1.929
126,90,1.931
124,90,1.929
122,90,1.924
120,90,1.931
118,90,1.933
116,90,1.929
114,90,1.927
112,90,1.919
110,90,1.925
108,90,1.919
106,90,1.907
104,90,1.902
102,90,1.900
100,90,1.896
98,90,1.883
96,90,1.874
94,90,1.871
92,90,1.858
90,90,1.846
88,90,1.838
86,90,1.829
84,90,1.819
82,90,1.806
80,90,1.797
78,90,1.785
76,90,1.769
74,90,1.763
72,90,1.752
70,90,1.730
68,90,1.711
66,90,1.696
64,90,1.685
62,90,1.685
60,90,1.684
58,90,1.682
56,90,1.680
54,90,1.677
52,90,1.670
50,90,1.663
48,90,1.652
46,90,1.641
44,90,1.633
42,90,1.630
40,90,1.629
38,90,1.625
36,90,1.619
34,90,1.613
32,90,1.608
30,90,1.607
28,90,1.607
26,90,1.609
24,90,1.612
22,90,1.616
20,90,1.620
18,90,1.624
16,90,1.626
14,90,1.627
12,90,1.629
10,90,1.635
8,90,1.643
6,90,1.648
4,90,1.653
2,90,1.664
0,90,1.677
0,92,1.680
2,92,1.681
4,92,1.681
6,92,1.680
8,92,1.680
10,92,1.683
12,92,1.682
14,92,1.682
16,92,1.681
18,92,1.681
20,92,1.680
22,92,1.678
24,92,1.676
26,92,1.671
28,92,1.664
30,92,1.657
32,92,1.648
34,92,1.643
36,92,1.640
38,92,1.637
40,92,1.635
42,92,1.629
44,92,1.624
46,92,1.620
48,92,1.619
50,92,1.617
52,92,1.618
54,92,1.618
56,92,1.616
58,92,1.615
60,92,1.614
62,92,1.611
64,92,1.608
66,92,1.608
68,92,1.608
70,92,1.609
72,92,1.613
74,92,1.616
76,92,1.623
78,92,1.631
80,92,1.637
82,92,1.640
84,92,1.643
86,92,1.648
88,92,1.655
90,92,1.665
92,92,1.674
94,92,1.681
96,92,1.686
98,92,1.691
100,92,1.693
102,92,1.690
104,92,1.685
106,92,1.683
108,92,1.677
110,92,1.680
112,92,1.694
114,92,1.713
116,92,1.733
118,92,1.745
120,92,1.756
122,92,1.769
124,92,1.780
126,92,1.789
128,92,1.795
130,92,1.800
132,92,1.808
134,92,1.817
136,92,1.819
138,92,1.823
140,92,1.837
142,92,1.845
144,92,1.853
146,92,1.854
148,92,1.856
150,92,1.857
150,94,1.878
148,94,1.878
146,94,1.880
144,94,1.879
142,94,1.881
140,94,1.882
138,94,1.883
136,94,1.884
134,94,1.880
132,94,1.881
130,94,1.881
128,94,1.883
126,94,1.883
124,94,1.881
122,94,1.882
120,94,1.882
118,94,1.879
116,94,1.877
114,94,1.880
112,94,1.877
110,94,1.867
108,94,1.865
106,94,1.862
104,94,1.854
102,94,1.850
100,94,1.843
98,94,1.838
96,94,1.821
94,94,1.812
92,94,1.805
90,94,1.798
88,94,1.788
86,94,1.774
84,94,1.766
82,94,1.758
80,94,1.741
78,94,1.726
76,94,1.712
74,94,1.698
72,94,1.678
70,94,1.656
68,94,1.635
66,94,1.624
64,94,1.627
62,94,1.637
60,94,1.648
58,94,1.657
56,94,1.660
54,94,1.656
52,94,1.651
50,94,1.644
48,94,1.639
46,94,1.630
44,94,1.623
42,94,1.618
40,94,1.616
38,94,1.612
36,94,1.607
34,94,1.603
32,94,1.600
30,94,1.603
28,94,1.609
26,94,1.615
24,94,1.623
22,94,1.629
20,94,1.632
18,94,1.636
16,94,1.647
14,94,1.649
12,94,1.655
10,94,1.654
8,94,1.666
6,94,1.678
4,94,1.690
2,94,1.698
0,94,1.718
0,96,1.719
2,96,1.722
4,96,1.721
6,96,1.720
8,96,1.720
10,96,1.720
12,96,1.721
14,96,1.718
16,96,1.721
18,96,1.717
20,96,1.718
22,96,1.716
24,96,1.713
26,96,1.707
28,96,1.697
30,96,1.691
32,96,1.680
34,96,1.672
36,96,1.665
38,96,1.658
40,96,1.648
42,96,1.640
44,96,1.637
46,96,1.637
48,96,1.636
50,96,1.634
52,96,1.630
54,96,1.627
56,96,1.624
58,96,1.622
60,96,1.620
62,96,1.616
64,96,1.610
66,96,1.605
68,96,1.601
70,96,1.598
72,96,1.599
74,96,1.603
76,96,1.608
78,96,1.615
80,96,1.619
82,96,1.623
84,96,1.628
86,96,1.635
88,96,1.643
90,96,1.649
92,96,1.656
94,96,1.661
96,96,1.669
98,96,1.675
100,96,1.675
102,96,1.665
104,96,1.649
106,96,1.634
108,96,1.620
110,96,1.615
112,96,1.623
114,96,1.642
116,96,1.665
118,96,1.682
120,96,1.702
122,96,1.720
124,96,1.732
126,96,1.741
128,96,1.747
130,96,1.758
132,96,1.767
134,96,1.772
136,96,1.776
138,96,1.781
140,96,1.793
142,96,1.796
144,96,1.802
146,96,1.807
148,96,1.808
150,96,1.812
150,98,1.823
148,98,1.825
146,98,1.829
144,98,1.833
142,98,1.831
140,98,1.833
138,98,1.832
136,98,1.831
134,98,1.833
132,98,1.835
130,98,1.830
128,98,1.836
126,98,1.835
124,98,1.833
122,98,1.831
120,98,1.832
118,98,1.831
116,98,1.828
114,98,1.827
112,98,1.823
110,98,1.819
108,98,1.817
106,98,1.808
104,98,1.799
102,98,1.796
100,98,1.793
98,98,1.785
96,98,1.777
94,98,1.764
92,98,1.753
90,98,1.748
88,98,1.739
86,98,1.729
84,98,1.715
82,98,1.702
80,98,1.690
78,98,1.678
76,98,1.658
74,98,1.641
72,98,1.618
70,98,1.594
68,98,1.585
66,98,1.589
64,98,1.604
62,98,1.621
60,98,1.636
58,98,1.647
56,98,1.650
54,98,1.644
52,98,1.636
50,98,1.629
48,98,1.625
46,98,1.620
44,98,1.616
42,98,1.615
40,98,1.611
38,98,1.607
36,98,1.601
34,98,1.596
32,98,1.595
30,98,1.602
28,98,1.615
26,98,1.629
24,98,1.641
22,98,1.647
20,98,1.653
18,98,1.660
16,98,1.664
14,98,1.670
12,98,1.674
10,98,1.682
8,98,1.696
6,98,1.718
4,98,1.731
2,98,1.746
0,98,1.761
0,100,1.763
2,100,1.765
4,100,1.763
6,100,1.761
8,100,1.766
10,100,1.766
12,100,1.766
14,100,1.766
16,100,1.766
18,100,1.763
20,100,1.764
22,100,1.764
24,100,1.758
26,100,1.749
28,100,1.743
30,100,1.733
32,100,1.722
34,100,1.713
36,100,1.708
38,100,1.696
40,100,1.686
42,100,1.672
44,100,1.661
46,100,1.658
48,100,1.655
50,100,1.653
52,100,1.648
54,100,1.644
56,100,1.640
58,100,1.636
60,100,1.633
62,100,1.627
64,100,1.618
66,100,1.606
68,100,1.597
70,100,1.590
72,100,1.588
74,100,1.592
76,100,1.599
78,100,1.606
80,100,1.612
82,100,1.617
84,100,1.620
86,100,1.623
88,100,1.624
90,100,1.629
92,100,1.634
94,100,1.640
96,100,1.648
98,100,1.656
100,100,1.656
102,100,1.649
104,100,1.637
106,100,1.622
108,100,1.605
110,100,1.593
112,100,1.593
114,100,1.605
116,100,1.622
118,100,1.642
120,100,1.660
122,100,1.673
124,100,1.681
126,100,1.690
128,100,1.698
130,100,1.705
132,100,1.717
134,100,1.727
136,100,1.735
138,100,1.738
140,100,1.742
142,100,1.746
144,100,1.753
146,100,1.755
148,100,1.756
150,100,1.757
150,102,1.769
148,102,1.771
146,102,1.773
144,102,1.772
142,102,1.772
140,102,1.775
138,102,1.775
136,102,1.773
134,102,1.774
132,102,1.776
130,102,1.775
128,102,1.777
126,102,1.775
124,102,1.775
122,102,1.773
120,102,1.774
118,102,1.773
116,102,1.770
114,102,1.767
112,102,1.769
110,102,1.765
108,102,1.761
106,102,1.756
104,102,1.750
102,102,1.745
100,102,1.742
98,102,1.733
96,102,1.724
94,102,1.717
92,102,1.708
90,102,1.698
88,102,1.688
86,102,1.679
84,102,1.669
82,102,1.660
80,102,1.651
78,102,1.642
76,102,1.628
74,102,1.612
72,102,1.596
70,102,1.585
68,102,1.585
66,102,1.596
64,102,1.613
62,102,1.627
60,102,1.634
58,102,1.635
56,102,1.632
54,102,1.623
52,102,1.613
50,102,1.608
48,102,1.609
46,102,1.612
44,102,1.614
42,102,1.615
40,102,1.612
38,102,1.608
36,102,1.604
34,102,1.603
32,102,1.606
30,102,1.617
28,102,1.635
26,102,1.653
24,102,1.664
22,102,1.672
20,102,1.681
18,102,1.689
16,102,1.699
14,102,1.706
12,102,1.711
10,102,1.724
8,102,1.746
6,102,1.770
4,102,1.785
2,102,1.796
0,102,1.815
0,104,1.818
2,104,1.820
4,104,1.822
6,104,1.823
8,104,1.821
10,104,1.819
12,104,1.823
14,104,1.821
16,104,1.820
18,104,1.821
20,104,1.819
22,104,1.814
24,104,1.807
26,104,1.798
28,104,1.789
30,104,1.781
32,104,1.774
34,104,1.763
36,104,1.753
38,104,1.740
40,104,1.725
42,104,1.707
44,104,1.696
46,104,1.690
48,104,1.685
50,104,1.682
52,104,1.678
54,104,1.669
56,104,1.660
58,104,1.654
60,104,1.649
62,104,1.641
64,104,1.630
66,104,1.618
68,104,1.605
70,104,1.597
72,104,1.594
74,104,1.595
76,104,1.600
78,104,1.605
80,104,1.609
82,104,1.612
84,104,1.613
86,104,1.611
88,104,1.608
90,104,1.605
92,104,1.607
94,104,1.614
96,104,1.624
98,104,1.634
100,104,1.638
102,104,1.639
104,104,1.635
106,104,1.625
108,104,1.613
110,104,1.603
112,104,1.601
114,104,1.607
116,104,1.620
118,104,1.632
120,104,1.643
122,104,1.654
124,104,1.660
126,104,1.663
128,104,1.666
130,104,1.677
132,104,1.685
134,104,1.693
136,104,1.699
138,104,1.705
140,104,1.707
142,104,1.710
144,104,1.711
146,104,1.713
148,104,1.714
150,104,1.718
150,106,1.725
148,106,1.726
146,106,1.728
144,106,1.731
142,106,1.732
140,106,1.732
138,106,1.731
136,106,1.731
134,106,1.732
132,106,1.732
130,106,1.733
128,106,1.733
126,106,1.731
124,106,1.732
122,106,1.731
120,106,1.735
118,106,1.732
116,106,1.730
114,106,1.727
112,106,1.723
110,106,1.717
108,106,1.716
106,106,1.716
104,106,1.710
102,106,1.705
100,106,1.701
98,106,1.697
96,106,1.693
94,106,1.685
92,106,1.676
90,106,1.670
88,106,1.658
86,106,1.650
84,106,1.646
82,106,1.643
80,106,1.639
78,106,1.631
76,106,1.621
74,106,1.613
72,106,1.606
70,106,1.603
68,106,1.607
66,106,1.615
64,106,1.621
62,106,1.624
60,106,1.621
58,106,1.616
56,106,1.610
54,106,1.602
52,106,1.597
50,106,1.600
48,106,1.607
46,106,1.615
44,106,1.622
42,106,1.624
40,106,1.623
38,106,1.621
36,106,1.622
34,106,1.623
32,106,1.632
30,106,1.645
28,106,1.663
26,106,1.685
24,106,1.700
22,106,1.715
20,106,1.725
18,106,1.741
16,106,1.750
14,106,1.753
12,106,1.761
10,106,1.779
8,106,1.802
6,106,1.824
4,106,1.841
2,106,1.857
0,106,1.884
0,108,1.881
2,108,1.887
4,108,1.890
6,108,1.891
8,108,1.892
10,108,1.894
12,108,1.896
14,108,1.895
16,108,1.894
18,108,1.894
20,108,1.887
22,108,1.885
24,108,1.879
26,108,1.864
28,108,1.851
30,108,1.840
32,108,1.829
34,108,1.819
36,108,1.806
38,108,1.790
40,108,1.771
42,108,1.758
44,108,1.740
46,108,1.731
48,108,1.730
50,108,1.729
52,108,1.723
54,108,1.712
56,108,1.697
58,108,1.688
60,108,1.680
62,108,1.668
64,108,1.649
66,108,1.634
68,108,1.622
70,108,1.615
72,108,1.610
74,108,1.608
76,108,1.609
78,108,1.612
80,108,1.614
82,108,1.616
84,108,1.614
86,108,1.610
88,108,1.603
90,108,1.597
92,108,1.595
94,108,1.598
96,108,1.604
98,108,1.611
100,108,1.617
102,108,1.623
104,108,1.626
106,108,1.625
108,108,1.622
110,108,1.619
112,108,1.617
114,108,1.618
116,108,1.623
118,108,1.629
120,108,1.636
122,108,1.642
124,108,1.646
126,108,1.649
128,108,1.649
130,108,1.654
132,108,1.662
134,108,1.670
136,108,1.676
138,108,1.678
140,108,1.679
142,108,1.680
144,108,1.682
146,108,1.681
148,108,1.680
150,108,1.677
150,110,1.687
148,110,1.687
146,110,1.687
144,110,1.690
142,110,1.691
140,110,1.692
138,110,1.690
136,110,1.691
134,110,1.693
132,110,1.691
130,110,1.692
128,110,1.693
126,110,1.693
124,110,1.693
122,110,1.691
120,110,1.691
118,110,1.689
116,110,1.690
114,110,1.686
112,110,1.683
110,110,1.684
108,110,1.681
106,110,1.677
104,110,1.680
102,110,1.678
100,110,1.675
98,110,1.670
96,110,1.667
94,110,1.662
92,110,1.655
90,110,1.647
88,110,1.641
86,110,1.636
84,110,1.633
82,110,1.631
80,110,1.627
78,110,1.623
76,110,1.617
74,110,1.613
72,110,1.612
70,110,1.614
68,110,1.619
66,110,1.621
64,110,1.619
62,110,1.614
60,110,1.610
58,110,1.606
56,110,1.602
54,110,1.601
52,110,1.601
50,110,1.605
48,110,1.613
46,110,1.624
44,110,1.632
42,110,1.635
40,110,1.636
38,110,1.637
36,110,1.641
34,110,1.643
32,110,1.653
30,110,1.671
28,110,1.696
26,110,1.725
24,110,1.743
22,110,1.757
20,110,1.780
18,110,1.797
16,110,1.809
14,110,1.816
12,110,1.827
10,110,1.847
8,110,1.875
6,110,1.898
4,110,1.914
2,110,1.935
0,110,1.968
0,112,1.964
2,112,1.968
4,112,1.971
6,112,1.968
8,112,1.975
10,112,1.974
12,112,1.972
14,112,1.971
16,112,1.974
18,112,1.975
20,112,1.971
22,112,1.967
24,112,1.958
26,112,1.940
28,112,1.924
30,112,1.914
32,112,1.896
34,112,1.882
36,112,1.873
38,112,1.855
40,112,1.831
42,112,1.816
44,112,1.798
46,112,1.787
48,112,1.782
50,112,1.780
52,112,1.768
54,112,1.749
56,112,1.736
58,112,1.722
60,112,1.710
62,112,1.695
64,112,1.673
66,112,1.651
68,112,1.631
70,112,1.622
72,112,1.618
74,112,1.616
76,112,1.617
78,112,1.618
80,112,1.620
82,112,1.618
84,112,1.614
86,112,1.607
88,112,1.600
90,112,1.595
92,112,1.594
94,112,1.597
96,112,1.601
98,112,1.604
100,112,1.609
102,112,1.613
104,112,1.618
106,112,1.622
108,112,1.623
110,112,1.622
112,112,1.617
114,112,1.615
116,112,1.617
118,112,1.622
120,112,1.624
122,112,1.627
124,112,1.631
126,112,1.632
128,112,1.637
130,112,1.642
132,112,1.646
134,112,1.653
136,112,1.655
138,112,1.656
140,112,1.656
142,112,1.654
144,112,1.654
146,112,1.653
148,112,1.650
150,112,1.650
150,114,1.657
148,114,1.659
146,114,1.662
144,114,1.662
142,114,1.662
140,114,1.661
138,114,1.662
136,114,1.662
134,114,1.662
132,114,1.663
130,114,1.661
128,114,1.661
126,114,1.664
124,114,1.663
122,114,1.662
120,114,1.661
118,114,1.661
116,114,1.661
114,114,1.658
112,114,1.655
110,114,1.655
108,114,1.653
106,114,1.652
104,114,1.652
102,114,1.651
100,114,1.651
98,114,1.648
96,114,1.645
94,114,1.642
92,114,1.636
90,114,1.630
88,114,1.626
86,114,1.622
84,114,1.618
82,114,1.616
80,114,1.614
78,114,1.611
76,114,1.610
74,114,1.610
72,114,1.612
70,114,1.617
68,114,1.620
66,114,1.619
64,114,1.617
62,114,1.615
60,114,1.611
58,114,1.609
56,114,1.607
54,114,1.604
52,114,1.603
50,114,1.608
48,114,1.619
46,114,1.633
44,114,1.643
42,114,1.649
40,114,1.644
38,114,1.631
36,114,1.620
34,114,1.621
32,114,1.648
30,114,1.689
28,114,1.731
26,114,1.762
24,114,1.781
22,114,1.802
20,114,1.825
18,114,1.842
16,114,1.849
14,114,1.863
12,114,1.889
10,114,1.925
8,114,1.956
6,114,1.978
4,114,1.998
2,114,2.022
0,114,2.045
0,116,2.045
2,116,2.049
4,116,2.050
6,116,2.056
8,116,2.060
10,116,2.057
12,116,2.056
14,116,2.051
16,116,2.054
18,116,2.058
20,116,2.056
22,116,2.053
24,116,2.031
26,116,2.023
28,116,2.006
30,116,1.987
32,116,1.973
34,116,1.964
36,116,1.946
38,116,1.932
40,116,1.913
42,116,1.883
44,116,1.852
46,116,1.831
48,116,1.815
50,116,1.808
52,116,1.800
54,116,1.791
56,116,1.772
58,116,1.754
60,116,1.738
62,116,1.722
64,116,1.698
66,116,1.663
68,116,1.619
70,116,1.585
72,116,1.570
74,116,1.574
76,116,1.592
78,116,1.611
80,116,1.622
82,116,1.624
84,116,1.617
86,116,1.608
88,116,1.596
90,116,1.587
92,116,1.590
94,116,1.595
96,116,1.599
98,116,1.603
100,116,1.608
102,116,1.612
104,116,1.614
106,116,1.616
108,116,1.617
110,116,1.617
112,116,1.614
114,116,1.611
116,116,1.610
118,116,1.611
120,116,1.612
122,116,1.612
124,116,1.612
126,116,1.614
128,116,1.617
130,116,1.619
132,116,1.623
134,116,1.626
136,116,1.628
138,116,1.632
140,116,1.633
142,116,1.633
144,116,1.637
146,116,1.637
148,116,1.634
150,116,1.632
150,118,1.638
148,118,1.640
146,118,1.642
144,118,1.642
142,118,1.640
140,118,1.641
138,118,1.643
136,118,1.643
134,118,1.641
132,118,1.641
130,118,1.641
128,118,1.641
126,118,1.644
124,118,1.644
122,118,1.640
120,118,1.642
118,118,1.642
116,118,1.642
114,118,1.639
112,118,1.638
110,118,1.638
108,118,1.638
106,118,1.636
104,118,1.634
102,118,1.631
100,118,1.627
98,118,1.623
96,118,1.620
94,118,1.616
92,118,1.612
90,118,1.610
88,118,1.610
86,118,1.609
84,118,1.608
82,118,1.608
80,118,1.609
78,118,1.609
76,118,1.611
74,118,1.614
72,118,1.616
70,118,1.617
68,118,1.618
66,118,1.618
64,118,1.618
62,118,1.617
60,118,1.616
58,118,1.614
56,118,1.611
54,118,1.607
52,118,1.606
50,118,1.617
48,118,1.636
46,118,1.650
44,118,1.654
42,118,1.630
40,118,1.567
38,118,1.491
36,118,1.442
34,118,1.459
32,118,1.539
30,118,1.655
28,118,1.747
26,118,1.788
24,118,1.810
22,118,1.817
20,118,1.795
18,118,1.756
16,118,1.715
14,118,1.729
12,118,1.816
10,118,1.934
8,118,2.027
6,118,2.069
4,118,2.086
2,118,2.102
0,118,2.125
0,120,2.125
2,120,2.122
4,120,2.131
6,120,2.130
8,120,2.130
10,120,2.127
12,120,2.122
14,120,2.126
16,120,2.129
18,120,2.126
20,120,2.131
22,120,2.120
24,120,2.107
26,120,2.098
28,120,2.082
30,120,2.067
32,120,2.050
34,120,2.041
36,120,2.025
38,120,1.993
40,120,1.934
42,120,1.841
44,120,1.741
46,120,1.670
48,120,1.639
50,120,1.652
52,120,1.686
54,120,1.729
56,120,1.760
58,120,1.763
60,120,1.750
62,120,1.732
64,120,1.695
66,120,1.613
68,120,1.499
70,120,1.402
72,120,1.358
74,120,1.372
76,120,1.435
78,120,1.519
80,120,1.588
82,120,1.622
84,120,1.627
86,120,1.618
88,120,1.602
90,120,1.591
92,120,1.588
94,120,1.593
96,120,1.599
98,120,1.604
100,120,1.608
102,120,1.610
104,120,1.612
106,120,1.613
108,120,1.614
110,120,1.615
112,120,1.615
114,120,1.614
116,120,1.613
118,120,1.610
120,120,1.609
122,120,1.608
124,120,1.608
126,120,1.607
128,120,1.606
130,120,1.604
132,120,1.605
134,120,1.607
136,120,1.609
138,120,1.614
140,120,1.619
142,120,1.621
144,120,1.626
146,120,1.628
148,120,1.630
150,120,1.630
150,122,1.634
148,122,1.634
146,122,1.635
144,122,1.635
142,122,1.637
140,122,1.636
138,122,1.636
136,122,1.635
134,122,1.637
132,122,1.637
130,122,1.637
128,122,1.636
126,122,1.635
124,122,1.635
122,122,1.634
120,122,1.636
118,122,1.637
116,122,1.635
114,122,1.635
112,122,1.632
110,122,1.628
108,122,1.627
106,122,1.622
104,122,1.619
102,122,1.616
100,122,1.612
98,122,1.607
96,122,1.604
94,122,1.603
92,122,1.603
90,122,1.604
88,122,1.605
86,122,1.608
84,122,1.609
82,122,1.611
80,122,1.614
78,122,1.616
76,122,1.618
74,122,1.622
72,122,1.623
70,122,1.623
68,122,1.625
66,122,1.625
64,122,1.626
62,122,1.627
60,122,1.626
58,122,1.625
56,122,1.624
54,122,1.624
52,122,1.630
50,122,1.646
48,122,1.663
46,122,1.657
44,122,1.604
42,122,1.485
40,122,1.311
38,122,1.158
36,122,1.100
34,122,1.176
32,122,1.371
30,122,1.595
28,122,1.740
26,122,1.794
24,122,1.774
22,122,1.680
20,122,1.528
18,122,1.376
16,122,1.286
14,122,1.350
12,122,1.584
10,122,1.867
8,122,2.080
6,122,2.161
4,122,2.168
2,122,2.178
0,122,2.198
0,124,2.193
2,124,2.200
4,124,2.207
6,124,2.201
8,124,2.201
10,124,2.203
12,124,2.212
14,124,2.207
16,124,2.206
18,124,2.202
20,124,2.205
22,124,2.195
24,124,2.180
26,124,2.175
28,124,2.159
30,124,2.148
32,124,2.143
34,124,2.132
36,124,2.100
38,124,2.015
40,124,1.858
42,124,1.648
44,124,1.438
46,124,1.278
48,124,1.210
50,124,1.241
52,124,1.345
54,124,1.477
56,124,1.596
58,124,1.699
60,124,1.743
62,124,1.733
64,124,1.657
66,124,1.491
68,124,1.289
70,124,1.110
72,124,1.015
74,124,1.034
76,124,1.156
78,124,1.325
80,124,1.483
82,124,1.585
84,124,1.625
86,124,1.635
88,124,1.625
90,124,1.613
92,124,1.605
94,124,1.608
96,124,1.612
98,124,1.615
100,124,1.617
102,124,1.615
104,124,1.615
106,124,1.617
108,124,1.618
110,124,1.619
112,124,1.618
114,124,1.616
116,124,1.613
118,124,1.611
120,124,1.608
122,124,1.607
124,124,1.606
126,124,1.604
128,124,1.602
130,124,1.600
132,124,1.599
134,124,1.599
136,124,1.600
138,124,1.602
140,124,1.607
142,124,1.613
144,124,1.618
146,124,1.622
148,124,1.625
150,124,1.625
150,126,1.627
148,126,1.629
146,126,1.630
144,126,1.631
142,126,1.631
140,126,1.630
138,126,1.630
136,126,1.630
134,126,1.631
132,126,1.631
130,126,1.630
128,126,1.631
126,126,1.632
124,126,1.632
122,126,1.631
120,126,1.631
118,126,1.631
116,126,1.629
114,126,1.627
112,126,1.626
110,126,1.623
108,126,1.618
106,126,1.612
104,126,1.606
102,126,1.602
100,126,1.600
98,126,1.599
96,126,1.599
94,126,1.601
92,126,1.603
90,126,1.605
88,126,1.606
86,126,1.608
84,126,1.610
82,126,1.611
80,126,1.615
78,126,1.620
76,126,1.623
74,126,1.628
72,126,1.633
70,126,1.636
68,126,1.636
66,126,1.636
64,126,1.639
62,126,1.644
60,126,1.648
58,126,1.649
56,126,1.654
54,126,1.656
52,126,1.666
50,126,1.679
48,126,1.680
46,126,1.628
44,126,1.495
42,126,1.276
40,126,1.031
38,126,8.595
36,126,8.597
34,126,1.031
32,126,1.330
30,126,1.611
28,126,1.768
26,126,1.752
24,126,1.593
22,126,1.347
20,126,1.095
18,126,9.142
16,126,9.058
14,126,1.102
12,126,1.463
10,126,1.858
8,126,2.150
6,126,2.237
4,126,2.237
2,126,2.255
0,126,2.270
0,128,2.270
2,128,2.278
4,128,2.285
6,128,2.277
8,128,2.283
10,128,2.282
12,128,2.287
14,128,2.292
16,128,2.285
18,128,2.284
20,128,2.277
22,128,2.263
24,128,2.254
26,128,2.236
28,128,2.225
30,128,2.213
32,128,2.203
34,128,2.203
36,128,2.167
38,128,2.047
40,128,1.819
42,128,1.519
44,128,1.233
46,128,9.870
48,128,8.439
50,128,8.300
52,128,9.288
54,128,1.099
56,128,1.311
58,128,1.518
60,128,1.673
62,128,1.716
64,128,1.649
66,128,1.463
68,128,1.203
70,128,9.513
72,128,8.042
74,128,7.948
76,128,9.270
78,128,1.146
80,128,1.360
82,128,1.529
84,128,1.621
86,128,1.652
88,128,1.652
90,128,1.645
92,128,1.637
94,128,1.633
96,128,1.633
98,128,1.633
100,128,1.632
102,128,1.631
104,128,1.628
106,128,1.627
108,128,1.628
110,128,1.626
112,128,1.623
114,128,1.617
116,128,1.613
118,128,1.609
120,128,1.606
122,128,1.606
124,128,1.605
126,128,1.605
128,128,1.604
130,128,1.603
132,128,1.601
134,128,1.598
136,128,1.595
138,128,1.594
140,128,1.596
142,128,1.602
144,128,1.608
146,128,1.612
148,128,1.616
150,128,1.618
150,130,1.620
148,130,1.620
146,130,1.621
144,130,1.621
142,130,1.622
140,130,1.622
138,130,1.621
136,130,1.622
134,130,1.622
132,130,1.623
130,130,1.622
128,130,1.622
126,130,1.622
124,130,1.623
122,130,1.622
120,130,1.621
118,130,1.620
116,130,1.618
114,130,1.616
112,130,1.613
110,130,1.609
108,130,1.604
106,130,1.599
104,130,1.595
102,130,1.594
100,130,1.595
98,130,1.598
96,130,1.602
94,130,1.607
92,130,1.609
90,130,1.611
88,130,1.612
86,130,1.613
84,130,1.615
82,130,1.617
80,130,1.620
78,130,1.624
76,130,1.632
74,130,1.640
72,130,1.646
70,130,1.651
68,130,1.656
66,130,1.662
64,130,1.668
62,130,1.673
60,130,1.676
58,130,1.681
56,130,1.689
54,130,1.695
52,130,1.702
50,130,1.704
48,130,1.689
46,130,1.607
44,130,1.441
42,130,1.206
40,130,9.735
38,130,8.645
36,130,9.306
34,130,1.157
32,130,1.465
30,130,1.706
28,130,1.785
26,130,1.658
24,130,1.373
22,130,1.044
20,130,7.962
18,130,7.208
16,130,8.280
14,130,1.148
12,130,1.606
10,130,2.021
8,130,2.263
6,130,2.321
4,130,2.326
2,130,2.346
0,130,2.369
0,132,2.359
2,132,2.362
4,132,2.367
6,132,2.372
8,132,2.372
10,132,2.369
12,132,2.371
14,132,2.372
16,132,2.370
18,132,2.367
20,132,2.364
22,132,2.357
24,132,2.341
26,132,2.328
28,132,2.314
30,132,2.303
32,132,2.299
34,132,2.296
36,132,2.257
38,132,2.141
40,132,1.912
42,132,1.596
44,132,1.252
46,132,9.546
48,132,7.578
50,132,6.900
52,132,7.268
54,132,8.755
56,132,1.117
58,132,1.382
60,132,1.610
62,132,1.725
64,132,1.703
66,132,1.534
68,132,1.287
70,132,1.037
72,132,8.855
74,132,8.612
76,132,9.693
78,132,1.171
80,132,1.384
82,132,1.547
84,132,1.639
86,132,1.674
88,132,1.680
90,132,1.676
92,132,1.670
94,132,1.667
96,132,1.665
98,132,1.660
100,132,1.657
102,132,1.653
104,132,1.648
106,132,1.644
108,132,1.640
110,132,1.633
112,132,1.629
114,132,1.623
116,132,1.616
118,132,1.610
120,132,1.610
122,132,1.610
124,132,1.610
126,132,1.611
128,132,1.610
130,132,1.608
132,132,1.605
134,132,1.600
136,132,1.595
138,132,1.591
140,132,1.590
142,132,1.593
144,132,1.597
146,132,1.602
148,132,1.607
150,132,1.611
150,134,1.612
148,134,1.611
146,134,1.612
144,134,1.612
142,134,1.612
140,134,1.612
138,134,1.612
136,134,1.613
134,134,1.613
132,134,1.613
130,134,1.613
128,134,1.613
126,134,1.613
124,134,1.613
122,134,1.613
120,134,1.612
118,134,1.610
116,134,1.608
114,134,1.605
112,134,1.602
110,134,1.599
108,134,1.596
106,134,1.593
104,134,1.593
102,134,1.596
100,134,1.600
98,134,1.605
96,134,1.611
94,134,1.616
92,134,1.620
90,134,1.622
88,134,1.626
86,134,1.627
84,134,1.627
82,134,1.629
80,134,1.635
78,134,1.642
76,134,1.650
74,134,1.659
72,134,1.669
70,134,1.676
68,134,1.685
66,134,1.693
64,134,1.700
62,134,1.708
60,134,1.715
58,134,1.722
56,134,1.729
54,134,1.731
52,134,1.739
50,134,1.742
48,134,1.727
46,134,1.669
44,134,1.544
42,134,1.376
40,134,1.240
38,134,1.203
36,134,1.294
34,134,1.507
32,134,1.730
30,134,1.861
28,134,1.824
26,134,1.615
24,134,1.290
22,134,9.784
20,134,8.228
18,134,8.306
16,134,1.054
14,134,1.498
12,134,1.960
10,134,2.276
8,134,2.393
6,134,2.404
4,134,2.414
2,134,2.434
0,134,2.453
0,136,2.448
2,136,2.450
4,136,2.461
6,136,2.460
8,136,2.450
10,136,2.454
12,136,2.459
14,136,2.461
16,136,2.462
18,136,2.455
20,136,2.450
22,136,2.439
24,136,2.423
26,136,2.411
28,136,2.398
30,136,2.383
32,136,2.378
34,136,2.372
36,136,2.355
38,136,2.300
40,136,2.153
42,136,1.899
44,136,1.566
46,136,1.208
48,136,9.267
50,136,7.982
52,136,7.820
54,136,8.702
56,136,1.073
58,136,1.350
60,136,1.611
62,136,1.768
64,136,1.807
66,136,1.725
68,136,1.560
70,136,1.377
72,136,1.240
74,136,1.199
76,136,1.259
78,136,1.389
80,136,1.529
82,136,1.637
84,136,1.691
86,136,1.710
88,136,1.711
90,136,1.707
92,136,1.701
94,136,1.700
96,136,1.697
98,136,1.692
100,136,1.685
102,136,1.678
104,136,1.674
106,136,1.668
108,136,1.658
110,136,1.652
112,136,1.645
114,136,1.638
116,136,1.634
118,136,1.629
120,136,1.624
122,136,1.624
124,136,1.625
126,136,1.625
128,136,1.621
130,136,1.617
132,136,1.612
134,136,1.607
136,136,1.601
138,136,1.596
140,136,1.593
142,136,1.594
144,136,1.596
146,136,1.600
148,136,1.605
150,136,1.608
150,138,1.609
148,138,1.608
146,138,1.608
144,138,1.608
142,138,1.608
140,138,1.608
138,138,1.608
136,138,1.608
134,138,1.608
132,138,1.608
130,138,1.608
128,138,1.609
126,138,1.609
124,138,1.609
122,138,1.609
120,138,1.608
118,138,1.607
116,138,1.605
114,138,1.603
112,138,1.600
110,138,1.597
108,138,1.596
106,138,1.597
104,138,1.600
102,138,1.605
100,138,1.610
98,138,1.616
96,138,1.622
94,138,1.629
92,138,1.634
90,138,1.639
88,138,1.642
86,138,1.646
84,138,1.648
82,138,1.654
80,138,1.664
78,138,1.671
76,138,1.681
74,138,1.689
72,138,1.694
70,138,1.705
68,138,1.717
66,138,1.726
64,138,1.735
62,138,1.743
60,138,1.751
58,138,1.759
56,138,1.770
54,138,1.779
52,138,1.787
50,138,1.796
48,138,1.797
46,138,1.773
44,138,1.717
42,138,1.644
40,138,1.599
38,138,1.620
36,138,1.712
34,138,1.836
32,138,1.935
30,138,1.961
28,138,1.882
26,138,1.685
24,138,1.402
22,138,1.164
20,138,1.109
18,138,1.244
16,138,1.589
14,138,2.010
12,138,2.314
10,138,2.435
8,138,2.456
6,138,2.461
4,138,2.481
2,138,2.509
0,138,2.536
0,140,2.519
2,140,2.522
4,140,2.527
6,140,2.529
8,140,2.530
10,140,2.535
12,140,2.535
14,140,2.533
16,140,2.531
18,140,2.528
20,140,2.525
22,140,2.509
24,140,2.495
26,140,2.479
28,140,2.470
30,140,2.451
32,140,2.436
34,140,2.428
36,140,2.423
38,140,2.414
40,140,2.357
42,140,2.220
44,140,1.982
46,140,1.666
48,140,1.371
50,140,1.166
52,140,1.084
54,140,1.124
56,140,1.299
58,140,1.536
60,140,1.740
62,140,1.860
64,140,1.912
66,140,1.891
68,140,1.820
70,140,1.723
72,140,1.631
74,140,1.595
76,140,1.611
78,140,1.658
80,140,1.714
82,140,1.751
84,140,1.763
86,140,1.759
88,140,1.753
90,140,1.746
92,140,1.738
94,140,1.733
96,140,1.726
98,140,1.723
100,140,1.715
102,140,1.704
104,140,1.696
106,140,1.689
108,140,1.681
110,140,1.674
112,140,1.670
114,140,1.667
116,140,1.662
118,140,1.654
120,140,1.647
122,140,1.643
124,140,1.644
126,140,1.640
128,140,1.635
130,140,1.630
132,140,1.626
134,140,1.621
136,140,1.615
138,140,1.609
140,140,1.604
142,140,1.603
144,140,1.605
146,140,1.610
148,140,1.614
150,140,1.616
150,142,1.615
148,142,1.615
146,142,1.615
144,142,1.615
142,142,1.615
140,142,1.615
138,142,1.615
136,142,1.615
134,142,1.616
132,142,1.615
130,142,1.615
128,142,1.615
126,142,1.615
124,142,1.616
122,142,1.616
120,142,1.617
118,142,1.616
116,142,1.614
114,142,1.611
112,142,1.609
110,142,1.608
108,142,1.609
106,142,1.612
104,142,1.617
102,142,1.624
100,142,1.631
98,142,1.637
96,142,1.641
94,142,1.648
92,142,1.654
90,142,1.661
88,142,1.667
86,142,1.673
84,142,1.682
82,142,1.687
80,142,1.696
78,142,1.704
76,142,1.709
74,142,1.719
72,142,1.725
70,142,1.733
68,142,1.743
66,142,1.757
64,142,1.772
62,142,1.787
60,142,1.796
58,142,1.803
56,142,1.814
54,142,1.826
52,142,1.844
50,142,1.854
48,142,1.864
46,142,1.867
44,142,1.867
42,142,1.864
40,142,1.875
38,142,1.909
36,142,1.963
34,142,2.011
32,142,2.050
30,142,2.057
28,142,2.008
26,142,1.876
24,142,1.704
22,142,1.592
20,142,1.636
18,142,1.843
16,142,2.125
14,142,2.364
12,142,2.474
10,142,2.506
8,142,2.516
6,142,2.526
4,142,2.554
2,142,2.581
0,142,2.602
0,144,2.591
2,144,2.596
4,144,2.594
6,144,2.599
8,144,2.597
10,144,2.605
12,144,2.604
14,144,2.604
16,144,2.602
18,144,2.600
20,144,2.596
22,144,2.586
24,144,2.569
26,144,2.551
28,144,2.538
30,144,2.519
32,144,2.498
34,144,2.479
36,144,2.472
38,144,2.470
40,144,2.453
42,144,2.409
44,144,2.301
46,144,2.124
48,144,1.899
50,144,1.691
52,144,1.579
54,144,1.566
56,144,1.661
58,144,1.800
60,144,1.921
62,144,1.985
64,144,1.998
66,144,1.987
68,144,1.959
70,144,1.922
72,144,1.877
74,144,1.846
76,144,1.830
78,144,1.827
80,144,1.827
82,144,1.829
84,144,1.825
86,144,1.816
88,144,1.800
90,144,1.788
92,144,1.777
94,144,1.768
96,144,1.761
98,144,1.756
100,144,1.745
102,144,1.733
104,144,1.722
106,144,1.715
108,144,1.708
110,144,1.701
112,144,1.696
114,144,1.697
116,144,1.694
118,144,1.687
120,144,1.678
122,144,1.673
124,144,1.666
126,144,1.660
128,144,1.655
130,144,1.650
132,144,1.647
134,144,1.643
136,144,1.638
138,144,1.629
140,144,1.626
142,144,1.623
144,144,1.624
146,144,1.626
148,144,1.630
150,144,1.632
150,146,1.630
148,146,1.629
146,146,1.628
144,146,1.628
142,146,1.627
140,146,1.628
138,146,1.627
136,146,1.627
134,146,1.627
132,146,1.627
130,146,1.628
128,146,1.628
126,146,1.629
124,146,1.628
122,146,1.629
120,146,1.629
118,146,1.629
116,146,1.629
114,146,1.628
112,146,1.630
110,146,1.631
108,146,1.633
106,146,1.636
104,146,1.642
102,146,1.650
100,146,1.658
98,146,1.665
96,146,1.672
94,146,1.675
92,146,1.680
90,146,1.690
88,146,1.698
86,146,1.705
84,146,1.715
82,146,1.728
80,146,1.737
78,146,1.743
76,146,1.747
74,146,1.751
72,146,1.758
70,146,1.766
68,146,1.783
66,146,1.801
64,146,1.815
62,146,1.828
60,146,1.840
58,146,1.852
56,146,1.868
54,146,1.886
52,146,1.905
50,146,1.913
48,146,1.927
46,146,1.943
44,146,1.958
42,146,1.974
40,146,2.001
38,146,2.030
36,146,2.069
34,146,2.099
32,146,2.127
30,146,2.133
28,146,2.130
26,146,2.101
24,146,2.048
22,146,2.045
20,146,2.124
18,146,2.274
16,146,2.416
14,146,2.493
12,146,2.530
10,146,2.540
8,146,2.561
6,146,2.587
4,146,2.617
2,146,2.650
0,146,2.673
0,148,2.655
2,148,2.664
4,148,2.658
6,148,2.666
8,148,2.668
10,148,2.674
12,148,2.676
14,148,2.679
16,148,2.671
18,148,2.667
20,148,2.665
22,148,2.653
24,148,2.642
26,148,2.625
28,148,2.603
30,148,2.580
32,148,2.550
34,148,2.533
36,148,2.520
38,148,2.504
40,148,2.484
42,148,2.465
44,148,2.433
46,148,2.364
48,148,2.259
50,148,2.137
52,148,2.044
54,148,2.008
56,148,2.008
58,148,2.051
60,148,2.085
62,148,2.095
64,148,2.083
66,148,2.067
68,148,2.045
70,148,2.015
72,148,1.983
74,148,1.955
76,148,1.935
78,148,1.917
80,148,1.906
82,148,1.891
84,148,1.877
86,148,1.874
88,148,1.858
90,148,1.839
92,148,1.827
94,148,1.814
96,148,1.804
98,148,1.800
100,148,1.786
102,148,1.767
104,148,1.756
106,148,1.749
108,148,1.740
110,148,1.734
112,148,1.733
114,148,1.731
116,148,1.724
118,148,1.718
120,148,1.707
122,148,1.700
124,148,1.696
126,148,1.687
128,148,1.680
130,148,1.673
132,148,1.672
134,148,1.669
136,148,1.662
138,148,1.655
140,148,1.651
142,148,1.646
144,148,1.643
146,148,1.645
148,148,1.645
150,148,1.646
150,150,1.643
148,150,1.642
146,150,1.643
144,150,1.644
142,150,1.643
140,150,1.641
138,150,1.641
136,150,1.641
134,150,1.641
132,150,1.642
130,150,1.643
128,150,1.643
126,150,1.643
124,150,1.644
122,150,1.644
120,150,1.645
118,150,1.646
116,150,1.646
114,150,1.646
112,150,1.648
110,150,1.654
108,150,1.656
106,150,1.663
104,150,1.670
102,150,1.678
100,150,1.686
98,150,1.694
96,150,1.698
94,150,1.705
92,150,1.716
90,150,1.726
88,150,1.733
86,150,1.744
84,150,1.756
82,150,1.767
80,150,1.776
78,150,1.781
76,150,1.786
74,150,1.794
72,150,1.809
70,150,1.815
68,150,1.828
66,150,1.845
64,150,1.864
62,150,1.874
60,150,1.888
58,150,1.909
56,150,1.925
54,150,1.945
52,150,1.962
50,150,1.981
48,150,1.997
46,150,2.014
44,150,2.029
42,150,2.048
40,150,2.079
38,150,2.110
36,150,2.147
34,150,2.171
32,150,2.197
30,150,2.216
28,150,2.239
26,150,2.259
24,150,2.278
22,150,2.332
20,150,2.395
18,150,2.462
16,150,2.508
14,150,2.541
12,150,2.569
10,150,2.586
8,150,2.613
6,150,2.655
4,150,2.694
2,150,2.726
0,150,2.743
