0,0,8.473
2,0,8.473
4,0,8.475
6,0,8.476
8,0,8.481
10,0,8.481
12,0,8.468
14,0,8.461
16,0,8.460
18,0,8.398
20,0,8.335
22,0,8.328
24,0,8.281
26,0,8.140
28,0,8.013
30,0,8.013
32,0,7.956
34,0,7.978
36,0,7.939
38,0,8.181
40,0,8.378
42,0,8.447
44,0,8.467
46,0,8.485
48,0,8.464
50,0,8.482
52,0,8.472
54,0,8.416
56,0,8.325
58,0,8.269
60,0,8.159
62,0,8.004
64,0,7.959
66,0,7.939
68,0,8.062
70,0,8.178
72,0,8.253
74,0,8.257
76,0,8.308
78,0,8.348
80,0,8.412
82,0,8.453
84,0,8.482
86,0,8.489
88,0,8.486
90,0,8.448
92,0,8.441
94,0,8.394
96,0,8.325
98,0,8.275
100,0,8.157
102,0,8.125
104,0,8.023
106,0,7.975
108,0,8.007
110,0,7.982
112,0,7.978
114,0,8.012
116,0,8.077
118,0,8.199
120,0,8.261
122,0,8.283
124,0,8.399
126,0,8.412
128,0,8.456
130,0,8.385
132,0,8.437
134,0,8.473
136,0,8.464
138,0,8.467
140,0,8.475
142,0,8.454
144,0,8.455
146,0,8.439
148,0,8.393
150,0,8.243
150,2,8.204
148,2,8.299
146,2,8.239
144,2,8.313
142,2,8.341
140,2,8.376
138,2,8.364
136,2,8.430
134,2,8.394
132,2,8.414
130,2,8.467
128,2,8.475
126,2,8.475
124,2,8.475
122,2,8.468
120,2,8.473
118,2,8.470
116,2,8.460
114,2,8.442
112,2,8.407
110,2,8.414
108,2,8.410
106,2,8.299
104,2,8.257
102,2,8.181
100,2,8.075
98,2,8.033
96,2,8.006
94,2,7.991
92,2,7.945
90,2,8.009
88,2,8.059
86,2,8.158
84,2,8.239
82,2,8.268
80,2,8.390
78,2,8.398
76,2,8.482
74,2,8.489
72,2,8.491
70,2,8.495
68,2,8.480
66,2,8.391
64,2,8.367
62,2,8.322
60,2,8.189
58,2,8.041
56,2,7.957
54,2,7.964
52,2,8.017
50,2,8.147
48,2,8.272
46,2,8.354
44,2,8.415
42,2,8.468
40,2,8.484
38,2,8.482
36,2,8.440
34,2,8.429
32,2,8.333
30,2,8.135
28,2,8.015
26,2,7.966
24,2,7.927
22,2,7.947
20,2,8.208
18,2,8.340
16,2,8.424
14,2,8.466
12,2,8.478
10,2,8.487
8,2,8.489
6,2,8.488
4,2,8.488
2,2,8.487
0,2,8.484
0,4,8.480
2,4,8.483
4,4,8.485
6,4,8.487
8,4,8.488
10,4,8.489
12,4,8.488
14,4,8.480
16,4,8.458
18,4,8.423
20,4,8.388
22,4,8.348
24,4,8.175
26,4,8.018
28,4,7.928
30,4,7.879
32,4,8.047
34,4,8.144
36,4,8.250
38,4,8.377
40,4,8.465
42,4,8.479
44,4,8.479
46,4,8.472
48,4,8.440
50,4,8.376
52,4,8.394
54,4,8.308
56,4,8.185
58,4,8.055
60,4,8.053
62,4,7.972
64,4,7.988
66,4,8.014
68,4,8.082
70,4,8.253
72,4,8.323
74,4,8.411
76,4,8.457
78,4,8.463
80,4,8.495
82,4,8.498
84,4,8.495
86,4,8.451
88,4,8.366
90,4,8.337
92,4,8.286
94,4,8.120
96,4,8.119
98,4,8.057
100,4,8.032
102,4,7.931
104,4,7.946
106,4,7.976
108,4,8.113
110,4,8.161
112,4,8.260
114,4,8.134
116,4,8.297
118,4,8.413
120,4,8.423
122,4,8.457
124,4,8.475
126,4,8.462
128,4,8.468
130,4,8.475
132,4,8.462
134,4,8.450
136,4,8.414
138,4,8.441
140,4,8.372
142,4,8.288
144,4,8.283
146,4,8.339
148,4,8.261
150,4,8.091
150,6,8.053
148,6,7.972
146,6,8.047
144,6,8.145
142,6,8.131
140,6,8.240
138,6,8.321
136,6,8.383
134,6,8.233
132,6,8.327
130,6,8.412
128,6,8.404
126,6,8.448
124,6,8.464
122,6,8.439
120,6,8.471
118,6,8.476
116,6,8.476
114,6,8.443
112,6,8.405
110,6,8.401
108,6,8.420
106,6,8.376
104,6,8.307
102,6,8.147
100,6,8.156
98,6,8.027
96,6,7.960
94,6,7.965
92,6,7.986
90,6,8.075
88,6,8.104
86,6,8.122
84,6,8.258
82,6,8.338
80,6,8.369
78,6,8.440
76,6,8.461
74,6,8.481
72,6,8.498
70,6,8.490
68,6,8.495
66,6,8.402
64,6,8.325
62,6,8.247
60,6,8.216
58,6,8.070
56,6,7.977
54,6,8.000
52,6,7.991
50,6,8.139
48,6,8.248
46,6,8.402
44,6,8.436
42,6,8.417
40,6,8.472
38,6,8.487
36,6,8.458
34,6,8.376
32,6,8.284
30,6,8.118
28,6,8.037
26,6,7.949
24,6,7.915
22,6,7.996
20,6,8.170
18,6,8.312
16,6,8.400
14,6,8.448
12,6,8.466
10,6,8.481
8,6,8.489
6,6,8.489
4,6,8.489
2,6,8.487
0,6,8.482
0,8,8.482
2,8,8.485
4,8,8.486
6,8,8.489
8,8,8.489
10,8,8.488
12,8,8.486
14,8,8.479
16,8,8.460
18,8,8.387
20,8,8.288
22,8,8.261
24,8,8.168
26,8,8.028
28,8,7.944
30,8,8.009
32,8,8.142
34,8,8.273
36,8,8.349
38,8,8.400
40,8,8.478
42,8,8.478
44,8,8.463
46,8,8.446
48,8,8.304
50,8,8.211
52,8,8.238
54,8,8.127
56,8,8.030
58,8,7.993
60,8,8.039
62,8,8.110
64,8,8.078
66,8,8.210
68,8,8.358
70,8,8.435
72,8,8.453
74,8,8.462
76,8,8.485
78,8,8.490
80,8,8.483
82,8,8.414
84,8,8.398
86,8,8.398
88,8,8.223
90,8,8.152
92,8,8.133
94,8,7.967
96,8,7.937
98,8,7.943
100,8,7.974
102,8,8.049
104,8,8.104
106,8,8.177
108,8,8.285
110,8,8.375
112,8,8.414
114,8,8.430
116,8,8.472
118,8,8.453
120,8,8.469
122,8,8.477
124,8,8.478
126,8,8.447
128,8,8.437
130,8,8.402
132,8,8.396
134,8,8.382
136,8,8.310
138,8,8.181
140,8,8.234
142,8,8.177
144,8,8.037
146,8,8.122
148,8,8.062
150,8,8.027
150,10,7.922
148,10,7.941
146,10,7.974
144,10,7.917
142,10,7.983
140,10,7.982
138,10,8.057
136,10,8.138
134,10,8.235
132,10,8.227
130,10,8.244
128,10,8.361
126,10,8.364
124,10,8.421
122,10,8.426
120,10,8.448
118,10,8.473
116,10,8.477
114,10,8.474
112,10,8.458
110,10,8.449
108,10,8.427
106,10,8.425
104,10,8.367
102,10,8.288
100,10,8.357
98,10,8.065
96,10,8.056
94,10,8.025
92,10,7.970
90,10,7.940
88,10,7.969
86,10,8.068
84,10,8.201
82,10,8.244
80,10,8.319
78,10,8.378
76,10,8.456
74,10,8.473
72,10,8.491
70,10,8.490
68,10,8.483
66,10,8.485
64,10,8.428
62,10,8.373
60,10,8.273
58,10,8.195
56,10,7.999
54,10,7.963
52,10,7.991
50,10,8.106
48,10,8.223
46,10,8.313
44,10,8.345
42,10,8.407
40,10,8.487
38,10,8.488
36,10,8.484
34,10,8.465
32,10,8.407
30,10,8.281
28,10,8.134
26,10,7.948
24,10,7.820
22,10,7.824
20,10,7.970
18,10,8.299
16,10,8.400
14,10,8.438
12,10,8.464
10,10,8.482
8,10,8.489
6,10,8.493
4,10,8.493
2,10,8.491
0,10,8.486
0,12,8.488
2,12,8.489
4,12,8.492
6,12,8.492
8,12,8.494
10,12,8.493
12,12,8.486
14,12,8.472
16,12,8.413
18,12,8.272
20,12,8.245
22,12,8.125
24,12,8.023
26,12,8.004
28,12,8.057
30,12,8.133
32,12,8.196
34,12,8.314
36,12,8.418
38,12,8.449
40,12,8.445
42,12,8.472
44,12,8.420
46,12,8.320
48,12,8.237
50,12,8.033
52,12,8.000
54,12,7.991
56,12,8.028
58,12,8.083
60,12,8.187
62,12,8.267
64,12,8.325
66,12,8.353
68,12,8.426
70,12,8.475
72,12,8.481
74,12,8.475
76,12,8.428
78,12,8.418
80,12,8.426
82,12,8.393
84,12,8.197
86,12,8.059
88,12,8.000
90,12,7.937
92,12,7.938
94,12,8.019
96,12,8.120
98,12,8.081
100,12,8.185
102,12,8.309
104,12,8.255
106,12,8.366
108,12,8.440
110,12,8.454
112,12,8.477
114,12,8.487
116,12,8.482
118,12,8.464
120,12,8.459
122,12,8.431
124,12,8.432
126,12,8.389
128,12,8.254
130,12,8.219
132,12,8.175
134,12,8.127
136,12,8.060
138,12,7.994
140,12,7.956
142,12,7.943
144,12,7.927
146,12,8.009
148,12,7.958
150,12,8.007
150,14,8.151
148,14,8.247
146,14,8.152
144,14,7.962
142,14,7.950
140,14,7.913
138,14,7.907
136,14,7.950
134,14,8.004
132,14,8.031
130,14,7.967
128,14,8.136
126,14,8.269
124,14,8.384
122,14,8.372
120,14,8.311
118,14,8.402
116,14,8.447
114,14,8.474
112,14,8.485
110,14,8.479
108,14,8.486
106,14,8.487
104,14,8.456
102,14,8.384
100,14,8.369
98,14,8.319
96,14,8.220
94,14,8.113
92,14,8.188
90,14,8.044
88,14,7.940
86,14,7.944
84,14,7.962
82,14,7.933
80,14,8.004
78,14,8.068
76,14,8.299
74,14,8.408
72,14,8.450
70,14,8.473
68,14,8.486
66,14,8.485
64,14,8.484
62,14,8.458
60,14,8.403
58,14,8.343
56,14,8.213
54,14,8.136
52,14,7.993
50,14,7.972
48,14,7.974
46,14,8.072
44,14,8.238
42,14,8.355
40,14,8.431
38,14,8.462
36,14,8.481
34,14,8.492
32,14,8.448
30,14,8.338
28,14,8.326
26,14,8.118
24,14,8.013
22,14,7.792
20,14,7.786
18,14,8.101
16,14,8.248
14,14,8.319
12,14,8.411
10,14,8.460
8,14,8.466
6,14,8.486
4,14,8.494
2,14,8.492
0,14,8.489
0,16,8.478
2,16,8.482
4,16,8.485
6,16,8.487
8,16,8.487
10,16,8.468
12,16,8.407
14,16,8.400
16,16,8.254
18,16,8.032
20,16,8.030
22,16,8.004
24,16,8.132
26,16,8.219
28,16,8.333
30,16,8.352
32,16,8.339
34,16,8.347
36,16,8.400
38,16,8.425
40,16,8.406
42,16,8.343
44,16,8.243
46,16,8.087
48,16,7.998
50,16,7.993
52,16,8.017
54,16,8.150
56,16,8.306
58,16,8.410
60,16,8.438
62,16,8.422
64,16,8.479
66,16,8.473
68,16,8.460
70,16,8.445
72,16,8.391
74,16,8.295
76,16,8.275
78,16,8.173
80,16,8.112
82,16,7.989
84,16,7.972
86,16,7.969
88,16,7.994
90,16,8.063
92,16,8.127
94,16,8.197
96,16,8.314
98,16,8.340
100,16,8.398
102,16,8.429
104,16,8.431
106,16,8.471
108,16,8.478
110,16,8.448
112,16,8.423
114,16,8.458
116,16,8.413
118,16,8.384
120,16,8.408
122,16,8.379
124,16,8.243
126,16,8.062
128,16,7.946
130,16,7.986
132,16,7.915
134,16,7.942
136,16,7.926
138,16,7.958
140,16,8.038
142,16,8.105
144,16,8.124
146,16,8.167
148,16,8.270
150,16,8.357
150,18,8.322
148,18,8.206
146,18,8.185
144,18,8.159
142,18,8.169
140,18,8.089
138,18,8.081
136,18,8.115
134,18,8.048
132,18,7.919
130,18,7.948
128,18,7.948
126,18,7.900
124,18,8.093
122,18,8.030
120,18,8.050
118,18,8.071
116,18,8.250
114,18,8.375
112,18,8.350
110,18,8.429
108,18,8.447
106,18,8.464
104,18,8.475
102,18,8.475
100,18,8.473
98,18,8.438
96,18,8.403
94,18,8.342
92,18,8.217
90,18,8.127
88,18,8.115
86,18,8.123
84,18,8.020
82,18,7.939
80,18,7.948
78,18,8.007
76,18,8.124
74,18,8.267
72,18,8.368
70,18,8.414
68,18,8.375
66,18,8.431
64,18,8.484
62,18,8.479
60,18,8.471
58,18,8.444
56,18,8.379
54,18,8.317
52,18,8.151
50,18,7.998
48,18,7.989
46,18,8.020
44,18,8.030
42,18,7.999
40,18,8.251
38,18,8.340
36,18,8.425
34,18,8.461
32,18,8.481
30,18,8.451
28,18,8.432
26,18,8.301
24,18,8.076
22,18,7.799
20,18,7.783
18,18,7.937
16,18,8.098
14,18,8.257
12,18,8.346
10,18,8.381
8,18,8.419
6,18,8.457
4,18,8.471
2,18,8.460
0,18,8.438
0,20,8.356
2,20,8.383
4,20,8.409
6,20,8.422
8,20,8.432
10,20,8.405
12,20,8.298
14,20,8.129
16,20,8.000
18,20,7.965
20,20,7.992
22,20,8.116
24,20,8.258
26,20,8.346
28,20,8.409
30,20,8.402
32,20,8.357
34,20,8.319
36,20,8.211
38,20,8.206
40,20,8.245
42,20,8.184
44,20,8.017
46,20,7.993
48,20,8.040
50,20,8.155
52,20,8.221
54,20,8.334
56,20,8.366
58,20,8.456
60,20,8.472
62,20,8.474
64,20,8.455
66,20,8.431
68,20,8.393
70,20,8.388
72,20,8.263
74,20,8.060
76,20,8.045
78,20,7.953
80,20,7.997
82,20,7.962
84,20,8.017
86,20,8.072
88,20,8.282
90,20,8.310
92,20,8.307
94,20,8.390
96,20,8.458
98,20,8.466
100,20,8.475
102,20,8.477
104,20,8.467
106,20,8.434
108,20,8.407
110,20,8.411
112,20,8.357
114,20,8.298
116,20,8.199
118,20,8.065
120,20,7.934
122,20,7.924
124,20,7.932
126,20,7.913
128,20,7.942
130,20,8.038
132,20,8.033
134,20,8.076
136,20,8.066
138,20,8.159
140,20,8.242
142,20,8.214
144,20,8.311
146,20,8.409
148,20,8.435
150,20,8.455
150,22,8.456
148,22,8.442
146,22,8.450
144,22,8.413
142,22,8.419
140,22,8.315
138,22,8.312
136,22,8.290
134,22,8.243
132,22,8.088
130,22,8.058
128,22,8.018
126,22,8.065
124,22,7.920
122,22,7.931
120,22,8.053
118,22,8.022
116,22,7.971
114,22,8.065
112,22,8.185
110,22,8.252
108,22,8.225
106,22,8.382
104,22,8.376
102,22,8.407
100,22,8.447
98,22,8.446
96,22,8.448
94,22,8.444
92,22,8.425
90,22,8.424
88,22,8.399
86,22,8.334
84,22,8.256
82,22,8.154
80,22,8.054
78,22,7.927
76,22,7.936
74,22,7.958
72,22,8.020
70,22,8.094
68,22,8.299
66,22,8.316
64,22,8.346
62,22,8.414
60,22,8.436
58,22,8.451
56,22,8.442
54,22,8.419
52,22,8.384
50,22,8.321
48,22,8.247
46,22,8.084
44,22,7.991
42,22,7.975
40,22,7.973
38,22,8.187
36,22,8.208
34,22,8.303
32,22,8.378
30,22,8.451
28,22,8.450
26,22,8.396
24,22,8.294
22,22,8.179
20,22,7.988
18,22,7.914
16,22,7.899
14,22,7.940
12,22,7.980
10,22,8.124
8,22,8.263
6,22,8.305
4,22,8.289
2,22,8.203
0,22,8.043
0,24,7.498
2,24,7.691
4,24,7.882
6,24,8.002
8,24,7.953
10,24,7.997
12,24,7.748
14,24,7.683
16,24,7.768
18,24,7.921
20,24,8.017
22,24,8.196
24,24,8.327
26,24,8.370
28,24,8.368
30,24,8.348
32,24,8.288
34,24,8.176
36,24,8.009
38,24,7.971
40,24,7.921
42,24,7.914
44,24,7.994
46,24,8.163
48,24,8.244
50,24,8.339
52,24,8.403
54,24,8.444
56,24,8.451
58,24,8.435
60,24,8.411
62,24,8.322
64,24,8.240
66,24,8.216
68,24,8.098
70,24,7.937
72,24,7.911
74,24,7.907
76,24,7.964
78,24,8.005
80,24,8.042
82,24,8.287
84,24,8.377
86,24,8.386
88,24,8.408
90,24,8.439
92,24,8.456
94,24,8.462
96,24,8.458
98,24,8.434
100,24,8.368
102,24,8.322
104,24,8.316
106,24,8.262
108,24,8.237
110,24,8.136
112,24,7.904
114,24,7.871
116,24,7.859
118,24,7.872
120,24,7.913
122,24,7.958
124,24,7.957
126,24,7.986
128,24,8.082
130,24,8.197
132,24,8.292
134,24,8.300
136,24,8.301
138,24,8.384
140,24,8.410
142,24,8.377
144,24,8.366
146,24,8.419
148,24,8.422
150,24,8.417
150,26,8.361
148,26,8.363
146,26,8.362
144,26,8.362
142,26,8.357
140,26,8.345
138,26,8.345
136,26,8.319
134,26,8.268
132,26,8.282
130,26,8.285
128,26,8.189
126,26,8.000
124,26,8.029
122,26,7.921
120,26,7.728
118,26,7.716
116,26,7.739
114,26,7.711
112,26,7.703
110,26,7.816
108,26,7.872
106,26,7.882
104,26,8.130
102,26,8.011
100,26,8.213
98,26,8.294
96,26,8.337
94,26,8.339
92,26,8.391
90,26,8.399
88,26,8.392
86,26,8.359
84,26,8.308
82,26,8.324
80,26,8.333
78,26,8.043
76,26,8.109
74,26,8.020
72,26,7.915
70,26,7.889
68,26,7.977
66,26,7.946
64,26,8.017
62,26,8.200
60,26,8.277
58,26,8.308
56,26,8.307
54,26,8.296
52,26,8.275
50,26,8.276
48,26,8.203
46,26,8.047
44,26,7.924
42,26,7.874
40,26,7.762
38,26,7.715
36,26,7.758
34,26,7.918
32,26,8.076
30,26,8.212
28,26,8.241
26,26,8.241
24,26,8.062
22,26,7.904
20,26,7.556
18,26,7.235
16,26,7.250
14,26,7.234
12,26,7.270
10,26,7.250
8,26,7.181
6,26,7.293
4,26,7.259
2,26,6.878
0,26,6.274
0,28,5.330
2,28,5.590
4,28,5.933
6,28,6.166
8,28,6.092
10,28,5.464
12,28,5.339
14,28,5.719
16,28,6.282
18,28,6.939
20,28,7.498
22,28,7.775
24,28,7.782
26,28,7.749
28,28,7.669
30,28,7.417
32,28,7.263
34,28,7.401
36,28,7.445
38,28,7.518
40,28,7.637
42,28,7.756
44,28,8.062
46,28,8.185
48,28,8.210
50,28,8.230
52,28,8.235
54,28,8.243
56,28,8.256
58,28,8.120
60,28,8.042
62,28,8.064
64,28,7.706
66,28,7.587
68,28,7.616
70,28,7.673
72,28,7.719
74,28,7.995
76,28,8.092
78,28,8.204
80,28,8.265
82,28,8.322
84,28,8.324
86,28,8.370
88,28,8.364
90,28,8.372
92,28,8.345
94,28,8.341
96,28,8.224
98,28,8.122
100,28,7.835
102,28,7.968
104,28,7.942
106,28,7.642
108,28,7.520
110,28,7.486
112,28,7.416
114,28,7.428
116,28,7.473
118,28,7.549
120,28,7.717
122,28,7.676
124,28,7.691
126,28,7.803
128,28,7.917
130,28,7.972
132,28,7.973
134,28,8.079
136,28,8.093
138,28,8.078
140,28,8.077
142,28,8.089
144,28,8.086
146,28,8.070
148,28,7.900
150,28,8.036
150,30,7.458
148,30,7.460
146,30,7.555
144,30,7.542
142,30,7.542
140,30,7.531
138,30,7.523
136,30,7.516
134,30,7.515
132,30,7.439
130,30,7.343
128,30,7.243
126,30,7.223
124,30,7.087
122,30,6.915
120,30,6.856
118,30,6.504
116,30,6.163
114,30,6.184
112,30,6.123
110,30,6.020
108,30,5.972
106,30,6.003
104,30,6.235
102,30,6.424
100,30,6.880
98,30,7.094
96,30,7.293
94,30,7.530
92,30,7.703
90,30,7.829
88,30,7.929
86,30,7.980
84,30,7.992
82,30,8.005
80,30,7.957
78,30,7.871
76,30,7.786
74,30,7.596
72,30,7.416
70,30,7.323
68,30,7.119
66,30,7.034
64,30,7.022
62,30,6.876
60,30,6.782
58,30,6.818
56,30,7.103
54,30,7.260
52,30,7.286
50,30,7.373
48,30,7.282
46,30,7.078
44,30,6.797
42,30,6.456
40,30,6.055
38,30,5.716
36,30,5.612
34,30,5.810
32,30,6.385
30,30,6.433
28,30,7.024
26,30,7.001
24,30,6.756
22,30,6.390
20,30,5.888
18,30,5.221
16,30,5.161
14,30,4.559
12,30,3.946
10,30,3.412
8,30,3.586
6,30,4.472
4,30,4.921
2,30,4.614
0,30,4.425
0,32,4.179
2,32,3.986
4,32,3.597
6,32,2.843
8,32,1.839
10,32,1.439
12,32,1.646
14,32,2.095
16,32,2.888
18,32,3.867
20,32,5.415
22,32,6.014
24,32,6.154
26,32,6.043
28,32,5.802
30,32,5.406
32,32,4.232
34,32,4.030
36,32,4.561
38,32,5.387
40,32,6.014
42,32,5.989
44,32,6.510
46,32,6.759
48,32,6.820
50,32,6.946
52,32,6.904
54,32,6.747
56,32,6.558
58,32,6.386
60,32,6.069
62,32,5.483
64,32,5.294
66,32,5.079
68,32,5.222
70,32,5.569
72,32,6.124
74,32,6.597
76,32,7.205
78,32,7.418
80,32,7.543
82,32,7.595
84,32,7.643
86,32,7.727
88,32,7.657
90,32,7.608
92,32,7.565
94,32,7.241
96,32,7.018
98,32,6.645
100,32,6.281
102,32,6.011
104,32,5.695
106,32,5.644
108,32,5.522
110,32,5.028
112,32,4.937
114,32,5.161
116,32,5.363
118,32,5.394
120,32,5.306
122,32,5.737
124,32,5.908
126,32,6.070
128,32,6.082
130,32,6.165
132,32,6.294
134,32,6.282
136,32,6.290
138,32,6.278
140,32,6.147
142,32,6.092
144,32,5.919
146,32,5.703
148,32,5.983
150,32,5.722
150,34,4.512
148,34,3.951
146,34,4.411
144,34,4.683
142,34,5.032
140,34,5.027
138,34,5.070
136,34,5.136
134,34,5.205
132,34,5.134
130,34,5.120
128,34,5.115
126,34,5.033
124,34,4.707
122,34,4.150
120,34,4.128
118,34,4.108
116,34,3.628
114,34,3.355
112,34,3.007
110,34,2.645
108,34,2.365
106,34,2.270
104,34,2.370
102,34,2.474
100,34,2.673
98,34,3.280
96,34,3.928
94,34,4.521
92,34,4.747
90,34,5.381
88,34,5.793
86,34,6.261
84,34,6.336
82,34,6.376
80,34,6.463
78,34,6.306
76,34,5.727
74,34,5.177
72,34,5.182
70,34,4.265
68,34,3.734
66,34,3.453
64,34,3.024
62,34,2.861
60,34,2.925
58,34,3.258
56,34,4.033
54,34,4.880
52,34,5.044
50,34,4.887
48,34,5.236
46,34,4.951
44,34,4.551
42,34,3.591
40,34,3.065
38,34,2.295
36,34,2.273
34,34,2.238
32,34,2.348
30,34,2.954
28,34,4.094
26,34,4.175
24,34,4.268
22,34,4.441
20,34,4.378
18,34,4.256
16,34,3.829
14,34,2.284
12,34,1.445
10,34,7.040
8,34,7.662
6,34,1.201
4,34,2.253
2,34,2.879
0,34,3.392
0,36,3.107
2,36,2.410
4,36,1.768
6,36,1.098
8,36,3.629
10,36,7.330
12,36,1.237
14,36,1.584
16,36,2.357
18,36,3.033
20,36,3.465
22,36,3.796
24,36,3.713
26,36,3.235
28,36,2.876
30,36,1.659
32,36,1.071
34,36,1.420
36,36,1.941
38,36,2.803
40,36,3.737
42,36,4.155
44,36,4.550
46,36,4.664
48,36,4.658
50,36,4.644
52,36,4.056
54,36,2.741
56,36,2.903
58,36,2.143
60,36,1.810
62,36,2.008
64,36,1.802
66,36,1.790
68,36,3.040
70,36,3.750
72,36,4.383
74,36,4.430
76,36,4.995
78,36,5.280
80,36,5.428
82,36,5.124
84,36,5.355
86,36,5.218
88,36,4.602
90,36,3.708
92,36,3.455
94,36,3.265
96,36,3.170
98,36,2.877
100,36,2.428
102,36,2.327
104,36,2.358
106,36,2.487
108,36,2.559
110,36,2.958
112,36,3.388
114,36,3.264
116,36,3.268
118,36,3.287
120,36,4.071
122,36,4.293
124,36,4.418
126,36,4.432
128,36,4.398
130,36,4.445
132,36,4.103
134,36,3.994
136,36,4.063
138,36,3.413
140,36,2.784
142,36,2.616
144,36,2.576
146,36,2.237
148,36,1.653
150,36,1.531
150,38,1.180
148,38,1.228
146,38,1.549
144,38,2.149
142,38,2.200
140,38,2.443
138,38,3.155
136,38,3.189
134,38,3.006
132,38,3.660
130,38,3.890
128,38,3.859
126,38,3.860
124,38,3.958
122,38,3.973
120,38,4.034
118,38,3.616
116,38,3.022
114,38,3.031
112,38,2.920
110,38,2.045
108,38,1.351
106,38,1.195
104,38,1.173
102,38,9.915
100,38,6.408
98,38,7.212
96,38,1.156
94,38,1.127
92,38,1.641
90,38,1.871
88,38,2.588
86,38,3.886
84,38,3.750
82,38,4.073
80,38,4.233
78,38,4.093
76,38,3.790
74,38,3.643
72,38,2.847
70,38,2.288
68,38,2.485
66,38,1.708
64,38,8.798
62,38,5.290
60,38,5.107
58,38,7.639
56,38,1.362
54,38,1.482
52,38,1.997
50,38,2.582
48,38,2.951
46,38,3.292
44,38,3.275
42,38,2.958
40,38,2.877
38,38,2.407
36,38,1.356
34,38,1.069
32,38,6.614
30,38,5.557
28,38,6.749
26,38,1.185
24,38,1.842
22,38,2.418
20,38,2.774
18,38,2.938
16,38,2.749
14,38,2.181
12,38,1.505
10,38,7.421
8,38,3.370
6,38,6.772
4,38,7.520
2,38,1.338
0,38,2.687
0,40,1.946
2,40,1.181
4,40,5.916
6,40,4.570
8,40,1.084
10,40,1.502
12,40,1.549
14,40,2.321
16,40,2.543
18,40,2.491
20,40,2.451
22,40,2.092
24,40,1.288
26,40,7.661
28,40,5.578
30,40,4.329
32,40,4.568
34,40,1.070
36,40,1.708
38,40,2.232
40,40,2.560
42,40,2.805
44,40,2.786
46,40,3.014
48,40,2.446
50,40,1.959
52,40,1.137
54,40,9.968
56,40,4.785
58,40,5.532
60,40,5.618
62,40,7.738
64,40,1.065
66,40,1.798
68,40,2.162
70,40,2.837
72,40,3.085
74,40,3.362
76,40,3.127
78,40,3.167
80,40,3.119
82,40,2.029
84,40,1.784
86,40,1.905
88,40,1.181
90,40,7.534
92,40,7.696
94,40,7.819
96,40,7.890
98,40,1.329
100,40,1.714
102,40,1.777
104,40,1.967
106,40,2.313
108,40,2.761
110,40,2.914
112,40,2.998
114,40,3.244
116,40,3.475
118,40,3.486
120,40,3.522
122,40,3.296
124,40,3.368
126,40,3.233
128,40,2.931
130,40,2.771
132,40,2.513
134,40,1.500
136,40,1.547
138,40,1.218
140,40,1.030
142,40,1.195
144,40,1.045
146,40,7.144
148,40,7.408
150,40,7.328
150,42,5.211
148,42,7.277
146,42,5.570
144,42,5.031
142,42,5.773
140,42,8.082
138,42,9.563
136,42,7.611
134,42,9.618
132,42,9.071
130,42,1.531
128,42,2.325
126,42,2.278
124,42,2.243
122,42,2.587
120,42,2.874
118,42,3.041
116,42,3.267
114,42,3.185
112,42,3.036
110,42,3.100
108,42,3.106
106,42,2.536
104,42,1.824
102,42,1.373
100,42,1.151
98,42,1.130
96,42,8.259
94,42,5.763
92,42,3.921
90,42,4.714
88,42,4.913
86,42,9.652
84,42,1.353
82,42,1.192
80,42,1.900
78,42,2.468
76,42,2.641
74,42,3.035
72,42,2.997
70,42,2.882
68,42,2.684
66,42,2.436
64,42,1.881
62,42,1.485
60,42,1.077
58,42,1.154
56,42,4.857
54,42,5.545
52,42,6.305
50,42,6.582
48,42,1.611
46,42,2.485
44,42,2.102
42,42,3.409
40,42,3.695
38,42,3.539
36,42,3.218
34,42,2.529
32,42,2.149
30,42,1.510
28,42,8.699
26,42,7.298
24,42,6.972
22,42,8.659
20,42,1.264
18,42,2.096
16,42,2.554
14,42,2.914
12,42,2.973
10,42,2.481
8,42,2.164
6,42,1.284
4,42,8.114
2,42,6.341
0,42,7.253
0,44,9.900
2,44,8.692
4,44,1.400
6,44,2.027
8,44,3.035
10,44,3.498
12,44,3.852
14,44,3.561
16,44,2.878
18,44,2.782
20,44,1.938
22,44,1.075
24,44,7.491
26,44,8.868
28,44,1.228
30,44,1.855
32,44,2.272
34,44,2.669
36,44,2.801
38,44,2.967
40,44,2.999
42,44,2.801
44,44,2.263
46,44,2.229
48,44,1.249
50,44,7.927
52,44,6.541
54,44,8.275
56,44,1.666
58,44,2.038
60,44,2.584
62,44,2.970
64,44,3.213
66,44,3.336
68,44,3.323
70,44,3.045
72,44,2.924
74,44,2.617
76,44,1.593
78,44,1.322
80,44,1.310
82,44,5.376
84,44,4.062
86,44,3.815
88,44,4.302
90,44,7.954
92,44,7.891
94,44,1.457
96,44,2.051
98,44,2.242
100,44,2.401
102,44,2.621
104,44,3.006
106,44,3.100
108,44,3.052
110,44,3.226
112,44,3.120
114,44,3.067
116,44,2.734
118,44,2.429
120,44,2.106
122,44,1.812
124,44,1.794
126,44,1.017
128,44,5.391
130,44,6.977
132,44,5.038
134,44,3.533
136,44,3.515
138,44,4.856
140,44,4.196
142,44,9.016
144,44,1.081
146,44,5.071
148,44,6.791
150,44,1.174
150,46,2.337
148,46,1.700
146,46,1.473
144,46,8.546
142,46,1.026
140,46,1.015
138,46,1.014
136,46,6.657
134,46,5.931
132,46,6.255
130,46,5.700
128,46,8.264
126,46,8.469
124,46,1.120
122,46,1.347
120,46,1.757
118,46,2.334
116,46,2.864
114,46,3.016
112,46,3.491
110,46,3.636
108,46,3.714
106,46,3.699
104,46,3.606
102,46,3.485
100,46,3.246
98,46,2.795
96,46,2.421
94,46,2.426
92,46,2.348
90,46,1.903
88,46,1.326
86,46,1.205
84,46,1.228
82,46,1.462
80,46,1.404
78,46,1.566
76,46,2.877
74,46,3.338
72,46,3.028
70,46,3.778
68,46,4.063
66,46,4.568
64,46,4.631
62,46,4.626
60,46,4.196
58,46,3.784
56,46,3.232
54,46,3.232
52,46,2.526
50,46,2.244
48,46,2.233
46,46,3.076
44,46,3.388
42,46,3.982
40,46,4.722
38,46,5.035
36,46,5.004
34,46,5.008
32,46,4.655
30,46,4.331
28,46,3.837
26,46,3.607
24,46,3.368
22,46,3.040
20,46,3.052
18,46,3.233
16,46,3.829
14,46,4.880
12,46,5.039
10,46,5.331
8,46,5.267
6,46,4.645
4,46,3.996
2,46,3.348
0,46,2.904
0,48,4.896
2,48,5.221
4,48,5.402
6,48,6.008
8,48,6.083
10,48,5.934
12,48,5.761
14,48,5.449
16,48,4.604
18,48,3.900
20,48,3.914
22,48,4.118
24,48,4.425
26,48,4.794
28,48,5.345
30,48,5.493
32,48,5.465
34,48,5.379
36,48,5.055
38,48,4.685
40,48,4.043
42,48,3.100
44,48,2.728
46,48,2.708
48,48,2.782
50,48,3.638
52,48,4.437
54,48,5.113
56,48,5.253
58,48,5.421
60,48,5.525
62,48,5.491
64,48,5.249
66,48,4.683
68,48,4.215
70,48,4.438
72,48,3.683
74,48,2.636
76,48,2.572
78,48,2.545
80,48,2.320
82,48,2.556
84,48,2.704
86,48,3.267
88,48,3.738
90,48,3.756
92,48,3.925
94,48,4.622
96,48,4.503
98,48,4.495
100,48,4.456
102,48,4.415
104,48,4.288
106,48,4.138
108,48,3.374
110,48,3.055
112,48,2.612
114,48,2.131
116,48,1.675
118,48,1.697
120,48,1.334
122,48,1.297
124,48,1.281
126,48,1.337
128,48,1.547
130,48,1.930
132,48,2.386
134,48,2.648
136,48,2.549
138,48,3.319
140,48,3.639
142,48,3.607
144,48,3.696
146,48,3.736
148,48,3.865
150,48,3.864
150,50,4.693
148,50,4.750
146,50,4.828
144,50,4.743
142,50,4.771
140,50,4.415
138,50,4.275
136,50,4.347
134,50,4.512
132,50,3.730
130,50,3.064
128,50,3.020
126,50,3.249
124,50,2.882
122,50,2.632
120,50,2.600
118,50,2.832
116,50,2.984
114,50,3.048
112,50,3.607
110,50,4.681
108,50,4.688
106,50,4.514
104,50,4.805
102,50,5.345
100,50,5.823
98,50,5.866
96,50,5.721
94,50,5.790
92,50,5.946
90,50,5.903
88,50,6.004
86,50,5.555
84,50,5.197
82,50,4.996
80,50,5.196
78,50,4.768
76,50,4.643
74,50,4.714
72,50,4.934
70,50,5.521
68,50,5.444
66,50,6.129
64,50,6.936
62,50,7.135
60,50,7.345
58,50,7.392
56,50,7.374
54,50,7.285
52,50,7.186
50,50,7.036
48,50,6.526
46,50,6.314
44,50,6.359
42,50,6.197
40,50,6.343
38,50,6.566
36,50,6.897
34,50,7.123
32,50,7.284
30,50,7.500
28,50,7.548
26,50,7.554
24,50,7.541
22,50,7.384
20,50,7.196
18,50,6.991
16,50,6.915
14,50,6.805
12,50,6.981
10,50,7.370
8,50,7.609
6,50,7.749
4,50,7.678
2,50,7.541
0,50,7.473
0,52,8.020
2,52,8.097
4,52,8.061
6,52,8.053
8,52,7.876
10,52,7.656
12,52,7.346
14,52,7.250
16,52,7.233
18,52,7.450
20,52,7.539
22,52,7.860
24,52,7.914
26,52,7.970
28,52,7.946
30,52,7.836
32,52,7.657
34,52,7.292
36,52,6.951
38,52,6.862
40,52,6.871
42,52,7.090
44,52,7.077
46,52,7.207
48,52,7.483
50,52,7.598
52,52,7.604
54,52,7.718
56,52,7.686
58,52,7.518
60,52,7.467
62,52,7.268
64,52,6.846
66,52,6.568
68,52,6.479
70,52,6.586
72,52,6.593
74,52,6.696
76,52,6.865
78,52,6.893
80,52,7.056
82,52,7.111
84,52,7.062
86,52,7.006
88,52,7.130
90,52,7.147
92,52,7.142
94,52,7.149
96,52,7.088
98,52,6.182
100,52,6.388
102,52,5.968
104,52,5.321
106,52,5.329
108,52,5.048
110,52,4.885
112,52,4.854
114,52,4.888
116,52,4.930
118,52,5.116
120,52,5.211
122,52,5.446
124,52,5.577
126,52,5.882
128,52,5.990
130,52,5.743
132,52,6.090
134,52,6.377
136,52,6.383
138,52,6.484
140,52,6.490
142,52,6.508
144,52,6.485
146,52,6.347
148,52,6.289
150,52,6.086
150,54,6.880
148,54,6.972
146,54,7.163
144,54,7.340
142,54,7.432
140,54,7.488
138,54,7.512
136,54,7.510
134,54,7.499
132,54,7.517
130,54,7.412
128,54,7.328
126,54,7.296
124,54,7.100
122,54,7.034
120,54,7.003
118,54,6.967
116,54,6.617
114,54,6.654
112,54,6.680
110,54,6.636
108,54,6.691
106,54,6.910
104,54,6.934
102,54,7.232
100,54,7.412
98,54,7.582
96,54,7.789
94,54,7.908
92,54,8.016
90,54,8.072
88,54,8.080
86,54,8.104
84,54,8.093
82,54,8.060
80,54,8.005
78,54,7.941
76,54,7.826
74,54,7.726
72,54,7.706
70,54,7.607
68,54,7.624
66,54,7.575
64,54,7.679
62,54,7.857
60,54,8.015
58,54,8.151
56,54,8.165
54,54,8.299
52,54,8.325
50,54,8.303
48,54,8.312
46,54,8.254
44,54,8.064
42,54,8.047
40,54,7.973
38,54,7.900
36,54,7.779
34,54,7.932
32,54,8.044
30,54,8.144
28,54,8.170
26,54,8.326
24,54,8.376
22,54,8.378
20,54,8.331
18,54,8.234
16,54,8.174
14,54,8.118
12,54,7.866
10,54,7.848
8,54,7.982
6,54,8.245
4,54,8.323
2,54,8.366
0,54,8.393
0,56,8.431
2,56,8.356
4,56,8.142
6,56,8.167
8,56,7.942
10,56,7.925
12,56,7.929
14,56,8.140
16,56,8.320
18,56,8.352
20,56,8.415
22,56,8.422
24,56,8.388
26,56,8.212
28,56,8.210
30,56,8.020
32,56,7.946
34,56,7.883
36,56,7.890
38,56,8.108
40,56,8.172
42,56,8.283
44,56,8.321
46,56,8.356
48,56,8.380
50,56,8.373
52,56,8.323
54,56,8.283
56,56,8.247
58,56,7.864
60,56,7.756
62,56,7.761
64,56,7.815
66,56,7.911
68,56,7.864
70,56,8.068
72,56,8.109
74,56,8.233
76,56,8.296
78,56,8.310
80,56,8.311
82,56,8.285
84,56,8.240
86,56,8.236
88,56,8.137
90,56,8.060
92,56,8.088
94,56,7.835
96,56,7.613
98,56,7.767
100,56,7.690
102,56,7.555
104,56,7.571
106,56,7.624
108,56,7.697
110,56,7.822
112,56,7.817
114,56,8.035
116,56,7.977
118,56,7.995
120,56,8.058
122,56,8.099
124,56,8.112
126,56,8.113
128,56,8.108
130,56,8.078
132,56,8.047
134,56,8.070
136,56,8.086
138,56,8.056
140,56,7.848
142,56,7.743
144,56,7.637
146,56,7.811
148,56,7.761
150,56,7.319
150,58,7.579
148,58,7.662
146,58,7.872
144,58,7.811
142,58,7.886
140,58,7.997
138,58,8.073
136,58,8.083
134,58,8.152
132,58,8.266
130,58,8.238
128,58,8.301
126,58,8.325
124,58,8.328
122,58,8.306
120,58,8.305
118,58,8.257
116,58,8.243
114,58,8.209
112,58,8.130
110,58,8.021
108,58,8.026
106,58,7.944
104,58,7.828
102,58,7.767
100,58,7.796
98,58,7.865
96,58,7.818
94,58,8.088
92,58,8.146
90,58,8.159
88,58,8.282
86,58,8.348
84,58,8.384
82,58,8.411
80,58,8.418
78,58,8.424
76,58,8.402
74,58,8.378
72,58,8.255
70,58,8.206
68,58,8.226
66,58,8.071
64,58,7.955
62,58,7.844
60,58,7.806
58,58,8.008
56,58,8.025
54,58,8.152
52,58,8.319
50,58,8.396
48,58,8.422
46,58,8.448
44,58,8.435
42,58,8.392
40,58,8.314
38,58,8.286
36,58,8.042
34,58,7.943
32,58,7.943
30,58,8.038
28,58,8.059
26,58,8.215
24,58,8.362
22,58,8.428
20,58,8.465
18,58,8.464
16,58,8.429
14,58,8.388
12,58,8.179
10,58,7.958
8,58,7.952
6,58,7.938
4,58,8.214
2,58,8.401
0,58,8.415
0,60,8.294
2,60,8.222
4,60,8.070
6,60,7.887
8,60,7.868
10,60,8.048
12,60,8.279
14,60,8.390
16,60,8.372
18,60,8.426
20,60,8.424
22,60,8.384
24,60,8.230
26,60,8.107
28,60,8.155
30,60,7.949
32,60,7.993
34,60,8.164
36,60,8.118
38,60,8.288
40,60,8.419
42,60,8.454
44,60,8.460
46,60,8.447
48,60,8.374
50,60,8.320
52,60,8.247
54,60,8.028
56,60,7.858
58,60,7.863
60,60,7.899
62,60,8.011
64,60,8.209
66,60,8.294
68,60,8.379
70,60,8.389
72,60,8.403
74,60,8.408
76,60,8.424
78,60,8.378
80,60,8.375
82,60,8.285
84,60,8.276
86,60,8.124
88,60,7.916
90,60,7.990
92,60,7.844
94,60,7.887
96,60,7.863
98,60,7.846
100,60,8.008
102,60,8.062
104,60,8.115
106,60,8.256
108,60,8.266
110,60,8.331
112,60,8.372
114,60,8.400
116,60,8.402
118,60,8.393
120,60,8.383
122,60,8.367
124,60,8.345
126,60,8.327
128,60,8.255
130,60,8.191
132,60,8.120
134,60,8.092
136,60,7.893
138,60,7.958
140,60,7.881
142,60,7.860
144,60,7.796
146,60,7.724
148,60,7.788
150,60,7.939
150,62,8.024
148,62,7.829
146,62,7.760
144,62,7.778
142,62,7.787
140,62,7.809
138,62,7.899
136,62,7.959
134,62,8.125
132,62,8.118
130,62,8.175
128,62,8.229
126,62,8.334
124,62,8.302
122,62,8.335
120,62,8.411
118,62,8.406
116,62,8.406
114,62,8.407
112,62,8.380
110,62,8.365
108,62,8.317
106,62,8.270
104,62,8.208
102,62,7.957
100,62,7.903
98,62,7.848
96,62,7.872
94,62,7.934
92,62,7.921
90,62,7.848
88,62,7.996
86,62,8.260
84,62,8.131
82,62,8.366
80,62,8.449
78,62,8.435
76,62,8.403
74,62,8.357
72,62,8.433
70,62,8.417
68,62,8.429
66,62,8.341
64,62,7.974
62,62,7.822
60,62,7.825
58,62,7.872
56,62,7.847
54,62,7.919
52,62,8.013
50,62,8.334
48,62,8.231
46,62,8.317
44,62,8.392
42,62,8.380
40,62,8.211
38,62,8.348
36,62,8.217
34,62,8.053
32,62,8.079
30,62,7.802
28,62,7.850
26,62,7.992
24,62,8.145
22,62,8.177
20,62,8.287
18,62,8.346
16,62,8.370
14,62,8.335
12,62,8.250
10,62,8.177
8,62,8.078
6,62,7.750
4,62,7.888
2,62,7.847
0,62,7.994
0,64,7.771
2,64,7.610
4,64,7.415
6,64,7.449
8,64,7.669
10,64,7.884
12,64,8.119
14,64,8.236
16,64,8.208
18,64,8.191
20,64,8.098
22,64,8.045
24,64,7.831
26,64,7.712
28,64,7.729
30,64,7.831
32,64,8.176
34,64,8.141
36,64,8.295
38,64,8.345
40,64,8.358
42,64,8.317
44,64,8.205
46,64,8.109
48,64,7.996
50,64,7.977
52,64,7.794
54,64,7.837
56,64,8.002
58,64,8.128
60,64,8.195
62,64,8.279
64,64,8.368
66,64,8.384
68,64,8.401
70,64,8.396
72,64,8.350
74,64,8.294
76,64,8.178
78,64,8.132
80,64,8.127
82,64,7.830
84,64,7.834
86,64,7.805
88,64,7.859
90,64,7.930
92,64,7.963
94,64,8.092
96,64,8.265
98,64,8.318
100,64,8.365
102,64,8.324
104,64,8.398
106,64,8.393
108,64,8.416
110,64,8.396
112,64,8.383
114,64,8.372
116,64,8.330
118,64,8.316
120,64,8.165
122,64,8.084
124,64,7.918
126,64,7.978
128,64,7.834
130,64,7.813
132,64,7.852
134,64,7.794
136,64,7.776
138,64,7.949
140,64,7.933
142,64,7.821
144,64,7.841
146,64,8.002
148,64,8.115
150,64,7.911
150,66,7.904
148,66,8.046
146,66,8.194
144,66,7.863
142,66,8.189
140,66,8.094
138,66,7.885
136,66,7.838
134,66,7.868
132,66,7.734
130,66,7.795
128,66,7.763
126,66,7.837
124,66,7.931
122,66,8.081
120,66,8.144
118,66,8.234
116,66,8.256
114,66,8.290
112,66,8.306
110,66,8.330
108,66,8.294
106,66,8.291
104,66,8.348
102,66,8.309
100,66,8.043
98,66,8.134
96,66,7.933
94,66,7.857
92,66,7.836
90,66,7.636
88,66,7.641
86,66,7.686
84,66,7.768
82,66,8.036
80,66,7.807
78,66,8.029
76,66,8.101
74,66,8.212
72,66,8.316
70,66,8.333
68,66,8.334
66,66,8.276
64,66,8.251
62,66,8.197
60,66,8.014
58,66,7.898
56,66,7.896
54,66,7.683
52,66,7.700
50,66,7.776
48,66,7.728
46,66,7.809
44,66,7.936
42,66,7.917
40,66,8.048
38,66,8.078
36,66,8.103
34,66,8.071
32,66,7.869
30,66,7.767
28,66,7.717
26,66,7.298
24,66,7.204
22,66,7.461
20,66,7.673
18,66,7.845
16,66,7.993
14,66,7.995
12,66,7.965
10,66,7.842
8,66,7.398
6,66,7.037
4,66,6.662
2,66,6.309
0,66,6.588
0,68,6.067
2,68,5.635
4,68,5.816
6,68,5.973
8,68,5.952
10,68,6.143
12,68,6.696
14,68,7.059
16,68,7.365
18,68,7.402
20,68,7.261
22,68,7.124
24,68,7.028
26,68,7.198
28,68,7.459
30,68,7.753
32,68,7.898
34,68,7.979
36,68,7.990
38,68,7.915
40,68,7.750
42,68,7.667
44,68,7.403
46,68,7.267
48,68,7.198
50,68,7.256
52,68,7.580
54,68,7.751
56,68,7.796
58,68,8.102
60,68,8.159
62,68,8.207
64,68,8.232
66,68,8.209
68,68,8.152
70,68,8.124
72,68,7.979
74,68,7.852
76,68,7.679
78,68,7.729
80,68,7.569
82,68,7.657
84,68,7.849
86,68,7.879
88,68,7.965
90,68,8.085
92,68,8.096
94,68,8.104
96,68,8.278
98,68,8.291
100,68,8.280
102,68,8.263
104,68,8.252
106,68,8.253
108,68,8.158
110,68,8.039
112,68,7.771
114,68,7.815
116,68,7.847
118,68,7.765
120,68,7.780
122,68,7.506
124,68,7.452
126,68,7.511
128,68,7.504
130,68,7.581
132,68,7.868
134,68,7.894
136,68,8.031
138,68,8.012
140,68,8.082
142,68,8.086
144,68,8.222
146,68,8.234
148,68,8.256
150,68,8.299
150,70,8.182
148,70,8.171
146,70,8.117
144,70,8.113
142,70,8.052
140,70,8.096
138,70,8.112
136,70,7.746
134,70,7.908
132,70,7.941
130,70,7.742
128,70,7.633
126,70,7.578
124,70,7.506
122,70,7.191
120,70,7.174
118,70,7.246
116,70,7.275
114,70,7.135
112,70,7.372
110,70,7.651
108,70,7.775
106,70,7.969
104,70,8.023
102,70,8.042
100,70,8.070
98,70,7.908
96,70,7.908
94,70,7.991
92,70,8.004
90,70,7.600
88,70,7.355
86,70,7.502
84,70,7.566
82,70,7.282
80,70,7.130
78,70,7.177
76,70,7.330
74,70,7.644
72,70,7.651
70,70,7.815
68,70,7.891
66,70,7.872
64,70,8.077
62,70,8.045
60,70,8.040
58,70,8.079
56,70,8.012
54,70,7.796
52,70,7.647
50,70,7.185
48,70,7.105
46,70,6.899
44,70,6.746
42,70,7.027
40,70,7.168
38,70,7.358
36,70,7.550
34,70,7.575
32,70,7.674
30,70,7.643
28,70,7.466
26,70,7.077
24,70,6.811
22,70,6.369
20,70,6.002
18,70,6.404
16,70,6.541
14,70,6.739
12,70,6.874
10,70,6.185
8,70,4.948
6,70,3.728
4,70,3.079
2,70,3.197
0,70,3.777
0,72,3.469
2,72,3.127
4,72,2.600
6,72,2.315
8,72,2.376
10,72,2.612
12,72,3.163
14,72,3.329
16,72,3.871
18,72,4.956
20,72,5.700
22,72,6.468
24,72,7.024
26,72,7.189
28,72,7.263
30,72,7.248
32,72,7.308
34,72,7.280
36,72,7.081
38,72,7.018
40,72,6.594
42,72,6.338
44,72,6.521
46,72,6.657
48,72,6.712
50,72,6.855
52,72,7.298
54,72,7.611
56,72,7.711
58,72,7.817
60,72,7.832
62,72,7.739
64,72,7.540
66,72,7.498
68,72,7.304
70,72,7.233
72,72,7.216
74,72,7.421
76,72,7.472
78,72,7.375
80,72,7.507
82,72,7.987
84,72,7.997
86,72,7.950
88,72,7.994
90,72,7.995
92,72,7.956
94,72,7.974
96,72,7.830
98,72,7.956
100,72,7.393
102,72,7.405
104,72,7.621
106,72,7.295
108,72,7.140
110,72,7.056
112,72,6.905
114,72,6.815
116,72,6.895
118,72,6.957
120,72,7.127
122,72,7.236
124,72,7.449
126,72,7.712
128,72,7.808
130,72,7.883
132,72,7.954
134,72,8.003
136,72,7.902
138,72,8.021
140,72,8.037
142,72,8.043
144,72,8.044
146,72,8.018
148,72,8.003
150,72,8.030
150,74,7.908
148,74,7.715
146,74,7.913
144,74,7.958
142,74,7.961
140,74,7.946
138,74,7.937
136,74,7.890
134,74,7.789
132,74,7.730
130,74,7.716
128,74,7.636
126,74,7.573
124,74,7.455
122,74,7.125
120,74,6.887
118,74,6.801
116,74,6.727
114,74,6.662
112,74,6.466
110,74,6.745
108,74,6.907
106,74,7.175
104,74,7.189
102,74,7.470
100,74,7.605
98,74,7.799
96,74,7.853
94,74,7.875
92,74,7.873
90,74,7.860
88,74,7.810
86,74,7.716
84,74,7.593
82,74,7.419
80,74,7.070
78,74,6.883
76,74,6.650
74,74,6.462
72,74,6.563
70,74,6.654
68,74,6.668
66,74,6.666
64,74,7.430
62,74,7.680
60,74,7.684
58,74,7.735
56,74,7.788
54,74,7.837
52,74,7.603
50,74,7.367
48,74,7.195
46,74,6.719
44,74,6.046
42,74,5.496
40,74,5.400
38,74,5.713
36,74,6.075
34,74,7.120
32,74,7.342
30,74,7.418
28,74,7.393
26,74,7.304
24,74,6.874
22,74,6.654
20,74,6.059
18,74,5.639
16,74,5.485
14,74,5.382
12,74,5.024
10,74,4.062
8,74,2.597
6,74,1.448
4,74,9.818
2,74,1.337
0,74,2.581
0,76,3.294
2,76,2.367
4,76,6.783
6,76,7.036
8,76,7.291
10,76,1.137
12,76,1.387
14,76,1.689
16,76,2.111
18,76,3.547
20,76,5.653
22,76,6.314
24,76,6.850
26,76,7.014
28,76,6.841
30,76,6.720
32,76,6.565
34,76,5.928
36,76,6.342
38,76,6.405
40,76,6.177
42,76,6.094
44,76,6.348
46,76,6.819
48,76,6.598
50,76,6.882
52,76,7.009
54,76,7.087
56,76,7.178
58,76,7.135
60,76,7.044
62,76,6.859
64,76,6.957
66,76,6.726
68,76,6.609
70,76,6.645
72,76,6.791
74,76,6.915
76,76,7.000
78,76,6.880
80,76,7.414
82,76,7.445
84,76,7.472
86,76,7.633
88,76,7.704
90,76,7.693
92,76,7.730
94,76,7.426
96,76,7.384
98,76,7.460
100,76,6.994
102,76,6.803
104,76,6.675
106,76,6.667
108,76,6.635
110,76,6.731
112,76,6.462
114,76,6.770
116,76,6.822
118,76,6.926
120,76,7.343
122,76,7.448
124,76,7.510
126,76,7.695
128,76,7.767
130,76,7.791
132,76,7.790
134,76,7.795
136,76,7.787
138,76,7.730
140,76,7.676
142,76,7.704
144,76,7.626
146,76,7.512
148,76,7.272
150,76,7.098
150,78,6.810
148,78,7.303
146,78,7.347
144,78,7.463
142,78,7.678
140,78,7.685
138,78,7.683
136,78,7.613
134,78,7.612
132,78,7.705
130,78,7.691
128,78,7.601
126,78,7.467
124,78,7.701
122,78,7.617
120,78,7.151
118,78,7.462
116,78,7.215
114,78,6.755
112,78,6.416
110,78,6.151
108,78,6.097
106,78,6.176
104,78,6.355
102,78,6.951
100,78,6.737
98,78,7.202
96,78,7.428
94,78,7.585
92,78,7.728
90,78,7.787
88,78,7.810
86,78,7.789
84,78,7.745
82,78,7.634
80,78,7.440
78,78,7.097
76,78,6.786
74,78,6.174
72,78,5.951
70,78,5.624
68,78,5.659
66,78,5.864
64,78,6.513
62,78,6.666
60,78,6.856
58,78,7.284
56,78,7.559
54,78,7.568
52,78,7.491
50,78,7.442
48,78,7.204
46,78,6.691
44,78,6.103
42,78,5.259
40,78,4.650
38,78,4.335
36,78,4.613
34,78,5.211
32,78,6.040
30,78,6.726
28,78,6.862
26,78,6.830
24,78,6.783
22,78,6.545
20,78,6.620
18,78,6.383
16,78,5.860
14,78,5.442
12,78,4.570
10,78,4.745
8,78,3.399
6,78,1.742
4,78,1.565
2,78,1.997
0,78,3.373
0,80,4.823
2,80,3.927
4,80,2.869
6,80,2.034
8,80,1.535
10,80,1.359
12,80,2.193
14,80,2.358
16,80,3.447
18,80,5.137
20,80,6.179
22,80,6.628
24,80,6.870
26,80,6.458
28,80,6.311
30,80,5.972
32,80,5.092
34,80,4.776
36,80,4.834
38,80,5.170
40,80,5.927
42,80,6.443
44,80,6.582
46,80,6.714
48,80,6.670
50,80,6.467
52,80,6.342
54,80,6.142
56,80,6.179
58,80,5.886
60,80,5.712
62,80,5.912
64,80,6.023
66,80,6.421
68,80,6.862
70,80,6.940
72,80,7.033
74,80,7.137
76,80,7.304
78,80,7.257
80,80,7.145
82,80,6.991
84,80,7.112
86,80,7.018
88,80,7.064
90,80,7.126
92,80,7.038
94,80,7.025
96,80,6.741
98,80,6.603
100,80,6.525
102,80,6.702
104,80,6.681
106,80,7.041
108,80,7.116
110,80,7.293
112,80,7.404
114,80,7.174
116,80,7.334
118,80,7.471
120,80,7.585
122,80,7.603
124,80,7.669
126,80,7.714
128,80,7.675
130,80,7.450
132,80,7.456
134,80,7.528
136,80,7.686
138,80,7.464
140,80,7.252
142,80,7.035
144,80,6.746
146,80,6.721
148,80,6.881
150,80,6.590
150,82,6.521
148,82,6.401
146,82,6.499
144,82,6.612
142,82,6.735
140,82,7.075
138,82,7.393
136,82,7.341
134,82,7.380
132,82,7.534
130,82,7.588
128,82,7.615
126,82,7.648
124,82,7.664
122,82,7.693
120,82,7.689
118,82,7.606
116,82,7.434
114,82,7.368
112,82,7.220
110,82,7.060
108,82,6.695
106,82,6.256
104,82,6.259
102,82,6.157
100,82,6.164
98,82,6.332
96,82,6.441
94,82,6.697
92,82,6.961
90,82,6.978
88,82,7.220
86,82,7.365
84,82,7.375
82,82,7.356
80,82,7.337
78,82,7.196
76,82,6.987
74,82,6.690
72,82,6.550
70,82,5.661
68,82,5.909
66,82,5.556
64,82,5.689
62,82,5.652
60,82,5.832
58,82,5.987
56,82,6.323
54,82,6.491
52,82,6.590
50,82,6.735
48,82,6.750
46,82,6.718
44,82,6.556
42,82,6.238
40,82,5.649
38,82,4.920
36,82,4.720
34,82,4.548
32,82,4.362
30,82,5.542
28,82,5.261
26,82,5.449
24,82,6.647
22,82,6.480
20,82,5.100
18,82,6.062
16,82,6.565
14,82,6.814
12,82,6.121
10,82,5.642
8,82,4.727
6,82,3.745
4,82,4.662
2,82,5.078
0,82,5.716
0,84,6.238
2,84,5.932
4,84,4.947
6,84,4.234
8,84,4.293
10,84,5.011
12,84,4.978
14,84,5.851
16,84,6.169
18,84,6.544
20,84,6.701
22,84,6.661
24,84,6.482
26,84,6.112
28,84,5.171
30,84,4.966
32,84,5.001
34,84,4.872
36,84,5.575
38,84,6.009
40,84,6.404
42,84,6.554
44,84,6.570
46,84,6.351
48,84,6.355
50,84,5.304
52,84,4.441
54,84,4.327
56,84,4.367
58,84,4.526
60,84,4.481
62,84,5.025
64,84,5.861
66,84,6.110
68,84,5.944
70,84,6.844
72,84,7.110
74,84,7.120
76,84,7.083
78,84,6.914
80,84,5.803
82,84,6.244
84,84,5.881
86,84,6.607
88,84,6.706
90,84,5.885
92,84,5.771
94,84,6.096
96,84,6.197
98,84,5.966
100,84,6.537
102,84,6.574
104,84,6.760
106,84,7.125
108,84,7.315
110,84,7.441
112,84,7.421
114,84,7.330
116,84,7.315
118,84,7.259
120,84,7.401
122,84,7.322
124,84,7.142
126,84,7.511
128,84,6.943
130,84,6.563
132,84,6.702
134,84,6.683
136,84,6.444
138,84,6.216
140,84,6.189
142,84,6.196
144,84,6.324
146,84,6.565
148,84,6.790
150,84,6.812
150,86,6.460
148,86,6.169
146,86,6.255
144,86,6.120
142,86,5.913
140,86,5.979
138,86,5.966
136,86,5.807
134,86,6.153
132,86,6.168
130,86,6.251
128,86,6.600
126,86,6.617
124,86,7.232
122,86,7.175
120,86,7.197
118,86,7.288
116,86,7.208
114,86,7.245
112,86,7.150
110,86,7.146
108,86,7.107
106,86,6.449
104,86,6.449
102,86,6.547
100,86,6.515
98,86,6.196
96,86,5.566
94,86,5.433
92,86,5.408
90,86,5.325
88,86,5.406
86,86,5.740
84,86,5.814
82,86,6.227
80,86,6.407
78,86,6.598
76,86,6.618
74,86,6.626
72,86,6.599
70,86,6.574
68,86,6.378
66,86,6.102
64,86,6.033
62,86,5.908
60,86,4.995
58,86,4.622
56,86,4.290
54,86,4.642
52,86,4.821
50,86,5.808
48,86,6.122
46,86,6.165
44,86,6.284
42,86,6.284
40,86,6.273
38,86,6.168
36,86,5.553
34,86,5.106
32,86,4.671
30,86,4.396
28,86,4.338
26,86,4.873
24,86,5.344
22,86,6.190
20,86,6.618
18,86,6.717
16,86,6.794
14,86,6.651
12,86,6.531
10,86,6.203
8,86,5.720
6,86,5.230
4,86,5.460
2,86,5.907
0,86,5.973
0,88,5.775
2,88,5.313
4,88,5.101
6,88,5.416
8,88,5.872
10,88,6.152
12,88,6.809
14,88,6.894
16,88,6.916
18,88,6.844
20,88,6.170
22,88,6.211
24,88,5.550
26,88,6.598
28,88,6.463
30,88,5.388
32,88,5.081
34,88,6.599
36,88,6.173
38,88,5.787
40,88,5.421
42,88,6.226
44,88,5.460
46,88,5.308
48,88,5.604
50,88,5.381
52,88,4.822
54,88,4.084
56,88,4.497
58,88,4.966
60,88,4.784
62,88,5.243
64,88,5.658
66,88,6.064
68,88,6.340
70,88,6.508
72,88,6.615
74,88,6.561
76,88,6.320
78,88,5.740
80,88,5.315
82,88,4.635
84,88,4.615
86,88,4.600
88,88,4.867
90,88,5.131
92,88,5.240
94,88,5.588
96,88,6.352
98,88,6.568
100,88,6.646
102,88,6.885
104,88,7.023
106,88,6.928
108,88,6.964
110,88,6.922
112,88,6.905
114,88,6.660
116,88,6.610
118,88,6.752
120,88,6.305
122,88,6.270
124,88,5.988
126,88,5.784
128,88,5.789
130,88,5.566
132,88,5.373
134,88,5.291
136,88,5.638
138,88,5.813
140,88,5.852
142,88,6.009
144,88,6.083
146,88,6.179
148,88,6.754
150,88,6.766
150,90,6.731
148,90,6.581
146,90,6.644
144,90,6.453
142,90,6.297
140,90,6.186
138,90,5.490
136,90,5.166
134,90,5.057
132,90,5.146
130,90,4.979
128,90,5.196
126,90,5.454
124,90,5.525
122,90,6.141
120,90,6.586
118,90,6.780
116,90,6.671
114,90,6.620
112,90,6.663
110,90,6.630
108,90,6.544
106,90,6.433
104,90,6.419
102,90,6.236
100,90,6.142
98,90,5.965
96,90,5.624
94,90,5.312
92,90,5.118
90,90,4.821
88,90,4.717
86,90,4.769
84,90,4.733
82,90,4.970
80,90,5.328
78,90,5.560
76,90,6.232
74,90,6.526
72,90,6.635
70,90,6.680
68,90,6.609
66,90,6.604
64,90,6.636
62,90,6.119
60,90,5.388
58,90,4.796
56,90,3.938
54,90,3.606
52,90,3.639
50,90,4.835
48,90,4.745
46,90,5.262
44,90,5.731
42,90,6.069
40,90,6.209
38,90,6.060
36,90,5.935
34,90,6.024
32,90,5.835
30,90,4.951
28,90,4.702
26,90,4.797
24,90,4.995
22,90,5.711
20,90,6.301
18,90,6.432
16,90,6.655
14,90,6.936
12,90,7.023
10,90,6.648
8,90,6.256
6,90,5.691
4,90,5.404
2,90,5.683
0,90,5.484
0,92,5.614
2,92,5.135
4,92,5.303
6,92,6.431
8,92,6.627
10,92,6.804
12,92,7.115
14,92,7.131
16,92,7.132
18,92,6.917
20,92,6.359
22,92,5.744
24,92,5.190
26,92,5.110
28,92,5.418
30,92,6.005
32,92,6.357
34,92,6.779
36,92,6.864
38,92,6.758
40,92,6.578
42,92,6.314
44,92,5.478
46,92,4.756
48,92,4.516
50,92,4.110
52,92,4.030
54,92,4.255
56,92,4.615
58,92,5.191
60,92,5.088
62,92,5.497
64,92,5.637
66,92,5.731
68,92,5.783
70,92,5.598
72,92,5.350
74,92,5.185
76,92,5.106
78,92,5.028
80,92,4.855
82,92,4.894
84,92,5.157
86,92,5.028
88,92,5.355
90,92,6.097
92,92,6.384
94,92,6.539
96,92,6.533
98,92,6.607
100,92,6.715
102,92,6.708
104,92,6.689
106,92,6.339
108,92,6.146
110,92,6.152
112,92,5.770
114,92,5.180
116,92,5.285
118,92,4.963
120,92,4.763
122,92,4.545
124,92,4.654
126,92,4.840
128,92,5.020
130,92,5.035
132,92,5.149
134,92,5.332
136,92,5.661
138,92,6.048
140,92,6.268
142,92,6.144
144,92,6.263
146,92,6.429
148,92,6.576
150,92,6.444
150,94,5.893
148,94,5.879
146,94,6.092
144,94,5.289
142,94,5.525
140,94,4.567
138,94,5.312
136,94,5.267
134,94,5.113
132,94,4.639
130,94,4.562
128,94,4.602
126,94,4.642
124,94,4.242
122,94,4.243
120,94,4.504
118,94,4.658
116,94,5.081
114,94,4.531
112,94,5.073
110,94,5.396
108,94,5.655
106,94,5.709
104,94,5.917
102,94,6.073
100,94,6.019
98,94,6.207
96,94,6.500
94,94,6.486
92,94,6.265
90,94,5.751
88,94,5.551
86,94,5.515
84,94,5.347
82,94,5.302
80,94,5.472
78,94,5.714
76,94,6.181
74,94,6.495
72,94,6.835
70,94,6.862
68,94,7.015
66,94,6.992
64,94,6.814
62,94,6.369
60,94,6.048
58,94,5.646
56,94,4.717
54,94,3.930
52,94,3.879
50,94,3.981
48,94,4.113
46,94,5.092
44,94,5.511
42,94,5.852
40,94,6.523
38,94,6.839
36,94,6.946
34,94,6.830
32,94,6.398
30,94,6.424
28,94,6.004
26,94,5.792
24,94,5.663
22,94,5.686
20,94,6.092
18,94,6.323
16,94,6.629
14,94,7.007
12,94,7.280
10,94,7.338
8,94,7.225
6,94,6.892
4,94,6.373
2,94,5.841
0,94,5.645
0,96,6.026
2,96,6.352
4,96,6.691
6,96,7.039
8,96,7.333
10,96,7.445
12,96,7.476
14,96,7.184
16,96,6.989
18,96,6.784
20,96,6.389
22,96,5.926
24,96,5.540
26,96,6.425
28,96,6.385
30,96,5.430
32,96,6.034
34,96,7.165
36,96,6.779
38,96,6.868
40,96,6.510
42,96,5.415
44,96,5.095
46,96,5.029
48,96,5.332
50,96,5.180
52,96,5.246
54,96,5.016
56,96,5.570
58,96,6.148
60,96,6.092
62,96,6.191
64,96,6.151
66,96,5.998
68,96,5.829
70,96,5.479
72,96,5.282
74,96,5.285
76,96,5.168
78,96,5.378
80,96,5.729
82,96,6.018
84,96,6.468
86,96,6.739
88,96,6.988
90,96,7.061
92,96,7.145
94,96,7.175
96,96,7.070
98,96,6.916
100,96,6.586
102,96,6.260
104,96,5.904
106,96,5.414
108,96,4.651
110,96,4.212
112,96,3.650
114,96,3.633
116,96,3.522
118,96,3.515
120,96,3.667
122,96,4.383
124,96,4.324
126,96,4.451
128,96,4.427
130,96,4.771
132,96,5.138
134,96,5.314
136,96,5.463
138,96,5.627
140,96,5.769
142,96,5.739
144,96,5.710
146,96,5.629
148,96,5.553
150,96,5.493
150,98,5.276
148,98,5.425
146,98,5.383
144,98,5.483
142,98,5.453
140,98,5.414
138,98,5.425
136,98,5.213
134,98,5.075
132,98,4.708
130,98,4.547
128,98,4.228
126,98,4.418
124,98,3.948
122,98,3.576
120,98,3.700
118,98,3.632
116,98,3.508
114,98,3.835
112,98,4.316
110,98,4.307
108,98,5.242
106,98,5.746
104,98,5.605
102,98,6.058
100,98,6.229
98,98,6.482
96,98,6.698
94,98,6.845
92,98,6.797
90,98,6.958
88,98,7.005
86,98,6.857
84,98,6.720
82,98,6.459
80,98,6.477
78,98,6.328
76,98,6.316
74,98,6.588
72,98,6.612
70,98,6.991
68,98,7.202
66,98,7.252
64,98,7.261
62,98,7.094
60,98,6.926
58,98,6.719
56,98,6.471
54,98,5.893
52,98,5.609
50,98,5.658
48,98,5.725
46,98,5.521
44,98,5.771
42,98,6.421
40,98,6.964
38,98,7.336
36,98,7.338
34,98,7.343
32,98,7.111
30,98,6.924
28,98,6.881
26,98,6.842
24,98,6.527
22,98,6.100
20,98,5.613
18,98,5.429
16,98,6.280
14,98,6.932
12,98,7.485
10,98,7.834
8,98,7.882
6,98,7.807
4,98,7.451
2,98,7.054
0,98,6.788
0,100,7.232
2,100,7.611
4,100,7.852
6,100,7.946
8,100,7.962
10,100,7.992
12,100,7.938
14,100,7.777
16,100,7.424
18,100,7.010
20,100,6.661
22,100,6.349
24,100,6.622
26,100,6.624
28,100,6.470
30,100,6.889
32,100,7.270
34,100,7.412
36,100,7.441
38,100,7.116
40,100,6.486
42,100,5.765
44,100,5.565
46,100,5.874
48,100,6.469
50,100,6.983
52,100,7.114
54,100,7.078
56,100,7.094
58,100,7.053
60,100,7.014
62,100,6.503
64,100,6.248
66,100,5.470
68,100,5.598
70,100,5.212
72,100,5.137
74,100,5.494
76,100,6.144
78,100,6.471
80,100,7.061
82,100,7.341
84,100,7.545
86,100,7.584
88,100,7.678
90,100,7.682
92,100,7.696
94,100,7.548
96,100,7.365
98,100,6.945
100,100,6.652
102,100,6.256
104,100,5.663
106,100,4.948
108,100,4.818
110,100,4.606
112,100,4.160
114,100,3.971
116,100,4.063
118,100,4.306
120,100,4.707
122,100,4.608
124,100,4.450
126,100,4.538
128,100,5.108
130,100,5.581
132,100,5.669
134,100,5.724
136,100,5.643
138,100,5.636
140,100,5.678
142,100,5.463
144,100,5.403
146,100,5.462
148,100,4.997
150,100,4.740
150,102,4.950
148,102,5.085
146,102,5.268
144,102,5.639
142,102,5.736
140,102,5.837
138,102,5.842
136,102,5.886
134,102,5.935
132,102,5.657
130,102,5.754
128,102,5.592
126,102,5.543
124,102,4.921
122,102,4.805
120,102,4.933
118,102,4.900
116,102,4.554
114,102,4.489
112,102,4.594
110,102,5.077
108,102,5.577
106,102,5.990
104,102,6.184
102,102,6.315
100,102,6.566
98,102,6.892
96,102,7.142
94,102,7.283
92,102,7.390
90,102,7.547
88,102,7.629
86,102,7.717
84,102,7.514
82,102,7.330
80,102,7.227
78,102,6.965
76,102,6.815
74,102,6.829
72,102,6.777
70,102,7.152
68,102,7.397
66,102,7.592
64,102,7.568
62,102,7.619
60,102,7.736
58,102,7.771
56,102,7.780
54,102,7.791
52,102,7.749
50,102,7.267
48,102,7.256
46,102,7.049
44,102,6.998
42,102,7.020
40,102,7.063
38,102,7.380
36,102,7.632
34,102,7.334
32,102,7.561
30,102,7.529
28,102,7.666
26,102,7.745
24,102,7.692
22,102,6.604
20,102,6.270
18,102,6.159
16,102,6.483
14,102,7.311
12,102,7.890
10,102,8.051
8,102,8.186
6,102,8.230
4,102,8.144
2,102,7.943
0,102,7.792
0,104,7.894
2,104,8.089
4,104,8.201
6,104,8.274
8,104,8.279
10,104,8.249
12,104,8.113
14,104,7.869
16,104,7.682
18,104,7.558
20,104,7.508
22,104,7.331
24,104,7.463
26,104,7.294
28,104,7.355
30,104,7.442
32,104,7.542
34,104,7.518
36,104,7.520
38,104,7.057
40,104,6.571
42,104,6.296
44,104,6.483
46,104,7.109
48,104,7.517
50,104,7.861
52,104,7.945
54,104,7.933
56,104,7.893
58,104,7.849
60,104,7.646
62,104,7.432
64,104,7.129
66,104,6.857
68,104,6.719
70,104,6.644
72,104,6.708
74,104,7.140
76,104,7.514
78,104,7.674
80,104,7.800
82,104,7.753
84,104,7.874
86,104,7.903
88,104,7.899
90,104,7.843
92,104,7.786
94,104,7.804
96,104,7.447
98,104,6.757
100,104,7.175
102,104,6.387
104,104,6.084
106,104,5.777
108,104,5.704
110,104,5.938
112,104,6.104
114,104,5.569
116,104,6.022
118,104,6.086
120,104,6.224
122,104,6.283
124,104,6.409
126,104,6.487
128,104,6.638
130,104,6.664
132,104,6.588
134,104,6.617
136,104,6.419
138,104,6.413
140,104,6.328
142,104,5.961
144,104,5.725
146,104,5.870
148,104,5.712
150,104,4.974
150,106,5.534
148,106,5.952
146,106,6.313
144,106,6.480
142,106,6.607
140,106,6.697
138,106,6.897
136,106,6.986
134,106,7.075
132,106,7.169
130,106,7.218
128,106,7.216
126,106,7.260
124,106,7.143
122,106,6.930
120,106,6.978
118,106,6.816
116,106,6.726
114,106,6.632
112,106,6.446
110,106,6.297
108,106,6.311
106,106,6.481
104,106,6.565
102,106,7.346
100,106,7.318
98,106,7.391
96,106,7.808
94,106,7.838
92,106,7.915
90,106,7.968
88,106,8.033
86,106,8.097
84,106,8.104
82,106,8.038
80,106,7.851
78,106,7.659
76,106,7.552
74,106,7.372
72,106,7.301
70,106,7.326
68,106,7.520
66,106,7.736
64,106,7.605
62,106,7.772
60,106,8.036
58,106,8.138
56,106,8.176
54,106,8.199
52,106,8.209
50,106,8.133
48,106,7.929
46,106,7.820
44,106,7.664
42,106,7.465
40,106,7.488
38,106,7.522
36,106,7.708
34,106,7.794
32,106,7.951
30,106,8.007
28,106,8.121
26,106,8.171
24,106,8.004
22,106,7.645
20,106,7.227
18,106,7.083
16,106,7.066
14,106,7.468
12,106,7.895
10,106,8.260
8,106,8.387
6,106,8.404
4,106,8.397
2,106,8.300
0,106,8.246
0,108,8.370
2,108,8.249
4,108,8.069
6,108,8.311
8,108,8.053
10,108,8.114
12,108,8.257
14,108,8.170
16,108,8.115
18,108,8.138
20,108,8.047
22,108,8.252
24,108,8.102
26,108,8.005
28,108,7.868
30,108,7.724
32,108,7.726
34,108,7.263
36,108,7.308
38,108,7.287
40,108,7.201
42,108,7.297
44,108,7.520
46,108,7.804
48,108,8.134
50,108,8.219
52,108,8.204
54,108,8.171
56,108,8.069
58,108,7.902
60,108,7.721
62,108,7.599
64,108,7.427
66,108,7.433
68,108,7.422
70,108,7.668
72,108,7.898
74,108,7.972
76,108,8.110
78,108,8.195
80,108,8.194
82,108,8.158
84,108,8.090
86,108,8.000
88,108,7.871
90,108,7.719
92,108,7.754
94,108,7.446
96,108,7.320
98,108,7.199
100,108,7.015
102,108,6.970
104,108,6.998
106,108,7.036
108,108,6.966
110,108,6.918
112,108,7.363
114,108,7.063
116,108,7.261
118,108,7.690
120,108,7.760
122,108,7.818
124,108,7.857
126,108,7.832
128,108,7.758
130,108,7.806
132,108,7.662
134,108,7.522
136,108,7.236
138,108,7.230
140,108,7.103
142,108,6.810
144,108,6.358
146,108,6.365
148,108,6.258
150,108,6.119
150,110,6.396
148,110,6.515
146,110,6.534
144,110,7.076
142,110,6.950
140,110,7.248
138,110,7.601
136,110,7.813
134,110,7.763
132,110,7.950
130,110,8.060
128,110,8.077
126,110,8.101
124,110,8.117
122,110,8.089
120,110,8.009
118,110,7.910
116,110,7.959
114,110,7.813
112,110,7.605
110,110,7.650
108,110,7.414
106,110,7.194
104,110,7.243
102,110,7.334
100,110,7.290
98,110,7.388
96,110,7.645
94,110,8.001
92,110,7.926
90,110,8.085
88,110,8.163
86,110,8.300
84,110,8.314
82,110,8.314
80,110,8.272
78,110,8.141
76,110,8.130
74,110,7.913
72,110,7.821
70,110,7.665
68,110,7.640
66,110,7.668
64,110,7.903
62,110,7.938
60,110,8.002
58,110,7.909
56,110,7.844
54,110,8.032
52,110,8.261
50,110,8.027
48,110,8.029
46,110,8.069
44,110,8.147
42,110,8.182
40,110,7.985
38,110,7.934
36,110,7.991
34,110,7.704
32,110,7.833
30,110,8.083
28,110,8.211
26,110,8.344
24,110,8.316
22,110,8.202
20,110,8.047
18,110,7.792
16,110,7.880
14,110,7.804
12,110,7.852
10,110,8.111
8,110,8.338
6,110,8.390
4,110,8.451
2,110,8.456
0,110,8.395
0,112,8.452
2,112,8.457
4,112,8.394
6,112,8.407
8,112,8.222
10,112,8.043
12,112,7.981
14,112,8.093
16,112,8.121
18,112,8.361
20,112,8.384
22,112,8.298
24,112,8.376
26,112,8.246
28,112,7.961
30,112,7.930
32,112,7.646
34,112,7.859
36,112,7.685
38,112,7.683
40,112,8.324
42,112,8.317
44,112,8.219
46,112,8.325
48,112,8.367
50,112,8.325
52,112,8.298
54,112,8.220
56,112,8.044
58,112,7.748
60,112,7.721
62,112,7.706
64,112,7.984
66,112,7.973
68,112,7.983
70,112,8.126
72,112,8.259
74,112,8.312
76,112,8.344
78,112,8.360
80,112,8.329
82,112,8.283
84,112,8.193
86,112,7.911
88,112,7.931
90,112,7.823
92,112,7.540
94,112,7.576
96,112,7.648
98,112,7.578
100,112,7.797
102,112,7.918
104,112,7.879
106,112,7.705
108,112,8.044
110,112,8.191
112,112,8.161
114,112,8.086
116,112,8.182
118,112,8.196
120,112,8.191
122,112,8.227
124,112,8.173
126,112,8.180
128,112,8.155
130,112,7.732
132,112,7.726
134,112,7.691
136,112,7.412
138,112,7.564
140,112,7.920
142,112,7.568
144,112,7.189
146,112,6.982
148,112,7.097
150,112,7.375
150,114,7.564
148,114,7.286
146,114,7.319
144,114,7.283
142,114,7.301
140,114,7.346
138,114,7.564
136,114,7.889
134,114,8.063
132,114,8.102
130,114,8.165
128,114,8.174
126,114,8.218
124,114,8.163
122,114,8.307
120,114,8.304
118,114,8.311
116,114,8.307
114,114,8.253
112,114,8.100
110,114,7.954
108,114,7.687
106,114,7.730
104,114,7.740
102,114,7.581
100,114,7.617
98,114,7.582
96,114,7.597
94,114,7.960
92,114,8.040
90,114,8.166
88,114,8.302
86,114,8.362
84,114,8.406
82,114,8.407
80,114,8.415
78,114,8.388
76,114,8.391
74,114,8.223
72,114,8.165
70,114,8.118
68,114,8.063
66,114,7.908
64,114,7.719
62,114,7.527
60,114,7.439
58,114,7.092
56,114,7.336
54,114,7.746
52,114,8.107
50,114,8.297
48,114,8.393
46,114,8.428
44,114,8.419
42,114,8.262
40,114,8.071
38,114,8.131
36,114,7.890
34,114,7.806
32,114,7.883
30,114,7.958
28,114,8.182
26,114,8.247
24,114,8.376
22,114,8.398
20,114,8.395
18,114,8.288
16,114,8.264
14,114,8.096
12,114,8.089
10,114,8.017
8,114,8.181
6,114,8.207
4,114,8.383
2,114,8.456
0,114,8.472
0,116,8.464
2,116,8.428
4,116,8.284
6,116,8.145
8,116,8.031
10,116,7.925
12,116,8.025
14,116,8.261
16,116,8.333
18,116,8.409
20,116,8.455
22,116,8.441
24,116,8.356
26,116,8.299
28,116,8.211
30,116,7.928
32,116,7.721
34,116,7.731
36,116,7.923
38,116,8.045
40,116,8.288
42,116,8.375
44,116,8.414
46,116,8.382
48,116,8.398
50,116,8.313
52,116,8.160
54,116,8.031
56,116,7.919
58,116,7.846
60,116,7.851
62,116,7.861
64,116,7.814
66,116,7.716
68,116,7.831
70,116,7.922
72,116,8.045
74,116,8.191
76,116,8.327
78,116,8.325
80,116,8.214
82,116,8.183
84,116,8.192
86,116,7.934
88,116,7.753
90,116,7.723
92,116,7.710
94,116,7.861
96,116,8.089
98,116,8.111
100,116,8.111
102,116,8.254
104,116,8.275
106,116,8.290
108,116,8.348
110,116,8.362
112,116,8.368
114,116,8.360
116,116,8.293
118,116,8.302
120,116,8.120
122,116,8.137
124,116,8.182
126,116,8.141
128,116,7.946
130,116,7.632
132,116,7.661
134,116,7.673
136,116,7.562
138,116,7.628
140,116,7.664
142,116,7.600
144,116,7.588
146,116,7.898
148,116,7.924
150,116,7.871
150,118,8.057
148,118,7.888
146,118,7.891
144,118,7.803
142,118,7.736
140,118,7.591
138,118,7.601
136,118,7.600
134,118,7.623
132,118,7.856
130,118,7.954
128,118,7.993
126,118,8.108
124,118,8.114
122,118,8.313
120,118,8.341
118,118,8.346
116,118,8.363
114,118,8.371
112,118,8.345
110,118,8.368
108,118,8.333
106,118,8.206
104,118,8.181
102,118,8.103
100,118,8.006
98,118,7.780
96,118,7.712
94,118,7.722
92,118,7.709
90,118,7.850
88,118,8.010
86,118,8.112
84,118,8.229
82,118,8.322
80,118,8.347
78,118,8.373
76,118,8.420
74,118,8.409
72,118,8.372
70,118,8.335
68,118,8.324
66,118,8.122
64,118,7.777
62,118,7.347
60,118,6.846
58,118,6.621
56,118,6.783
54,118,7.025
52,118,7.697
50,118,8.121
48,118,8.349
46,118,8.442
44,118,8.427
42,118,8.439
40,118,8.439
38,118,8.328
36,118,8.147
34,118,7.990
32,118,7.920
30,118,7.775
28,118,7.828
26,118,7.990
24,118,8.191
22,118,8.380
20,118,8.435
18,118,8.465
16,118,8.432
14,118,8.322
12,118,8.247
10,118,8.094
8,118,8.047
6,118,7.990
4,118,8.181
2,118,8.338
0,118,8.411
0,120,8.391
2,120,8.214
4,120,8.108
6,120,7.971
8,120,7.928
10,120,8.101
12,120,8.352
14,120,8.454
16,120,8.482
18,120,8.486
20,120,8.450
22,120,8.360
24,120,8.152
26,120,8.066
28,120,7.920
30,120,7.814
32,120,7.952
34,120,8.075
36,120,8.255
38,120,8.335
40,120,8.374
42,120,8.384
44,120,8.373
46,120,8.278
48,120,8.170
50,120,7.994
52,120,7.827
54,120,7.835
56,120,7.837
58,120,8.031
60,120,8.234
62,120,8.249
64,120,8.073
66,120,7.875
68,120,7.716
70,120,7.683
72,120,7.757
74,120,7.919
76,120,7.957
78,120,7.911
80,120,7.870
82,120,7.848
84,120,7.750
86,120,7.755
88,120,7.860
90,120,7.943
92,120,8.077
94,120,8.202
96,120,8.240
98,120,8.307
100,120,8.280
102,120,8.394
104,120,8.390
106,120,8.391
108,120,8.390
110,120,8.378
112,120,8.323
114,120,8.199
116,120,8.074
118,120,8.028
120,120,7.918
122,120,7.853
124,120,7.723
126,120,7.706
128,120,7.724
130,120,7.657
132,120,7.629
134,120,7.693
136,120,7.825
138,120,7.936
140,120,7.967
142,120,7.925
144,120,8.150
146,120,7.984
148,120,8.023
150,120,8.223
150,122,8.304
148,122,8.253
146,122,8.291
144,122,8.184
142,122,8.107
140,122,7.997
138,122,7.945
136,122,7.745
134,122,7.685
132,122,7.662
130,122,7.641
128,122,7.704
126,122,7.645
124,122,7.961
122,122,8.012
120,122,8.054
118,122,8.190
116,122,8.232
114,122,8.367
112,122,8.359
110,122,8.397
108,122,8.393
106,122,8.379
104,122,8.343
102,122,8.321
100,122,8.264
98,122,8.121
96,122,8.098
94,122,8.084
92,122,7.821
90,122,7.735
88,122,7.736
86,122,7.722
84,122,8.018
82,122,8.116
80,122,8.232
78,122,8.253
76,122,8.330
74,122,8.409
72,122,8.435
70,122,8.425
68,122,8.417
66,122,8.360
64,122,8.184
62,122,7.906
60,122,7.492
58,122,6.787
56,122,6.809
54,122,6.974
52,122,7.451
50,122,7.965
48,122,8.239
46,122,8.323
44,122,8.430
42,122,8.429
40,122,8.432
38,122,8.406
36,122,8.359
34,122,8.201
32,122,8.017
30,122,7.838
28,122,7.781
26,122,7.828
24,122,7.990
22,122,8.296
20,122,8.370
18,122,8.402
16,122,8.454
14,122,8.427
12,122,8.393
10,122,8.391
8,122,8.070
6,122,7.969
4,122,7.998
2,122,8.106
0,122,8.237
0,124,8.202
2,124,8.069
4,124,7.936
6,124,8.092
8,124,8.280
10,124,8.386
12,124,8.402
14,124,8.475
16,124,8.478
18,124,8.392
20,124,8.293
22,124,8.180
24,124,8.078
26,124,7.867
28,124,8.012
30,124,8.096
32,124,8.301
34,124,8.351
36,124,8.395
38,124,8.409
40,124,8.385
42,124,8.325
44,124,8.260
46,124,8.025
48,124,7.971
50,124,7.811
52,124,7.855
54,124,8.004
56,124,8.223
58,124,8.264
60,124,8.345
62,124,8.342
64,124,8.181
66,124,7.936
68,124,7.778
70,124,7.499
72,124,7.404
74,124,7.502
76,124,7.776
78,124,7.783
80,124,7.773
82,124,7.753
84,124,7.929
86,124,7.993
88,124,8.168
90,124,8.268
92,124,8.347
94,124,8.377
96,124,8.399
98,124,8.391
100,124,8.320
102,124,7.948
104,124,8.026
106,124,8.302
108,124,8.122
110,124,7.932
112,124,8.027
114,124,8.022
116,124,7.744
118,124,7.629
120,124,7.669
122,124,7.700
124,124,7.693
126,124,7.651
128,124,7.817
130,124,7.943
132,124,7.871
134,124,8.059
136,124,8.114
138,124,8.229
140,124,8.208
142,124,8.324
144,124,8.311
146,124,8.335
148,124,8.360
150,124,8.349
150,126,8.374
148,126,8.363
146,126,8.339
144,126,8.307
142,126,8.299
140,126,8.222
138,126,8.182
136,126,8.118
134,126,8.084
132,126,8.014
130,126,7.783
128,126,7.640
126,126,7.649
124,126,7.686
122,126,7.777
120,126,7.688
118,126,7.869
116,126,8.036
114,126,8.167
112,126,8.225
110,126,8.302
108,126,8.311
106,126,8.389
104,126,8.402
102,126,8.402
100,126,8.370
98,126,8.371
96,126,8.362
94,126,8.275
92,126,8.098
90,126,8.022
88,126,8.068
86,126,7.833
84,126,7.766
82,126,7.923
80,126,8.022
78,126,8.000
76,126,8.130
74,126,8.318
72,126,8.405
70,126,8.415
68,126,8.435
66,126,8.405
64,126,8.338
62,126,8.195
60,126,7.946
58,126,7.715
56,126,7.717
54,126,7.512
52,126,7.667
50,126,7.789
48,126,7.986
46,126,8.110
44,126,8.245
42,126,8.375
40,126,8.434
38,126,8.427
36,126,8.382
34,126,8.337
32,126,8.215
30,126,8.070
28,126,7.983
26,126,7.839
24,126,7.869
22,126,8.006
20,126,8.060
18,126,8.258
16,126,8.396
14,126,8.469
12,126,8.469
10,126,8.455
8,126,8.313
6,126,8.129
4,126,8.090
2,126,7.937
0,126,8.004
0,128,7.969
2,128,7.915
4,128,8.168
6,128,8.147
8,128,8.332
10,128,8.453
12,128,8.476
14,128,8.438
16,128,8.368
18,128,8.301
20,128,8.152
22,128,7.945
24,128,7.870
26,128,7.935
28,128,8.133
30,128,8.297
32,128,8.398
34,128,8.428
36,128,8.418
38,128,8.372
40,128,8.316
42,128,8.003
44,128,7.954
46,128,7.859
48,128,7.841
50,128,7.837
52,128,8.116
54,128,8.230
56,128,8.360
58,128,8.396
60,128,8.426
62,128,8.411
64,128,8.293
66,128,8.029
68,128,7.842
70,128,7.576
72,128,7.363
74,128,7.415
76,128,7.565
78,128,7.690
80,128,7.893
82,128,8.083
84,128,8.105
86,128,8.284
88,128,8.353
90,128,8.368
92,128,8.412
94,128,8.310
96,128,7.996
98,128,8.038
100,128,7.721
102,128,8.240
104,128,7.653
106,128,7.808
108,128,8.168
110,128,8.205
112,128,8.021
114,128,7.774
116,128,7.677
118,128,7.684
120,128,7.745
122,128,7.647
124,128,7.672
126,128,7.957
128,128,8.134
130,128,8.113
132,128,8.170
134,128,8.276
136,128,8.316
138,128,8.364
140,128,8.383
142,128,8.372
144,128,8.371
146,128,8.380
148,128,8.350
150,128,8.369
150,130,8.293
148,130,8.326
146,130,8.368
144,130,8.376
142,130,8.353
140,130,8.361
138,130,8.310
136,130,8.335
134,130,8.256
132,130,8.163
130,130,8.082
128,130,8.109
126,130,8.045
124,130,7.845
122,130,7.690
120,130,7.697
118,130,7.680
116,130,7.730
114,130,7.902
112,130,8.019
110,130,7.919
108,130,8.156
106,130,8.272
104,130,8.334
102,130,8.362
100,130,8.394
98,130,8.405
96,130,8.397
94,130,8.335
92,130,8.259
90,130,8.276
88,130,8.145
86,130,8.101
84,130,7.953
82,130,7.834
80,130,7.746
78,130,7.794
76,130,7.811
74,130,8.077
72,130,8.196
70,130,8.290
68,130,8.326
66,130,8.437
64,130,8.427
62,130,8.393
60,130,8.345
58,130,8.292
56,130,8.161
54,130,7.999
52,130,8.016
50,130,7.932
48,130,7.807
46,130,7.928
44,130,8.162
42,130,8.282
40,130,8.414
38,130,8.437
36,130,8.449
34,130,8.444
32,130,8.409
30,130,8.352
28,130,8.276
26,130,8.166
24,130,7.994
22,130,7.862
20,130,7.861
18,130,8.037
16,130,8.159
14,130,8.367
12,130,8.421
10,130,8.483
8,130,8.455
6,130,8.397
4,130,8.187
2,130,7.997
0,130,7.904
0,132,7.916
2,132,8.071
4,132,8.321
6,132,8.400
8,132,8.458
10,132,8.478
12,132,8.426
14,132,8.310
16,132,8.276
18,132,8.021
20,132,7.878
22,132,7.967
24,132,8.048
26,132,8.196
28,132,8.290
30,132,8.405
32,132,8.452
34,132,8.450
36,132,8.364
38,132,8.331
40,132,8.207
42,132,7.847
44,132,7.847
46,132,7.834
48,132,7.928
50,132,8.215
52,132,8.345
54,132,8.417
56,132,8.428
58,132,8.386
60,132,8.397
62,132,8.344
64,132,8.243
66,132,8.085
68,132,7.756
70,132,7.569
72,132,7.653
74,132,7.686
76,132,7.810
78,132,8.005
80,132,8.176
82,132,8.318
84,132,8.418
86,132,8.181
88,132,8.196
90,132,8.224
92,132,8.064
94,132,8.048
96,132,7.937
98,132,7.985
100,132,8.033
102,132,7.752
104,132,7.755
106,132,7.846
108,132,7.928
110,132,7.867
112,132,7.768
114,132,7.740
116,132,7.649
118,132,7.739
120,132,7.888
122,132,8.011
124,132,8.190
126,132,8.293
128,132,8.332
130,132,8.353
132,132,8.373
134,132,8.390
136,132,8.387
138,132,8.388
140,132,8.375
142,132,8.365
144,132,8.297
146,132,8.310
148,132,8.327
150,132,8.198
150,134,8.206
148,134,8.220
146,134,8.258
144,134,8.321
142,134,8.363
140,134,8.379
138,134,8.395
136,134,8.382
134,134,8.386
132,134,8.380
130,134,8.336
128,134,8.263
126,134,8.186
124,134,8.188
122,134,7.850
120,134,7.805
118,134,7.896
116,134,7.756
114,134,7.799
112,134,7.806
110,134,7.658
108,134,7.833
106,134,8.090
104,134,8.207
102,134,8.238
100,134,8.315
98,134,8.286
96,134,8.394
94,134,8.402
92,134,8.408
90,134,8.388
88,134,8.300
86,134,8.248
84,134,8.226
82,134,7.997
80,134,7.990
78,134,7.910
76,134,7.766
74,134,7.771
72,134,7.900
70,134,7.969
68,134,8.146
66,134,8.277
64,134,8.390
62,134,8.415
60,134,8.437
58,134,8.434
56,134,8.405
54,134,8.357
52,134,8.246
50,134,8.175
48,134,7.998
46,134,7.832
44,134,7.825
42,134,7.865
40,134,8.127
38,134,8.298
36,134,8.334
34,134,8.406
32,134,8.446
30,134,8.441
28,134,8.409
26,134,8.292
24,134,8.213
22,134,8.057
20,134,7.834
18,134,7.853
16,134,7.997
14,134,8.117
12,134,8.302
10,134,8.431
8,134,8.479
6,134,8.452
4,134,8.434
2,134,8.214
0,134,7.977
0,136,8.208
2,136,8.343
4,136,8.404
6,136,8.466
8,136,8.472
10,136,8.441
12,136,8.229
14,136,8.063
16,136,7.969
18,136,7.869
20,136,7.971
22,136,8.034
24,136,8.290
26,136,8.395
28,136,8.408
30,136,8.449
32,136,8.442
34,136,8.359
36,136,8.247
38,136,8.051
40,136,7.831
42,136,7.799
44,136,7.914
46,136,8.134
48,136,8.174
50,136,8.381
52,136,8.406
54,136,8.440
56,136,8.371
58,136,8.331
60,136,8.327
62,136,8.292
64,136,8.057
66,136,7.831
68,136,7.736
70,136,7.780
72,136,7.870
74,136,8.166
76,136,8.235
78,136,8.222
80,136,8.328
82,136,8.402
84,136,8.427
86,136,8.423
88,136,8.428
90,136,8.398
92,136,8.316
94,136,8.192
96,136,8.111
98,136,8.111
100,136,7.923
102,136,7.932
104,136,7.663
106,136,7.669
108,136,7.648
110,136,7.720
112,136,7.840
114,136,8.110
116,136,8.189
118,136,8.190
120,136,8.265
122,136,8.280
124,136,8.357
126,136,8.379
128,136,8.392
130,136,8.385
132,136,8.394
134,136,8.361
136,136,8.353
138,136,8.323
140,136,8.291
142,136,8.227
144,136,8.098
146,136,8.111
148,136,8.239
150,136,8.277
150,138,8.317
148,138,8.356
146,138,8.191
144,138,8.387
142,138,8.393
140,138,8.399
138,138,8.361
136,138,8.387
134,138,8.396
132,138,8.353
130,138,8.385
128,138,8.363
126,138,8.370
124,138,8.270
122,138,8.259
120,138,8.227
118,138,8.085
116,138,7.850
114,138,7.786
112,138,7.755
110,138,7.713
108,138,7.689
106,138,7.692
104,138,7.854
102,138,8.079
100,138,8.181
98,138,8.295
96,138,8.356
94,138,8.369
92,138,8.373
90,138,8.416
88,138,8.394
86,138,8.380
84,138,8.366
82,138,8.354
80,138,8.004
78,138,7.855
76,138,7.886
74,138,8.019
72,138,8.081
70,138,7.889
68,138,8.093
66,138,7.987
64,138,8.138
62,138,8.240
60,138,8.413
58,138,8.445
56,138,8.451
54,138,8.438
52,138,8.342
50,138,8.293
48,138,8.126
46,138,7.910
44,138,7.808
42,138,7.802
40,138,7.813
38,138,7.923
36,138,8.180
34,138,8.337
32,138,8.389
30,138,8.443
28,138,8.459
26,138,8.443
24,138,8.333
22,138,8.226
20,138,8.095
18,138,7.905
16,138,7.903
14,138,7.919
12,138,8.120
10,138,8.343
8,138,8.482
6,138,8.470
4,138,8.423
2,138,8.402
0,138,8.230
0,140,8.340
2,140,8.456
4,140,8.463
6,140,8.436
8,140,8.386
10,140,8.304
12,140,8.109
14,140,7.929
16,140,7.874
18,140,7.978
20,140,8.172
22,140,8.242
24,140,8.377
26,140,8.458
28,140,8.439
30,140,8.434
32,140,8.379
34,140,8.211
36,140,7.945
38,140,7.810
40,140,7.865
42,140,7.919
44,140,8.065
46,140,8.355
48,140,8.384
50,140,8.413
52,140,8.437
54,140,8.365
56,140,8.322
58,140,8.283
60,140,8.139
62,140,8.024
64,140,7.743
66,140,7.753
68,140,7.908
70,140,8.167
72,140,8.266
74,140,8.293
76,140,8.365
78,140,8.432
80,140,8.442
82,140,8.412
84,140,8.353
86,140,8.327
88,140,8.228
90,140,8.231
92,140,8.069
94,140,7.978
96,140,7.921
98,140,7.850
100,140,7.781
102,140,7.749
104,140,7.844
106,140,7.804
108,140,7.906
110,140,8.066
112,140,7.945
114,140,8.122
116,140,8.227
118,140,8.342
120,140,8.402
122,140,8.386
124,140,8.390
126,140,8.384
128,140,8.364
130,140,8.374
132,140,8.355
134,140,8.326
136,140,8.234
138,140,8.179
140,140,8.032
142,140,8.008
144,140,7.714
146,140,7.622
148,140,7.657
150,140,7.569
150,142,7.580
148,142,7.663
146,142,7.933
144,142,7.898
142,142,7.928
140,142,8.125
138,142,8.295
136,142,8.328
134,142,8.338
132,142,8.356
130,142,8.368
128,142,8.392
126,142,8.380
124,142,8.382
122,142,8.365
120,142,8.341
118,142,8.193
116,142,8.163
114,142,7.913
112,142,7.837
110,142,7.791
108,142,7.803
106,142,7.771
104,142,7.807
102,142,7.799
100,142,7.900
98,142,8.202
96,142,8.250
94,142,8.293
92,142,8.257
90,142,8.271
88,142,8.385
86,142,8.411
84,142,8.419
82,142,8.392
80,142,8.333
78,142,8.318
76,142,8.122
74,142,7.965
72,142,7.780
70,142,7.797
68,142,7.773
66,142,7.860
64,142,8.031
62,142,8.332
60,142,8.368
58,142,8.367
56,142,8.381
54,142,8.440
52,142,8.411
50,142,8.353
48,142,8.294
46,142,8.156
44,142,8.030
42,142,7.909
40,142,7.794
38,142,7.844
36,142,7.842
34,142,8.224
32,142,8.368
30,142,8.418
28,142,8.457
26,142,8.458
24,142,8.428
22,142,8.370
20,142,8.324
18,142,8.151
16,142,7.951
14,142,7.899
12,142,8.041
10,142,8.169
8,142,8.383
6,142,8.440
4,142,8.463
2,142,8.409
0,142,8.301
0,144,8.407
2,144,8.462
4,144,8.450
6,144,8.440
8,144,8.325
10,144,8.134
12,144,7.949
14,144,7.884
16,144,8.030
18,144,8.215
20,144,8.352
22,144,8.384
24,144,8.455
26,144,8.452
28,144,8.434
30,144,8.372
32,144,8.225
34,144,7.921
36,144,7.901
38,144,7.818
40,144,7.956
42,144,8.263
44,144,8.317
46,144,8.392
48,144,8.388
50,144,8.417
52,144,8.402
54,144,8.322
56,144,8.137
58,144,8.033
60,144,7.817
62,144,7.750
64,144,7.742
66,144,7.831
68,144,7.909
70,144,8.064
72,144,8.315
74,144,8.407
76,144,8.436
78,144,8.388
80,144,8.433
82,144,8.389
84,144,8.260
86,144,8.221
88,144,8.034
90,144,7.830
92,144,7.733
94,144,7.656
96,144,7.646
98,144,7.790
100,144,7.806
102,144,7.801
104,144,7.985
106,144,8.117
108,144,8.255
110,144,8.289
112,144,8.307
114,144,8.317
116,144,8.374
118,144,8.389
120,144,8.389
122,144,8.392
124,144,8.353
126,144,8.335
128,144,8.207
130,144,8.161
132,144,8.017
134,144,8.144
136,144,8.102
138,144,7.947
140,144,7.672
142,144,7.632
144,144,7.626
146,144,7.603
148,144,7.612
150,144,7.604
150,146,7.617
148,146,7.557
146,146,7.556
144,146,7.630
142,146,7.660
140,146,7.695
138,146,7.774
136,146,8.054
134,146,8.142
132,146,8.083
130,146,8.220
128,146,8.370
126,146,8.387
124,146,8.391
122,146,8.395
120,146,8.392
118,146,8.354
116,146,8.330
114,146,8.193
112,146,8.152
110,146,8.143
108,146,7.971
106,146,7.963
104,146,7.788
102,146,7.666
100,146,7.664
98,146,7.831
96,146,7.917
94,146,8.054
92,146,8.056
90,146,8.187
88,146,8.355
86,146,8.399
84,146,8.420
82,146,8.400
80,146,8.401
78,146,8.385
76,146,8.313
74,146,8.072
72,146,7.906
70,146,7.957
68,146,7.924
66,146,7.790
64,146,7.794
62,146,7.901
60,146,8.068
58,146,8.236
56,146,8.309
54,146,8.375
52,146,8.420
50,146,8.405
48,146,8.354
46,146,8.312
44,146,8.053
42,146,7.963
40,146,7.881
38,146,7.685
36,146,7.720
34,146,7.960
32,146,8.106
30,146,8.308
28,146,8.332
26,146,8.449
24,146,8.460
22,146,8.436
20,146,8.351
18,146,8.260
16,146,8.071
14,146,7.906
12,146,7.898
10,146,8.046
8,146,8.199
6,146,8.387
4,146,8.456
2,146,8.454
0,146,8.446
0,148,8.417
2,148,8.461
4,148,8.410
6,148,8.293
8,148,8.220
10,148,8.081
12,148,7.892
14,148,7.860
16,148,8.064
18,148,8.284
20,148,8.440
22,148,8.430
24,148,8.458
26,148,8.419
28,148,8.279
30,148,8.168
32,148,8.046
34,148,7.790
36,148,7.873
38,148,7.932
40,148,8.189
42,148,8.300
44,148,8.369
46,148,8.389
48,148,8.397
50,148,8.350
52,148,8.288
54,148,8.054
56,148,7.876
58,148,7.782
60,148,7.683
62,148,7.671
64,148,7.863
66,148,8.021
68,148,8.233
70,148,8.333
72,148,8.386
74,148,8.415
76,148,8.437
78,148,8.432
80,148,8.347
82,148,8.237
84,148,8.153
86,148,8.099
88,148,7.891
90,148,7.758
92,148,7.694
94,148,7.671
96,148,7.874
98,148,7.940
100,148,8.019
102,148,7.983
104,148,8.130
106,148,8.168
108,148,8.378
110,148,8.391
112,148,8.392
114,148,8.392
116,148,8.392
118,148,8.373
120,148,8.310
122,148,8.346
124,148,8.401
126,148,8.281
128,148,8.130
130,148,8.036
132,148,8.072
134,148,7.972
136,148,7.802
138,148,7.620
140,148,7.663
142,148,7.611
144,148,7.630
146,148,7.621
148,148,7.640
150,148,7.866
150,150,7.611
148,150,7.571
146,150,7.566
144,150,7.593
142,150,7.624
140,150,7.659
138,150,7.627
136,150,7.952
134,150,7.780
132,150,8.105
130,150,8.273
128,150,8.300
126,150,8.228
124,150,8.325
122,150,8.380
120,150,8.396
118,150,8.390
116,150,8.376
114,150,8.342
112,150,8.321
110,150,8.267
108,150,8.108
106,150,8.042
104,150,7.928
102,150,7.798
100,150,7.772
98,150,7.663
96,150,7.724
94,150,7.753
92,150,7.823
90,150,8.132
88,150,8.279
86,150,8.310
84,150,8.372
82,150,8.412
80,150,8.416
78,150,8.410
76,150,8.413
74,150,8.334
72,150,8.269
70,150,8.139
68,150,7.930
66,150,7.789
64,150,7.778
62,150,7.752
60,150,7.937
58,150,8.036
56,150,8.161
54,150,8.245
52,150,8.293
50,150,8.301
48,150,8.232
46,150,8.176
44,150,8.050
42,150,7.949
40,150,8.005
38,150,7.760
36,150,7.610
34,150,7.792
32,150,7.763
30,150,8.053
28,150,8.373
26,150,8.415
24,150,8.414
22,150,8.452
20,150,8.408
18,150,8.370
16,150,8.125
14,150,7.924
12,150,7.896
10,150,7.904
8,150,8.027
6,150,8.335
4,150,8.385
2,150,8.440
0,150,8.455
