0,0,2.088
2,0,2.957
4,0,3.905
6,0,5.085
8,0,6.084
10,0,6.952
12,0,7.537
14,0,7.952
16,0,7.844
18,0,8.008
20,0,7.693
22,0,8.025
24,0,7.498
26,0,7.436
28,0,7.091
30,0,7.057
32,0,7.197
34,0,7.276
36,0,7.469
38,0,7.769
40,0,7.912
42,0,8.069
44,0,8.110
46,0,8.164
48,0,8.164
50,0,8.157
52,0,8.077
54,0,8.065
56,0,7.826
58,0,7.757
60,0,7.612
62,0,7.340
64,0,7.110
66,0,7.058
68,0,7.122
70,0,7.391
72,0,7.340
74,0,7.577
76,0,7.766
78,0,7.950
80,0,7.983
82,0,8.127
84,0,8.131
86,0,8.140
88,0,8.124
90,0,7.958
92,0,7.750
94,0,7.519
96,0,7.055
98,0,7.047
100,0,7.865
102,0,7.489
104,0,7.014
106,0,7.455
108,0,6.879
110,0,7.190
112,0,6.989
114,0,7.034
116,0,7.865
118,0,8.029
120,0,7.973
122,0,8.075
124,0,8.070
126,0,8.072
128,0,8.068
130,0,8.019
132,0,8.085
134,0,8.017
136,0,7.770
138,0,7.893
140,0,7.452
142,0,7.302
144,0,7.267
146,0,7.072
148,0,6.847
150,0,6.917
150,2,6.827
148,2,6.971
146,2,7.151
144,2,7.495
142,2,7.696
140,2,7.523
138,2,7.859
136,2,8.065
134,2,7.892
132,2,8.061
130,2,8.044
128,2,8.062
126,2,8.051
124,2,7.897
122,2,7.699
120,2,7.561
118,2,7.148
116,2,7.129
114,2,6.977
112,2,6.867
110,2,6.972
108,2,7.167
106,2,7.563
104,2,7.943
102,2,7.951
100,2,7.980
98,2,8.095
96,2,8.082
94,2,8.045
92,2,8.009
90,2,7.507
88,2,7.318
86,2,7.377
84,2,7.167
82,2,6.992
80,2,7.032
78,2,7.333
76,2,7.780
74,2,7.712
72,2,8.111
70,2,8.160
68,2,8.183
66,2,8.187
64,2,8.052
62,2,7.934
60,2,7.561
58,2,7.256
56,2,7.110
54,2,7.281
52,2,7.406
50,2,7.835
48,2,8.042
46,2,8.176
44,2,8.204
42,2,8.160
40,2,8.051
38,2,7.765
36,2,7.222
34,2,7.160
32,2,7.250
30,2,7.641
28,2,7.949
26,2,8.213
24,2,8.237
22,2,8.162
20,2,8.091
18,2,7.819
16,2,7.375
14,2,7.258
12,2,7.652
10,2,7.891
8,2,8.112
6,2,8.237
4,2,8.098
2,2,7.508
0,2,5.833
0,4,5.798
2,4,6.976
4,4,7.496
6,4,7.831
8,4,7.808
10,4,7.371
12,4,7.228
14,4,7.268
16,4,7.433
18,4,7.995
20,4,8.197
22,4,8.228
24,4,8.140
26,4,7.996
28,4,7.736
30,4,7.368
32,4,7.242
34,4,7.538
36,4,7.889
38,4,8.061
40,4,8.155
42,4,8.158
44,4,8.003
46,4,7.737
48,4,7.570
50,4,7.159
52,4,7.082
54,4,7.406
56,4,7.726
58,4,7.825
60,4,8.023
62,4,8.163
64,4,8.170
66,4,8.080
68,4,7.863
70,4,7.594
72,4,7.285
74,4,7.060
76,4,7.091
78,4,7.262
80,4,7.442
82,4,7.736
84,4,8.041
86,4,8.150
88,4,8.149
90,4,8.150
92,4,8.065
94,4,7.928
96,4,7.745
98,4,7.680
100,4,7.279
102,4,6.829
104,4,6.812
106,4,6.938
108,4,7.232
110,4,6.978
112,4,7.424
114,4,7.711
116,4,7.869
118,4,7.874
120,4,8.070
122,4,8.063
124,4,8.070
126,4,8.075
128,4,8.009
130,4,7.858
132,4,7.464
134,4,7.809
136,4,7.862
138,4,7.317
140,4,6.914
142,4,7.026
144,4,7.356
146,4,6.772
148,4,6.817
150,4,6.821
150,6,7.023
148,6,7.032
146,6,6.979
144,6,6.970
142,6,7.309
140,6,7.422
138,6,7.871
136,6,7.618
134,6,7.718
132,6,8.056
130,6,8.095
128,6,8.071
126,6,8.051
124,6,7.997
122,6,7.850
120,6,7.715
118,6,7.910
116,6,7.774
114,6,7.115
112,6,6.962
110,6,7.258
108,6,7.078
106,6,7.582
104,6,7.579
102,6,7.881
100,6,8.041
98,6,8.109
96,6,8.124
94,6,8.095
92,6,7.881
90,6,7.644
88,6,7.527
86,6,7.330
84,6,7.112
82,6,6.958
80,6,6.978
78,6,7.426
76,6,7.803
74,6,7.939
72,6,8.041
70,6,8.164
68,6,8.210
66,6,8.143
64,6,8.033
62,6,7.763
60,6,7.727
58,6,7.261
56,6,7.079
54,6,7.161
52,6,7.482
50,6,7.930
48,6,8.093
46,6,8.168
44,6,8.207
42,6,8.159
40,6,8.017
38,6,7.711
36,6,7.286
34,6,7.125
32,6,7.270
30,6,7.605
28,6,8.055
26,6,8.219
24,6,8.210
22,6,8.237
20,6,8.169
18,6,7.566
16,6,7.342
14,6,7.233
12,6,7.633
10,6,7.952
8,6,8.009
6,6,8.233
4,6,8.102
2,6,7.407
0,6,5.955
0,8,5.996
2,8,7.095
4,8,7.801
6,8,8.009
8,8,7.770
10,8,7.608
12,8,7.377
14,8,7.252
16,8,7.560
18,8,7.936
20,8,8.132
22,8,8.227
24,8,8.182
26,8,8.091
28,8,7.762
30,8,7.335
32,8,7.156
34,8,7.346
36,8,7.675
38,8,7.885
40,8,8.039
42,8,8.194
44,8,8.159
46,8,7.907
48,8,7.493
50,8,7.117
52,8,7.060
54,8,7.350
56,8,7.666
58,8,7.878
60,8,8.061
62,8,8.178
64,8,8.174
66,8,8.089
68,8,7.744
70,8,7.581
72,8,7.094
74,8,7.045
76,8,7.041
78,8,7.266
80,8,7.595
82,8,7.999
84,8,8.037
86,8,8.101
88,8,8.149
90,8,8.102
92,8,7.941
94,8,7.665
96,8,7.810
98,8,7.599
100,8,7.027
102,8,6.833
104,8,6.921
106,8,6.995
108,8,7.204
110,8,7.412
112,8,7.571
114,8,7.872
116,8,7.921
118,8,8.042
120,8,8.075
122,8,8.041
124,8,8.050
126,8,8.036
128,8,8.026
130,8,7.853
132,8,7.547
134,8,7.452
136,8,7.132
138,8,7.227
140,8,6.975
142,8,6.852
144,8,6.772
146,8,6.799
148,8,6.985
150,8,7.099
150,10,7.030
148,10,6.963
146,10,6.947
144,10,6.980
142,10,7.067
140,10,7.300
138,10,7.306
136,10,7.543
134,10,7.928
132,10,7.960
130,10,8.032
128,10,8.073
126,10,8.093
124,10,8.081
122,10,7.975
120,10,7.893
118,10,7.637
116,10,7.353
114,10,7.067
112,10,7.011
110,10,6.906
108,10,6.841
106,10,7.115
104,10,7.549
102,10,7.656
100,10,7.921
98,10,8.077
96,10,8.073
94,10,8.117
92,10,8.099
90,10,8.026
88,10,7.835
86,10,7.845
84,10,7.553
82,10,7.232
80,10,7.044
78,10,6.958
76,10,7.150
74,10,7.586
72,10,7.980
70,10,8.060
68,10,8.194
66,10,8.207
64,10,8.167
62,10,8.055
60,10,7.771
58,10,7.670
56,10,7.278
54,10,7.126
52,10,7.328
50,10,7.454
48,10,7.711
46,10,8.159
44,10,8.208
42,10,8.215
40,10,8.181
38,10,7.914
36,10,7.464
34,10,7.151
32,10,7.223
30,10,7.223
28,10,7.885
26,10,8.128
24,10,8.182
22,10,8.242
20,10,8.179
18,10,7.897
16,10,7.766
14,10,7.241
12,10,7.325
10,10,7.698
8,10,8.081
6,10,8.202
4,10,8.212
2,10,7.949
0,10,6.610
0,12,6.928
2,12,7.613
4,12,7.876
6,12,8.011
8,12,7.660
10,12,7.417
12,12,7.222
14,12,7.455
16,12,7.925
18,12,8.105
20,12,8.206
22,12,8.235
24,12,8.068
26,12,7.871
28,12,7.646
30,12,7.249
32,12,7.230
34,12,7.699
36,12,7.980
38,12,8.112
40,12,8.191
42,12,8.176
44,12,8.079
46,12,7.691
48,12,7.270
50,12,7.057
52,12,7.173
54,12,7.727
56,12,7.969
58,12,8.116
60,12,8.170
62,12,8.179
64,12,7.978
66,12,7.937
68,12,7.576
70,12,7.028
72,12,7.049
74,12,7.201
76,12,7.441
78,12,7.742
80,12,8.024
82,12,8.020
84,12,8.154
86,12,8.103
88,12,8.074
90,12,8.045
92,12,7.891
94,12,7.418
96,12,6.904
98,12,6.885
100,12,6.878
102,12,6.947
104,12,7.336
106,12,7.569
108,12,7.909
110,12,7.981
112,12,7.887
114,12,7.880
116,12,8.056
118,12,8.050
120,12,7.962
122,12,8.026
124,12,7.711
126,12,7.483
128,12,7.439
130,12,7.159
132,12,7.122
134,12,6.820
136,12,6.778
138,12,6.772
140,12,6.812
142,12,7.014
144,12,7.349
146,12,7.208
148,12,7.534
150,12,7.797
150,14,7.805
148,14,7.271
146,14,6.987
144,14,7.224
142,14,7.018
140,14,6.792
138,14,6.919
136,14,7.139
134,14,7.123
132,14,7.349
130,14,7.608
128,14,7.943
126,14,7.974
124,14,8.040
122,14,8.083
120,14,8.067
118,14,8.043
116,14,7.978
114,14,7.733
112,14,7.502
110,14,7.271
108,14,7.000
106,14,6.785
104,14,6.918
102,14,6.947
100,14,7.364
98,14,7.862
96,14,7.995
94,14,7.957
92,14,8.063
90,14,8.104
88,14,8.050
86,14,7.964
84,14,7.839
82,14,7.643
80,14,7.242
78,14,7.030
76,14,7.019
74,14,7.061
72,14,7.182
70,14,7.580
68,14,7.790
66,14,8.021
64,14,8.152
62,14,8.161
60,14,8.098
58,14,8.024
56,14,7.735
54,14,7.454
52,14,7.131
50,14,7.137
48,14,7.328
46,14,7.669
44,14,7.915
42,14,8.131
40,14,8.206
38,14,8.183
36,14,8.111
34,14,7.835
32,14,7.195
30,14,7.164
28,14,7.285
26,14,7.620
24,14,8.065
22,14,8.147
20,14,8.234
18,14,8.160
16,14,7.828
14,14,7.725
12,14,7.304
10,14,7.336
8,14,7.763
6,14,8.028
4,14,8.176
2,14,8.046
0,14,7.399
0,16,7.162
2,16,7.501
4,16,7.559
6,16,7.789
8,16,7.186
10,16,7.392
12,16,7.525
14,16,7.789
16,16,8.060
18,16,8.211
20,16,8.228
22,16,8.022
24,16,7.665
26,16,7.391
28,16,7.154
30,16,7.559
32,16,7.854
34,16,7.944
36,16,8.146
38,16,8.197
40,16,8.139
42,16,7.933
44,16,7.276
46,16,7.145
48,16,7.072
50,16,7.283
52,16,7.723
54,16,8.075
56,16,8.139
58,16,8.177
60,16,8.170
62,16,7.976
64,16,7.675
66,16,7.607
68,16,7.085
70,16,7.061
72,16,7.316
74,16,7.462
76,16,7.954
78,16,8.052
80,16,8.153
82,16,8.142
84,16,8.057
86,16,7.789
88,16,7.551
90,16,7.725
92,16,7.096
94,16,6.861
96,16,6.889
98,16,6.972
100,16,7.193
102,16,7.286
104,16,7.654
106,16,7.879
108,16,8.101
110,16,8.071
112,16,8.081
114,16,7.938
116,16,7.999
118,16,7.787
120,16,7.681
122,16,7.489
124,16,7.288
126,16,7.090
128,16,7.097
130,16,6.799
132,16,6.808
134,16,6.999
136,16,7.425
138,16,7.153
140,16,7.361
142,16,7.613
144,16,7.841
146,16,7.997
148,16,8.001
150,16,7.995
150,18,7.838
148,18,7.723
146,18,7.870
144,18,7.534
142,18,7.384
140,18,7.384
138,18,7.147
136,18,6.892
134,18,6.766
132,18,6.742
130,18,6.812
128,18,7.125
126,18,7.549
124,18,7.720
122,18,7.873
120,18,8.026
118,18,8.023
116,18,8.074
114,18,8.039
112,18,8.061
110,18,7.964
108,18,7.448
106,18,7.010
104,18,7.048
102,18,7.021
100,18,6.849
98,18,6.958
96,18,7.510
94,18,7.493
92,18,7.715
90,18,8.079
88,18,8.020
86,18,8.100
84,18,8.135
82,18,8.005
80,18,7.894
78,18,7.750
76,18,7.409
74,18,7.126
72,18,6.975
70,18,7.070
68,18,7.303
66,18,7.719
64,18,7.839
62,18,8.077
60,18,8.195
58,18,8.159
56,18,8.043
54,18,7.744
52,18,7.386
50,18,7.211
48,18,7.122
46,18,7.127
44,18,7.564
42,18,7.952
40,18,8.128
38,18,8.170
36,18,8.187
34,18,8.106
32,18,7.717
30,18,7.290
28,18,7.350
26,18,7.161
24,18,7.730
22,18,8.025
20,18,8.193
18,18,8.244
16,18,8.229
14,18,7.930
12,18,7.567
10,18,7.378
8,18,7.282
6,18,7.667
4,18,7.977
2,18,7.943
0,18,7.242
0,20,6.807
2,20,7.025
4,20,6.848
6,20,7.084
8,20,7.181
10,20,7.672
12,20,7.939
14,20,8.100
16,20,8.234
18,20,8.151
20,20,7.983
22,20,7.532
24,20,7.549
26,20,7.212
28,20,7.506
30,20,7.740
32,20,8.033
34,20,8.181
36,20,8.129
38,20,8.014
40,20,7.966
42,20,7.755
44,20,7.309
46,20,7.066
48,20,7.259
50,20,7.724
52,20,8.077
54,20,8.071
56,20,7.997
58,20,7.926
60,20,7.356
62,20,7.546
64,20,7.278
66,20,7.324
68,20,7.034
70,20,7.156
72,20,7.274
74,20,8.103
76,20,8.152
78,20,8.116
80,20,8.103
82,20,7.958
84,20,7.594
86,20,7.560
88,20,7.266
90,20,6.996
92,20,6.883
94,20,7.028
96,20,7.128
98,20,7.622
100,20,7.728
102,20,7.915
104,20,8.005
106,20,8.041
108,20,8.077
110,20,8.077
112,20,7.981
114,20,7.783
116,20,7.598
118,20,7.146
120,20,7.150
122,20,7.082
124,20,6.823
126,20,6.732
128,20,6.989
130,20,7.182
132,20,7.286
134,20,7.527
136,20,7.400
138,20,7.683
140,20,7.864
142,20,7.859
144,20,7.991
146,20,8.049
148,20,8.031
150,20,8.007
150,22,7.971
148,22,8.026
146,22,8.007
144,22,7.963
142,22,7.869
140,22,7.761
138,22,7.793
136,22,7.608
134,22,7.153
132,22,6.805
130,22,6.759
128,22,6.785
126,22,7.060
124,22,7.398
122,22,7.836
120,22,7.976
118,22,8.046
116,22,7.971
114,22,8.077
112,22,8.049
110,22,7.976
108,22,7.707
106,22,7.818
104,22,7.808
102,22,7.461
100,22,6.886
98,22,6.939
96,22,6.841
94,22,7.193
92,22,7.724
90,22,7.819
88,22,7.918
86,22,7.979
84,22,7.994
82,22,8.123
80,22,8.068
78,22,8.061
76,22,7.937
74,22,7.268
72,22,7.195
70,22,7.064
68,22,7.248
66,22,7.485
64,22,7.676
62,22,7.773
60,22,7.998
58,22,8.154
56,22,8.164
54,22,8.004
52,22,7.674
50,22,7.514
48,22,7.351
46,22,7.077
44,22,7.195
42,22,7.322
40,22,7.660
38,22,7.935
36,22,8.193
34,22,8.186
32,22,8.143
30,22,7.924
28,22,7.563
26,22,7.141
24,22,7.295
22,22,7.605
20,22,7.918
18,22,8.125
16,22,8.239
14,22,8.211
12,22,7.917
10,22,7.621
8,22,7.290
6,22,7.386
4,22,7.716
2,22,7.416
0,22,6.512
0,24,5.657
2,24,5.605
4,24,6.194
6,24,6.689
8,24,7.527
10,24,7.958
12,24,8.139
14,24,8.201
16,24,8.233
18,24,8.126
20,24,7.598
22,24,7.445
24,24,7.190
26,24,7.457
28,24,7.778
30,24,8.064
32,24,8.178
34,24,8.195
36,24,8.059
38,24,7.937
40,24,7.415
42,24,7.059
44,24,7.135
46,24,7.222
48,24,7.631
50,24,7.992
52,24,8.158
54,24,8.112
56,24,8.126
58,24,7.975
60,24,7.664
62,24,7.263
64,24,7.018
66,24,7.374
68,24,7.756
70,24,7.818
72,24,7.919
74,24,8.137
76,24,8.117
78,24,8.045
80,24,8.068
82,24,7.929
84,24,7.581
86,24,7.037
88,24,6.984
90,24,6.944
92,24,7.091
94,24,7.476
96,24,7.784
98,24,7.878
100,24,7.931
102,24,8.070
104,24,8.054
106,24,8.069
108,24,8.088
110,24,8.042
112,24,7.890
114,24,7.610
116,24,7.284
118,24,6.989
120,24,6.889
122,24,6.741
124,24,6.743
126,24,6.862
128,24,7.285
130,24,7.580
132,24,7.611
134,24,7.679
136,24,7.813
138,24,7.947
140,24,8.029
142,24,8.050
144,24,8.060
146,24,8.004
148,24,7.971
150,24,7.866
150,26,7.902
148,26,8.006
146,26,8.008
144,26,8.039
142,26,8.061
140,26,7.887
138,26,7.698
136,26,7.492
134,26,7.521
132,26,7.472
130,26,7.259
128,26,6.984
126,26,6.804
124,26,6.805
122,26,7.077
120,26,7.294
118,26,7.524
116,26,7.766
114,26,8.028
112,26,8.050
110,26,8.076
108,26,8.080
106,26,8.026
104,26,7.752
102,26,7.549
100,26,7.404
98,26,7.269
96,26,6.986
94,26,7.002
92,26,6.858
90,26,7.359
88,26,7.484
86,26,7.771
84,26,7.989
82,26,8.119
80,26,8.163
78,26,8.097
76,26,8.038
74,26,7.984
72,26,7.523
70,26,7.404
68,26,7.178
66,26,7.086
64,26,7.377
62,26,7.741
60,26,7.954
58,26,8.040
56,26,8.157
54,26,8.186
52,26,8.034
50,26,7.884
48,26,7.620
46,26,7.280
44,26,7.132
42,26,7.193
40,26,7.494
38,26,7.822
36,26,8.106
34,26,8.211
32,26,8.208
30,26,8.032
28,26,7.883
26,26,7.230
24,26,7.116
22,26,7.157
20,26,7.723
18,26,8.045
16,26,8.184
14,26,8.248
12,26,8.189
10,26,7.853
8,26,7.755
6,26,7.277
4,26,7.146
2,26,6.851
0,26,5.758
0,28,4.804
2,28,5.142
4,28,5.693
6,28,6.720
8,28,7.592
10,28,7.968
12,28,8.206
14,28,8.219
16,28,8.048
18,28,7.707
20,28,7.271
22,28,7.217
24,28,7.356
26,28,7.707
28,28,7.984
30,28,8.064
32,28,8.203
34,28,7.843
36,28,7.545
38,28,7.424
40,28,7.172
42,28,7.107
44,28,7.550
46,28,7.908
48,28,8.086
50,28,8.169
52,28,8.170
54,28,8.089
56,28,7.913
58,28,7.476
60,28,7.252
62,28,6.990
64,28,7.019
66,28,7.385
68,28,7.878
70,28,8.102
72,28,8.144
74,28,8.117
76,28,8.019
78,28,8.068
80,28,7.823
82,28,7.252
84,28,6.894
86,28,6.951
88,28,6.978
90,28,7.169
92,28,7.370
94,28,7.666
96,28,7.830
98,28,8.058
100,28,8.093
102,28,8.092
104,28,7.965
106,28,7.766
108,28,7.792
110,28,7.732
112,28,6.981
114,28,6.826
116,28,6.803
118,28,6.726
120,28,6.863
122,28,7.223
124,28,7.326
126,28,7.586
128,28,7.650
130,28,7.843
132,28,7.959
134,28,7.995
136,28,8.043
138,28,8.047
140,28,7.994
142,28,7.988
144,28,7.843
146,28,7.621
148,28,7.547
150,28,7.439
150,30,7.483
148,30,7.579
146,30,7.852
144,30,7.991
142,30,8.030
140,30,8.041
138,30,8.068
136,30,8.017
134,30,7.923
132,30,7.752
130,30,7.461
128,30,7.370
126,30,7.283
124,30,6.748
122,30,6.747
120,30,6.772
118,30,6.890
116,30,7.249
114,30,7.545
112,30,7.780
110,30,7.946
108,30,7.965
106,30,8.088
104,30,8.087
102,30,8.043
100,30,7.989
98,30,7.767
96,30,7.433
94,30,7.157
92,30,6.920
90,30,6.865
88,30,6.973
86,30,7.036
84,30,7.588
82,30,7.924
80,30,8.037
78,30,8.128
76,30,8.156
74,30,8.067
72,30,7.916
70,30,7.828
68,30,7.652
66,30,7.240
64,30,6.988
62,30,7.053
60,30,7.148
58,30,7.450
56,30,8.055
54,30,8.126
52,30,8.154
50,30,8.169
48,30,8.145
46,30,7.926
44,30,7.482
42,30,7.130
40,30,7.147
38,30,7.201
36,30,7.746
34,30,8.131
32,30,8.119
30,30,8.203
28,30,8.039
26,30,7.865
24,30,7.523
22,30,7.289
20,30,7.180
18,30,7.564
16,30,7.814
14,30,8.078
12,30,8.247
10,30,8.127
8,30,8.033
6,30,7.710
4,30,6.999
2,30,5.744
0,30,4.157
0,32,3.072
2,32,4.169
4,32,5.406
6,32,7.009
8,32,7.834
10,32,8.141
12,32,8.165
14,32,8.092
16,32,7.677
18,32,7.230
20,32,7.316
22,32,7.630
24,32,7.880
26,32,8.143
28,32,8.192
30,32,8.185
32,32,8.065
34,32,7.662
36,32,7.318
38,32,7.010
40,32,7.264
42,32,7.707
44,32,7.931
46,32,8.062
48,32,8.180
50,32,8.112
52,32,7.722
54,32,7.135
56,32,7.677
58,32,7.168
60,32,7.136
62,32,7.195
64,32,7.730
66,32,7.878
68,32,8.088
70,32,8.135
72,32,8.105
74,32,8.025
76,32,7.742
78,32,7.177
80,32,7.062
82,32,6.880
84,32,7.062
86,32,7.325
88,32,7.622
90,32,7.841
92,32,7.922
94,32,7.984
96,32,8.081
98,32,8.070
100,32,7.841
102,32,7.825
104,32,7.594
106,32,7.309
108,32,7.042
110,32,6.985
112,32,6.788
114,32,6.877
116,32,6.978
118,32,7.329
120,32,7.456
122,32,7.756
124,32,7.607
126,32,7.873
128,32,7.982
130,32,7.942
132,32,8.030
134,32,8.022
136,32,7.978
138,32,7.635
140,32,7.555
142,32,7.489
144,32,7.397
146,32,6.781
148,32,6.721
150,32,6.895
150,34,6.813
148,34,6.944
146,34,7.071
144,34,7.105
142,34,7.384
140,34,8.006
138,34,7.802
136,34,7.973
134,34,8.059
132,34,8.030
130,34,7.993
128,34,7.898
126,34,7.631
124,34,7.480
122,34,7.477
120,34,6.820
118,34,6.969
116,34,6.765
114,34,7.063
112,34,6.889
110,34,7.490
108,34,7.708
106,34,7.765
104,34,7.970
102,34,8.050
100,34,8.069
98,34,8.036
96,34,8.003
94,34,7.667
92,34,7.498
90,34,7.415
88,34,7.006
86,34,6.865
84,34,7.081
82,34,7.233
80,34,7.497
78,34,7.817
76,34,7.954
74,34,8.147
72,34,8.125
70,34,8.127
68,34,8.013
66,34,7.800
64,34,7.364
62,34,7.144
60,34,6.994
58,34,7.067
56,34,7.457
54,34,7.793
52,34,8.017
50,34,8.077
48,34,8.163
46,34,8.133
44,34,8.051
42,34,7.708
40,34,7.346
38,34,7.224
36,34,7.241
34,34,7.357
32,34,8.050
30,34,8.084
28,34,8.200
26,34,8.130
24,34,7.725
22,34,7.509
20,34,7.329
18,34,7.172
16,34,7.328
14,34,7.885
12,34,8.113
10,34,8.242
8,34,8.199
6,34,8.008
4,34,7.056
2,34,5.192
0,34,2.931
0,36,2.286
2,36,3.566
4,36,5.903
6,36,7.103
8,36,7.656
10,36,7.915
12,36,7.749
14,36,7.382
16,36,7.181
18,36,7.225
20,36,7.565
22,36,7.975
24,36,8.081
26,36,8.197
28,36,8.138
30,36,7.862
32,36,7.337
34,36,7.284
36,36,7.065
38,36,7.241
40,36,7.768
42,36,8.011
44,36,8.161
46,36,8.165
48,36,8.117
50,36,7.851
52,36,7.451
54,36,6.969
56,36,7.061
58,36,7.326
60,36,7.633
62,36,7.858
64,36,7.973
66,36,8.095
68,36,8.106
70,36,7.933
72,36,7.853
74,36,7.413
76,36,6.972
78,36,6.928
80,36,6.998
82,36,7.301
84,36,7.330
86,36,7.692
88,36,7.980
90,36,8.078
92,36,8.074
94,36,8.075
96,36,8.006
98,36,7.732
100,36,7.588
102,36,7.405
104,36,7.045
106,36,6.723
108,36,6.704
110,36,6.937
112,36,7.312
114,36,7.340
116,36,7.531
118,36,7.728
120,36,7.904
122,36,7.946
124,36,8.014
126,36,8.030
128,36,7.913
130,36,7.664
132,36,7.609
134,36,7.689
136,36,7.648
138,36,7.343
140,36,7.160
142,36,6.750
144,36,6.652
146,36,6.660
148,36,6.635
150,36,6.897
150,38,6.632
148,38,6.622
146,38,6.644
144,38,6.855
142,38,6.957
140,38,7.325
138,38,7.613
136,38,7.624
134,38,7.753
132,38,7.928
130,38,8.016
128,38,8.041
126,38,8.025
124,38,7.969
122,38,7.658
120,38,7.663
118,38,7.346
116,38,7.124
114,38,6.877
112,38,6.687
110,38,6.745
108,38,6.909
106,38,7.057
104,38,7.219
102,38,7.786
100,38,7.913
98,38,8.047
96,38,8.056
94,38,8.005
92,38,7.976
90,38,7.851
88,38,7.469
86,38,7.465
84,38,7.068
82,38,6.860
80,38,6.871
78,38,7.188
76,38,7.701
74,38,7.889
72,38,7.837
70,38,8.100
68,38,8.101
66,38,8.075
64,38,7.913
62,38,7.676
60,38,7.368
58,38,7.054
56,38,7.002
54,38,7.219
52,38,7.519
50,38,7.809
48,38,8.089
46,38,8.175
44,38,8.104
42,38,7.986
40,38,7.866
38,38,7.752
36,38,7.110
34,38,7.123
32,38,7.228
30,38,7.917
28,38,8.060
26,38,8.187
24,38,8.194
22,38,7.865
20,38,7.840
18,38,7.426
16,38,7.158
14,38,7.321
12,38,7.873
10,38,8.110
8,38,8.202
6,38,8.091
4,38,7.414
2,38,5.547
0,38,2.503
0,40,3.071
2,40,5.045
4,40,6.207
6,40,7.005
8,40,7.364
10,40,7.567
12,40,7.307
14,40,7.125
16,40,7.194
18,40,7.560
20,40,7.963
22,40,8.184
24,40,8.183
26,40,8.108
28,40,7.891
30,40,7.509
32,40,7.064
34,40,7.091
36,40,7.272
38,40,7.657
40,40,8.104
42,40,8.172
44,40,8.139
46,40,8.087
48,40,7.826
50,40,7.154
52,40,6.979
54,40,7.154
56,40,7.367
58,40,7.714
60,40,7.834
62,40,8.073
64,40,8.119
66,40,8.065
68,40,7.891
70,40,7.403
72,40,7.104
74,40,6.920
76,40,6.934
78,40,7.122
80,40,7.364
82,40,7.728
84,40,7.998
86,40,8.065
88,40,8.080
90,40,8.014
92,40,7.948
94,40,7.703
96,40,7.487
98,40,7.372
100,40,7.073
102,40,6.897
104,40,6.717
106,40,6.948
108,40,7.398
110,40,7.415
112,40,7.569
114,40,7.891
116,40,7.947
118,40,8.003
120,40,8.011
122,40,7.999
124,40,7.925
126,40,7.671
128,40,7.445
130,40,7.435
132,40,7.565
134,40,7.058
136,40,6.706
138,40,6.707
140,40,6.884
142,40,6.704
144,40,7.096
146,40,7.106
148,40,7.277
150,40,7.705
150,42,7.527
148,42,7.242
146,42,7.158
144,42,6.939
142,42,6.675
140,42,6.736
138,42,6.973
136,42,7.139
134,42,7.467
132,42,7.540
130,42,7.707
128,42,7.915
126,42,7.906
124,42,8.016
122,42,8.029
120,42,7.946
118,42,7.835
116,42,7.721
114,42,7.629
112,42,7.031
110,42,6.836
108,42,6.973
106,42,6.759
104,42,6.767
102,42,7.101
100,42,7.432
98,42,7.703
96,42,7.909
94,42,8.022
92,42,8.067
90,42,8.080
88,42,8.049
86,42,7.784
84,42,7.484
82,42,7.182
80,42,6.925
78,42,6.891
76,42,6.916
74,42,7.162
72,42,7.343
70,42,7.699
68,42,8.020
66,42,8.062
64,42,8.124
62,42,8.014
60,42,7.851
58,42,7.627
56,42,7.268
54,42,7.077
52,42,6.957
50,42,7.548
48,42,7.727
46,42,7.819
44,42,8.093
42,42,8.168
40,42,8.093
38,42,7.960
36,42,7.751
34,42,7.404
32,42,7.102
30,42,7.189
28,42,7.795
26,42,8.025
24,42,8.166
22,42,8.190
20,42,8.157
18,42,7.978
16,42,7.617
14,42,7.179
12,42,7.328
10,42,7.580
8,42,8.012
6,42,8.110
4,42,7.715
2,42,6.671
0,42,4.059
0,44,4.473
2,44,5.689
4,44,6.661
6,44,7.116
8,44,7.109
10,44,7.087
12,44,7.027
14,44,7.385
16,44,7.663
18,44,8.032
20,44,8.197
22,44,8.098
24,44,8.183
26,44,7.923
28,44,7.132
30,44,7.049
32,44,7.120
34,44,7.659
36,44,8.028
38,44,8.112
40,44,8.175
42,44,8.090
44,44,7.826
46,44,7.384
48,44,7.053
50,44,6.962
52,44,7.083
54,44,7.841
56,44,8.071
58,44,7.819
60,44,8.114
62,44,8.043
64,44,7.667
66,44,7.739
68,44,7.317
70,44,6.988
72,44,6.938
74,44,7.451
76,44,7.476
78,44,7.721
80,44,7.924
82,44,8.076
84,44,8.073
86,44,8.085
88,44,8.039
90,44,7.737
92,44,7.382
94,44,7.076
96,44,6.937
98,44,6.763
100,44,6.987
102,44,7.540
104,44,7.497
106,44,7.511
108,44,7.803
110,44,7.976
112,44,8.026
114,44,8.022
116,44,7.984
118,44,7.908
120,44,7.714
122,44,7.535
124,44,7.506
126,44,6.900
128,44,6.945
130,44,6.696
132,44,6.625
134,44,6.641
136,44,6.882
138,44,6.935
140,44,7.091
142,44,7.309
144,44,7.787
146,44,7.899
148,44,7.904
150,44,7.886
150,46,7.832
148,46,7.757
146,46,7.458
144,46,7.606
142,46,7.148
140,46,6.799
138,46,6.788
136,46,7.005
134,46,6.718
132,46,6.903
130,46,7.053
128,46,7.389
126,46,7.668
124,46,7.670
122,46,7.820
120,46,7.941
118,46,8.029
116,46,8.018
114,46,7.992
112,46,7.856
110,46,7.495
108,46,7.299
106,46,7.057
104,46,6.777
102,46,6.744
100,46,6.795
98,46,6.998
96,46,7.426
94,46,7.694
92,46,7.875
90,46,8.061
88,46,8.074
86,46,8.085
84,46,8.061
82,46,7.828
80,46,7.481
78,46,7.113
76,46,7.089
74,46,6.847
72,46,7.048
70,46,7.193
68,46,7.666
66,46,7.831
64,46,8.066
62,46,8.118
60,46,8.105
58,46,8.003
56,46,7.679
54,46,7.157
52,46,7.053
50,46,6.979
48,46,7.057
46,46,7.445
44,46,7.756
42,46,8.060
40,46,8.170
38,46,8.157
36,46,8.020
34,46,7.717
32,46,7.203
30,46,7.077
28,46,7.206
26,46,7.643
24,46,7.929
22,46,8.101
20,46,8.171
18,46,8.137
16,46,8.045
14,46,7.492
12,46,7.145
10,46,7.268
8,46,7.501
6,46,7.612
4,46,7.533
2,46,6.988
0,46,5.120
0,48,4.515
2,48,5.597
4,48,6.214
6,48,6.267
8,48,6.597
10,48,6.972
12,48,7.345
14,48,7.917
16,48,8.117
18,48,8.212
20,48,8.100
22,48,7.859
24,48,7.634
26,48,7.332
28,48,7.046
30,48,7.294
32,48,7.876
34,48,7.998
36,48,8.087
38,48,8.169
40,48,8.041
42,48,7.728
44,48,7.308
46,48,7.009
48,48,7.123
50,48,7.379
52,48,7.765
54,48,7.807
56,48,8.130
58,48,8.090
60,48,8.116
62,48,7.947
64,48,7.512
66,48,6.917
68,48,6.866
70,48,6.883
72,48,7.042
74,48,7.623
76,48,7.838
78,48,8.014
80,48,8.080
82,48,8.030
84,48,7.975
86,48,7.729
88,48,7.256
90,48,6.999
92,48,6.830
94,48,6.770
96,48,6.835
98,48,6.930
100,48,7.232
102,48,7.615
104,48,7.845
106,48,7.943
108,48,8.023
110,48,8.033
112,48,7.947
114,48,7.876
116,48,7.857
118,48,7.628
120,48,7.129
122,48,6.883
124,48,6.722
126,48,6.742
128,48,6.622
130,48,6.712
132,48,6.922
134,48,7.071
136,48,7.420
138,48,7.816
140,48,7.844
142,48,7.819
144,48,7.855
146,48,7.989
148,48,8.005
150,48,7.983
150,50,7.971
148,50,7.994
146,50,7.944
144,50,7.678
142,50,7.691
140,50,7.693
138,50,7.322
136,50,6.944
134,50,6.818
132,50,6.821
130,50,6.694
128,50,6.888
126,50,7.103
124,50,7.275
122,50,7.528
120,50,7.724
118,50,7.874
116,50,8.011
114,50,8.036
112,50,8.016
110,50,7.939
108,50,7.839
106,50,7.543
104,50,7.417
102,50,6.985
100,50,6.836
98,50,6.778
96,50,6.787
94,50,7.113
92,50,7.464
90,50,7.569
88,50,7.877
86,50,8.021
84,50,8.086
82,50,7.976
80,50,8.044
78,50,7.897
76,50,7.574
74,50,7.089
72,50,6.861
70,50,6.865
68,50,7.013
66,50,7.522
64,50,7.692
62,50,7.965
60,50,8.117
58,50,8.111
56,50,8.044
54,50,7.777
52,50,7.670
50,50,7.226
48,50,6.975
46,50,7.076
44,50,7.277
42,50,7.597
40,50,7.958
38,50,8.156
36,50,8.140
34,50,7.985
32,50,7.747
30,50,7.560
28,50,7.151
26,50,7.153
24,50,7.398
22,50,7.720
20,50,8.020
18,50,8.164
16,50,8.132
14,50,7.949
12,50,7.528
10,50,7.333
8,50,7.175
6,50,7.484
4,50,7.339
2,50,6.622
0,50,4.841
0,52,3.861
2,52,4.713
4,52,5.189
6,52,5.571
8,52,6.329
10,52,7.022
12,52,7.658
14,52,8.012
16,52,8.204
18,52,8.157
20,52,7.960
22,52,7.835
24,52,7.376
26,52,7.099
28,52,7.302
30,52,7.719
32,52,8.038
34,52,8.148
36,52,8.163
38,52,7.968
40,52,7.684
42,52,7.481
44,52,7.114
46,52,7.033
48,52,7.425
50,52,7.781
52,52,8.079
54,52,8.136
56,52,8.097
58,52,7.948
60,52,7.778
62,52,7.424
64,52,6.843
66,52,6.857
68,52,7.124
70,52,7.371
72,52,7.622
74,52,7.913
76,52,8.069
78,52,8.073
80,52,8.012
82,52,7.861
84,52,7.778
86,52,7.421
88,52,7.047
90,52,6.792
92,52,6.868
94,52,6.861
96,52,7.481
98,52,7.760
100,52,7.817
102,52,7.956
104,52,8.057
106,52,8.024
108,52,7.942
110,52,7.907
112,52,7.818
114,52,7.642
116,52,7.113
118,52,6.874
120,52,6.922
122,52,6.630
124,52,6.689
126,52,6.667
128,52,6.963
130,52,7.464
132,52,7.636
134,52,7.707
136,52,7.766
138,52,7.899
140,52,7.989
142,52,8.015
144,52,8.014
146,52,7.944
148,52,7.770
150,52,7.754
150,54,7.783
148,54,7.904
146,54,7.967
144,54,8.008
142,54,7.982
140,54,7.946
138,54,7.834
136,54,7.587
134,54,7.275
132,54,7.009
130,54,6.955
128,54,6.892
126,54,6.775
124,54,6.672
122,54,7.049
120,54,7.150
118,54,7.392
116,54,7.712
114,54,7.904
112,54,7.958
110,54,8.012
108,54,7.986
106,54,8.006
104,54,7.964
102,54,7.647
100,54,7.366
98,54,7.164
96,54,6.879
94,54,6.772
92,54,6.887
90,54,7.198
88,54,7.490
86,54,7.710
84,54,7.806
82,54,8.021
80,54,8.067
78,54,8.090
76,54,7.976
74,54,7.384
72,54,7.187
70,54,7.271
68,54,6.851
66,54,7.044
64,54,7.381
62,54,7.565
60,54,7.919
58,54,8.115
56,54,8.121
54,54,8.087
52,54,7.914
50,54,7.721
48,54,7.303
46,54,7.073
44,54,6.994
42,54,7.223
40,54,7.802
38,54,7.807
36,54,8.011
34,54,8.158
32,54,8.007
30,54,7.874
28,54,7.696
26,54,7.215
24,54,7.179
22,54,7.269
20,54,7.593
18,54,8.062
16,54,8.208
14,54,8.179
12,54,8.040
10,54,7.658
8,54,7.211
6,54,7.032
4,54,6.721
2,54,5.362
0,54,3.902
0,56,3.079
2,56,3.413
4,56,3.924
6,56,5.201
8,56,6.696
10,56,7.671
12,56,8.077
14,56,8.169
16,56,8.146
18,56,7.948
20,56,7.443
22,56,7.112
24,56,7.058
26,56,7.318
28,56,7.897
30,56,8.034
32,56,8.132
34,56,8.161
36,56,7.898
38,56,7.646
40,56,7.179
42,56,6.953
44,56,7.293
46,56,7.583
48,56,7.804
50,56,8.048
52,56,8.128
54,56,8.107
56,56,7.937
58,56,7.637
60,56,7.017
62,56,6.846
64,56,6.914
66,56,7.245
68,56,7.630
70,56,8.023
72,56,8.085
74,56,8.108
76,56,8.089
78,56,7.965
80,56,7.587
82,56,7.418
84,56,6.928
86,56,6.828
88,56,6.748
90,56,7.019
92,56,7.317
94,56,7.617
96,56,7.830
98,56,7.926
100,56,8.022
102,56,8.028
104,56,7.982
106,56,7.920
108,56,7.555
110,56,7.308
112,56,7.276
114,56,6.959
116,56,6.686
118,56,6.664
120,56,6.811
122,56,6.947
124,56,7.261
126,56,7.354
128,56,7.753
130,56,7.836
132,56,7.820
134,56,7.950
136,56,7.982
138,56,7.945
140,56,7.968
142,56,7.946
144,56,7.858
146,56,7.746
148,56,7.102
150,56,7.070
150,58,7.053
148,58,7.515
146,58,7.740
144,58,7.936
142,58,7.988
140,58,8.003
138,58,7.996
136,58,7.933
134,58,7.886
132,58,7.708
130,58,7.469
128,58,7.188
126,58,7.097
124,58,6.805
122,58,6.668
120,58,6.649
118,58,6.887
116,58,6.951
114,58,7.448
112,58,7.553
110,58,7.742
108,58,7.898
106,58,7.987
104,58,8.046
102,58,7.981
100,58,7.820
98,58,7.564
96,58,7.355
94,58,7.322
92,58,6.844
90,58,6.829
88,58,7.199
86,58,7.212
84,58,7.369
82,58,7.612
80,58,7.915
78,58,8.043
76,58,8.084
74,58,8.039
72,58,7.904
70,58,7.740
68,58,7.264
66,58,7.224
64,58,6.892
62,58,7.064
60,58,7.340
58,58,7.491
56,58,7.820
54,58,8.105
52,58,8.128
50,58,8.100
48,58,7.985
46,58,7.750
44,58,7.495
42,58,7.091
40,58,7.048
38,58,7.220
36,58,7.685
34,58,8.028
32,58,8.119
30,58,8.152
28,58,7.979
26,58,7.692
24,58,7.348
22,58,7.036
20,58,7.154
18,58,7.564
16,58,8.032
14,58,8.191
12,58,8.204
10,58,8.155
8,58,7.847
6,58,7.131
4,58,5.880
2,58,4.111
0,58,2.080
0,60,1.255
2,60,2.129
4,60,3.879
6,60,6.039
8,60,7.233
10,60,7.848
12,60,8.047
14,60,8.004
16,60,7.713
18,60,7.217
20,60,7.084
22,60,7.353
24,60,7.686
26,60,8.105
28,60,8.130
30,60,8.147
32,60,7.993
34,60,7.771
36,60,7.278
38,60,6.955
40,60,7.024
42,60,7.443
44,60,7.829
46,60,8.002
48,60,8.105
50,60,8.118
52,60,7.966
54,60,7.449
56,60,7.035
58,60,6.933
60,60,6.867
62,60,7.079
64,60,7.660
66,60,7.939
68,60,8.054
70,60,8.069
72,60,7.989
74,60,7.850
76,60,7.741
78,60,7.172
80,60,6.880
82,60,6.810
84,60,6.803
86,60,7.250
88,60,7.566
90,60,7.655
92,60,7.951
94,60,8.031
96,60,8.014
98,60,7.915
100,60,7.923
102,60,7.785
104,60,7.486
106,60,7.162
108,60,6.844
110,60,6.670
112,60,6.792
114,60,6.979
116,60,6.795
118,60,7.283
120,60,7.739
122,60,7.860
124,60,7.903
126,60,7.832
128,60,7.890
130,60,7.990
132,60,7.942
134,60,7.851
136,60,7.635
138,60,7.469
140,60,7.243
142,60,7.275
144,60,6.895
146,60,6.784
148,60,6.580
150,60,6.694
150,62,6.608
148,62,6.643
146,62,6.944
144,62,6.993
142,62,7.273
140,62,7.675
138,62,7.690
136,62,7.793
134,62,7.988
132,62,7.991
130,62,7.985
128,62,7.847
126,62,7.683
124,62,7.590
122,62,7.367
120,62,7.020
118,62,6.758
116,62,6.757
114,62,6.657
112,62,6.897
110,62,6.783
108,62,7.160
106,62,7.488
104,62,7.711
102,62,8.035
100,62,8.030
98,62,8.031
96,62,7.974
94,62,7.892
92,62,7.481
90,62,7.334
88,62,7.084
86,62,6.751
84,62,6.749
82,62,6.856
80,62,7.199
78,62,7.783
76,62,7.872
74,62,8.042
72,62,8.091
70,62,8.083
68,62,7.959
66,62,7.889
64,62,7.361
62,62,7.192
60,62,6.925
58,62,7.062
56,62,7.130
54,62,7.767
52,62,8.021
50,62,8.099
48,62,8.130
46,62,8.121
44,62,7.955
42,62,7.510
40,62,7.066
38,62,6.958
36,62,6.993
34,62,7.483
32,62,7.866
30,62,8.140
28,62,8.165
26,62,8.087
24,62,7.815
22,62,7.542
20,62,7.332
18,62,7.152
16,62,7.622
14,62,7.869
12,62,8.105
10,62,8.173
8,62,8.112
6,62,7.592
4,62,6.410
2,62,4.044
0,62,1.445
0,64,1.042
2,64,3.072
4,64,5.056
6,64,6.487
8,64,7.281
10,64,7.647
12,64,7.809
14,64,7.318
16,64,7.079
18,64,7.114
20,64,7.585
22,64,7.883
24,64,8.092
26,64,8.147
28,64,8.010
30,64,7.783
32,64,7.740
34,64,7.039
36,64,6.925
38,64,7.193
40,64,7.514
42,64,7.934
44,64,8.065
46,64,8.117
48,64,8.041
50,64,7.823
52,64,7.498
54,64,6.942
56,64,6.902
58,64,6.969
60,64,7.337
62,64,7.750
64,64,7.942
66,64,8.053
68,64,8.047
70,64,7.885
72,64,7.809
74,64,7.316
76,64,6.858
78,64,6.964
80,64,6.782
82,64,7.103
84,64,7.435
86,64,7.711
88,64,7.933
90,64,8.028
92,64,8.040
94,64,8.029
96,64,7.907
98,64,7.558
100,64,7.169
102,64,6.763
104,64,6.861
106,64,6.670
108,64,6.842
110,64,6.858
112,64,6.923
114,64,7.203
116,64,7.554
118,64,7.737
120,64,7.871
122,64,7.973
124,64,7.969
126,64,7.951
128,64,7.946
130,64,7.816
132,64,7.801
134,64,7.388
136,64,7.302
138,64,7.014
140,64,6.749
142,64,6.600
144,64,6.565
146,64,6.554
148,64,6.608
150,64,6.978
150,66,6.999
148,66,6.707
146,66,6.535
144,66,6.583
142,66,6.733
140,66,6.705
138,66,7.119
136,66,7.714
134,66,7.828
132,66,7.691
130,66,7.868
128,66,7.988
126,66,7.950
124,66,7.906
122,66,7.893
120,66,7.705
118,66,7.567
116,66,7.233
114,66,6.768
112,66,6.683
110,66,6.658
108,66,6.689
106,66,6.834
104,66,7.540
102,66,7.513
100,66,7.783
98,66,7.864
96,66,8.031
94,66,8.022
92,66,7.875
90,66,7.691
88,66,7.577
86,66,7.240
84,66,7.030
82,66,6.768
80,66,6.863
78,66,7.219
76,66,7.163
74,66,7.503
72,66,7.969
70,66,8.013
68,66,8.076
66,66,8.004
64,66,7.787
62,66,7.634
60,66,7.520
58,66,7.172
56,66,6.897
54,66,7.184
52,66,7.587
50,66,7.903
48,66,8.097
46,66,8.146
44,66,8.119
42,66,8.090
40,66,7.813
38,66,7.219
36,66,6.938
34,66,6.955
32,66,7.371
30,66,7.678
28,66,7.994
26,66,8.151
24,66,8.138
22,66,7.902
20,66,7.447
18,66,7.375
16,66,7.143
14,66,7.391
12,66,7.835
10,66,8.083
8,66,8.069
6,66,7.847
4,66,6.730
2,66,4.656
0,66,1.813
0,68,2.102
2,68,3.324
4,68,5.150
6,68,5.997
8,68,6.743
10,68,6.980
12,68,6.963
14,68,6.798
16,68,7.074
18,68,7.544
20,68,7.776
22,68,8.015
24,68,8.147
26,68,8.041
28,68,7.892
30,68,7.373
32,68,7.006
34,68,7.072
36,68,7.324
38,68,7.794
40,68,8.109
42,68,8.086
44,68,8.109
46,68,7.747
48,68,7.280
50,68,7.122
52,68,6.978
54,68,7.055
56,68,7.594
58,68,7.735
60,68,7.886
62,68,8.045
64,68,8.092
66,68,7.977
68,68,7.857
70,68,7.462
72,68,6.960
74,68,6.867
76,68,6.717
78,68,7.017
80,68,7.553
82,68,7.863
84,68,7.979
86,68,8.037
88,68,8.052
90,68,7.991
92,68,7.703
94,68,7.690
96,68,7.468
98,68,7.228
100,68,6.674
102,68,6.707
104,68,6.688
106,68,7.024
108,68,7.339
110,68,7.351
112,68,7.442
114,68,7.883
116,68,7.968
118,68,7.987
120,68,7.972
122,68,7.885
124,68,7.717
126,68,7.848
128,68,7.583
130,68,7.241
132,68,7.070
134,68,6.712
136,68,6.654
138,68,6.567
140,68,6.695
142,68,6.726
144,68,6.824
146,68,7.289
148,68,7.526
150,68,7.746
150,70,7.666
148,70,7.330
146,70,7.033
144,70,6.746
142,70,6.671
140,70,6.616
138,70,6.619
136,70,7.142
134,70,7.394
132,70,7.475
130,70,7.747
128,70,7.823
126,70,7.907
124,70,7.991
122,70,7.989
120,70,7.959
118,70,7.760
116,70,7.732
114,70,7.613
112,70,7.173
110,70,7.125
108,70,6.700
106,70,6.698
104,70,6.800
102,70,7.076
100,70,7.489
98,70,7.514
96,70,7.943
94,70,7.999
92,70,8.019
90,70,8.034
88,70,7.942
86,70,7.792
84,70,7.283
82,70,7.254
80,70,7.120
78,70,6.836
76,70,6.807
74,70,6.999
72,70,7.557
70,70,7.905
68,70,7.999
66,70,8.026
64,70,8.007
62,70,7.941
60,70,7.802
58,70,7.484
56,70,7.145
54,70,6.874
52,70,7.108
50,70,7.400
48,70,7.680
46,70,7.991
44,70,8.080
42,70,8.122
40,70,8.068
38,70,7.826
36,70,7.280
34,70,7.024
32,70,7.014
30,70,7.415
28,70,7.770
26,70,8.032
24,70,8.157
22,70,8.131
20,70,7.977
18,70,7.699
16,70,7.197
14,70,7.041
12,70,7.066
10,70,7.477
8,70,7.803
6,70,7.751
4,70,6.949
2,70,5.030
0,70,2.452
0,72,2.436
2,72,3.530
4,72,4.445
6,72,5.549
8,72,5.949
10,72,5.969
12,72,6.457
14,72,6.843
16,72,7.625
18,72,7.910
20,72,8.031
22,72,8.118
24,72,8.033
26,72,7.802
28,72,7.413
30,72,7.049
32,72,6.938
34,72,7.469
36,72,7.736
38,72,7.991
40,72,8.126
42,72,8.027
44,72,7.962
46,72,7.774
48,72,7.267
50,72,6.873
52,72,7.071
54,72,7.496
56,72,7.796
58,72,8.047
60,72,8.090
62,72,8.091
64,72,7.970
66,72,7.867
68,72,7.160
70,72,6.834
72,72,6.810
74,72,6.782
76,72,7.261
78,72,7.664
80,72,7.674
82,72,7.898
84,72,8.027
86,72,7.983
88,72,7.964
90,72,7.712
92,72,7.268
94,72,7.076
96,72,6.997
98,72,6.648
100,72,6.729
102,72,6.885
104,72,7.097
106,72,7.535
108,72,7.745
110,72,7.836
112,72,7.947
114,72,7.995
116,72,7.975
118,72,7.852
120,72,7.670
122,72,7.600
124,72,7.178
126,72,7.279
128,72,6.823
130,72,6.567
132,72,6.694
134,72,6.690
136,72,6.825
138,72,6.948
140,72,7.150
142,72,7.398
144,72,7.618
146,72,7.769
148,72,7.875
150,72,7.899
150,74,7.892
148,74,7.784
146,74,7.638
144,74,7.250
142,74,7.206
140,74,6.776
138,74,6.586
136,74,6.674
134,74,6.596
132,74,6.882
130,74,7.059
128,74,7.375
126,74,7.798
124,74,7.672
122,74,7.822
120,74,7.994
118,74,7.920
116,74,7.742
114,74,7.826
112,74,7.811
110,74,7.220
108,74,7.044
106,74,6.969
104,74,6.876
102,74,6.722
100,74,6.967
98,74,7.006
96,74,7.517
94,74,7.734
92,74,7.932
90,74,8.019
88,74,8.041
86,74,8.026
84,74,7.863
82,74,7.439
80,74,7.049
78,74,6.742
76,74,6.792
74,74,6.694
72,74,6.958
70,74,7.356
68,74,7.616
66,74,7.666
64,74,7.976
62,74,8.015
60,74,7.861
58,74,7.790
56,74,7.589
54,74,7.313
52,74,6.961
50,74,6.921
48,74,7.359
46,74,7.729
44,74,7.848
42,74,8.103
40,74,8.140
38,74,8.067
36,74,7.831
34,74,7.314
32,74,7.064
30,74,7.008
28,74,7.122
26,74,7.667
24,74,7.996
22,74,8.136
20,74,8.104
18,74,7.992
16,74,7.645
14,74,7.148
12,74,7.008
10,74,7.053
8,74,7.263
6,74,7.363
4,74,6.368
2,74,4.642
0,74,2.433
0,76,2.265
2,76,2.722
4,76,3.338
6,76,4.190
8,76,4.539
10,76,5.633
12,76,6.743
14,76,7.309
16,76,7.635
18,76,7.967
20,76,8.084
22,76,8.016
24,76,7.706
26,76,7.346
28,76,6.870
30,76,7.163
32,76,7.249
34,76,7.856
36,76,8.073
38,76,8.126
40,76,8.105
42,76,7.826
44,76,7.546
46,76,7.041
48,76,6.867
50,76,7.049
52,76,7.435
54,76,7.912
56,76,8.052
58,76,8.091
60,76,8.038
62,76,7.805
64,76,7.521
66,76,7.297
68,76,6.744
70,76,6.902
72,76,7.125
74,76,7.504
76,76,7.738
78,76,7.925
80,76,7.990
82,76,8.017
84,76,7.925
86,76,7.648
88,76,7.243
90,76,7.420
92,76,6.875
94,76,6.712
96,76,6.738
98,76,7.043
100,76,7.272
102,76,7.443
104,76,7.660
106,76,7.795
108,76,7.890
110,76,7.969
112,76,7.928
114,76,7.796
116,76,7.683
118,76,7.647
120,76,7.384
122,76,6.778
124,76,6.697
126,76,6.627
128,76,6.678
130,76,6.584
132,76,6.869
134,76,7.303
136,76,7.333
138,76,7.281
140,76,7.624
142,76,7.841
144,76,7.933
146,76,7.945
148,76,7.909
150,76,7.923
150,78,7.898
148,78,7.904
146,78,7.943
144,78,7.853
142,78,7.558
140,78,7.392
138,78,7.521
136,78,6.772
134,78,6.643
132,78,6.611
130,78,6.581
128,78,6.796
126,78,7.017
124,78,7.381
122,78,7.478
120,78,7.789
118,78,7.858
116,78,7.992
114,78,7.990
112,78,7.991
110,78,7.914
108,78,7.822
106,78,7.293
104,78,7.079
102,78,6.972
100,78,6.956
98,78,6.835
96,78,7.009
94,78,6.864
92,78,7.387
90,78,7.609
88,78,7.814
86,78,7.994
84,78,7.993
82,78,7.954
80,78,7.887
78,78,7.663
76,78,7.480
74,78,7.098
72,78,6.795
70,78,6.717
68,78,7.234
66,78,7.717
64,78,7.957
62,78,8.037
60,78,8.032
58,78,8.060
56,78,7.933
54,78,7.556
52,78,7.109
50,78,7.086
48,78,6.829
46,78,7.149
44,78,7.659
42,78,7.691
40,78,7.980
38,78,8.142
36,78,8.095
34,78,7.980
32,78,7.529
30,78,7.130
28,78,6.976
26,78,7.132
24,78,7.704
22,78,7.859
20,78,8.101
18,78,8.133
16,78,7.999
14,78,7.662
12,78,7.193
10,78,6.876
8,78,6.777
6,78,6.303
4,78,5.399
2,78,3.675
0,78,2.191
0,80,1.777
2,80,1.306
4,80,1.714
6,80,2.425
8,80,3.709
10,80,5.676
12,80,7.034
14,80,7.656
16,80,7.950
18,80,8.087
20,80,7.898
22,80,7.809
24,80,7.519
26,80,6.951
28,80,7.084
30,80,7.380
32,80,7.746
34,80,8.074
36,80,8.129
38,80,8.030
40,80,7.849
42,80,7.534
44,80,7.124
46,80,6.902
48,80,7.108
50,80,7.680
52,80,7.861
54,80,8.059
56,80,8.103
58,80,8.049
60,80,7.820
62,80,7.488
64,80,7.074
66,80,6.738
68,80,6.762
70,80,7.177
72,80,7.376
74,80,7.601
76,80,7.877
78,80,8.018
80,80,7.960
82,80,7.711
84,80,7.580
86,80,7.377
88,80,7.001
90,80,6.702
92,80,6.663
94,80,6.804
96,80,7.174
98,80,7.457
100,80,7.684
102,80,7.807
104,80,7.960
106,80,7.988
108,80,7.976
110,80,7.913
112,80,7.776
114,80,7.701
116,80,7.185
118,80,6.813
120,80,6.728
122,80,6.747
124,80,6.536
126,80,6.806
128,80,6.782
130,80,7.215
132,80,7.412
134,80,7.652
136,80,7.743
138,80,7.787
140,80,7.929
142,80,7.922
144,80,7.918
146,80,7.919
148,80,7.806
150,80,7.555
150,82,7.705
148,82,7.934
146,82,7.942
144,82,7.937
142,82,7.934
140,82,7.831
138,82,7.620
136,82,7.533
134,82,7.263
132,82,6.857
130,82,6.778
128,82,6.540
126,82,6.567
124,82,6.737
122,82,7.085
120,82,7.223
118,82,7.636
116,82,7.818
114,82,7.904
112,82,7.982
110,82,7.996
108,82,7.970
106,82,7.841
104,82,7.590
102,82,7.378
100,82,7.057
98,82,6.826
96,82,6.657
94,82,6.643
92,82,6.874
90,82,7.534
88,82,7.695
86,82,7.848
84,82,7.957
82,82,8.044
80,82,7.968
78,82,7.876
76,82,7.722
74,82,7.295
72,82,6.929
70,82,6.885
68,82,6.915
66,82,6.968
64,82,7.170
62,82,7.766
60,82,8.035
58,82,8.053
56,82,8.058
54,82,7.879
52,82,7.454
50,82,7.481
48,82,7.024
46,82,6.850
44,82,7.226
42,82,7.444
40,82,7.860
38,82,8.079
36,82,8.129
34,82,8.005
32,82,7.702
30,82,7.616
28,82,7.456
26,82,7.006
24,82,7.191
22,82,7.593
20,82,8.022
18,82,8.144
16,82,8.145
14,82,8.001
12,82,7.617
10,82,7.129
8,82,6.390
6,82,5.622
4,82,4.453
2,82,2.444
0,82,1.352
0,84,6.771
2,84,4.641
4,84,7.324
6,84,1.711
8,84,3.692
10,84,5.709
12,84,7.013
14,84,7.677
16,84,7.972
18,84,7.950
20,84,7.806
22,84,7.498
24,84,6.938
26,84,7.158
28,84,7.606
30,84,7.785
32,84,8.056
34,84,8.145
36,84,8.103
38,84,7.826
40,84,7.187
42,84,7.022
44,84,6.873
46,84,7.110
48,84,7.526
50,84,7.823
52,84,7.993
54,84,8.104
56,84,7.965
58,84,7.814
60,84,7.369
62,84,7.128
64,84,6.707
66,84,6.952
68,84,7.017
70,84,7.673
72,84,7.910
74,84,7.969
76,84,8.043
78,84,7.961
80,84,7.819
82,84,7.609
84,84,7.393
86,84,7.053
88,84,6.739
90,84,6.652
92,84,7.152
94,84,7.252
96,84,7.437
98,84,7.723
100,84,7.919
102,84,7.978
104,84,7.846
106,84,7.673
108,84,7.735
110,84,7.797
112,84,6.846
114,84,6.812
116,84,6.705
118,84,6.659
120,84,6.780
122,84,6.755
124,84,6.959
126,84,7.278
128,84,7.563
130,84,7.647
132,84,7.626
134,84,7.857
136,84,7.894
138,84,7.919
140,84,7.947
142,84,7.842
144,84,7.851
146,84,7.757
148,84,7.587
150,84,7.153
150,86,7.294
148,86,7.526
146,86,7.779
144,86,7.916
142,86,7.929
140,86,7.897
138,86,7.834
136,86,7.815
134,86,7.736
132,86,7.546
130,86,7.476
128,86,7.269
126,86,6.608
124,86,6.655
122,86,6.706
120,86,6.758
118,86,6.997
116,86,7.345
114,86,7.470
112,86,7.705
110,86,7.928
108,86,7.966
106,86,7.973
104,86,7.834
102,86,7.687
100,86,7.539
98,86,7.605
96,86,7.160
94,86,6.941
92,86,6.642
90,86,6.676
88,86,7.135
86,86,7.545
84,86,7.559
82,86,7.783
80,86,7.997
78,86,8.051
76,86,7.928
74,86,7.852
72,86,7.574
70,86,7.302
68,86,7.074
66,86,6.763
64,86,6.980
62,86,7.320
60,86,7.647
58,86,7.840
56,86,8.026
54,86,8.059
52,86,7.999
50,86,7.809
48,86,7.592
46,86,7.230
44,86,6.933
42,86,7.061
40,86,7.422
38,86,7.859
36,86,8.086
34,86,8.093
32,86,8.119
30,86,7.951
28,86,7.792
26,86,7.252
24,86,7.024
22,86,7.142
20,86,7.713
18,86,7.908
16,86,8.071
14,86,8.140
12,86,7.991
10,86,7.515
8,86,6.551
6,86,4.862
4,86,2.932
2,86,1.617
0,86,4.602
0,88,2.670
2,88,2.427
4,88,4.495
6,88,1.945
8,88,3.779
10,88,5.820
12,88,6.958
14,88,7.545
16,88,7.672
18,88,7.507
20,88,7.234
22,88,6.929
24,88,7.148
26,88,7.668
28,88,7.929
30,88,8.074
32,88,8.115
34,88,8.059
36,88,7.706
38,88,7.185
40,88,6.928
42,88,6.962
44,88,7.547
46,88,7.751
48,88,7.932
50,88,8.087
52,88,7.975
54,88,7.800
56,88,7.759
58,88,7.346
60,88,6.912
62,88,6.841
64,88,7.346
66,88,7.603
68,88,7.594
70,88,7.860
72,88,8.018
74,88,8.005
76,88,7.801
78,88,7.564
80,88,7.192
82,88,6.792
84,88,6.727
86,88,6.931
88,88,7.132
90,88,7.292
92,88,7.344
94,88,7.779
96,88,7.890
98,88,7.981
100,88,7.963
102,88,7.856
104,88,7.846
106,88,7.661
108,88,7.104
110,88,6.905
112,88,6.596
114,88,6.587
116,88,6.585
118,88,6.786
120,88,7.095
122,88,7.491
124,88,7.531
126,88,7.734
128,88,7.889
130,88,7.919
132,88,7.949
134,88,7.949
136,88,7.888
138,88,7.882
140,88,7.693
142,88,7.287
144,88,7.488
146,88,7.167
148,88,6.896
150,88,6.527
150,90,6.603
148,90,6.719
146,90,7.272
144,90,7.582
142,90,7.662
140,90,7.902
138,90,7.940
136,90,7.952
134,90,7.930
132,90,7.880
130,90,7.841
128,90,7.580
126,90,7.302
124,90,7.031
122,90,6.828
120,90,6.565
118,90,6.546
116,90,6.572
114,90,6.921
112,90,7.402
110,90,7.476
108,90,7.749
106,90,7.931
104,90,7.995
102,90,7.995
100,90,7.957
98,90,7.725
96,90,7.374
94,90,7.156
92,90,7.176
90,90,6.834
88,90,6.654
86,90,6.865
84,90,6.895
82,90,7.226
80,90,7.747
78,90,8.018
76,90,8.028
74,90,8.056
72,90,8.034
70,90,7.765
68,90,7.504
66,90,7.219
64,90,6.786
62,90,6.924
60,90,6.972
58,90,7.211
56,90,7.611
54,90,7.951
52,90,8.094
50,90,8.025
48,90,8.023
46,90,7.813
44,90,7.405
42,90,7.033
40,90,6.965
38,90,7.282
36,90,7.613
34,90,7.920
32,90,8.118
30,90,8.108
28,90,8.081
26,90,7.724
24,90,7.434
22,90,7.101
20,90,7.017
18,90,7.304
16,90,7.928
14,90,8.046
12,90,8.082
10,90,7.809
8,90,6.743
6,90,5.063
4,90,2.475
2,90,7.212
0,90,2.005
0,92,1.509
2,92,6.294
4,92,6.715
6,92,2.657
8,92,4.548
10,92,6.000
12,92,6.802
14,92,7.180
16,92,7.350
18,92,6.968
20,92,6.826
22,92,7.292
24,92,7.806
26,92,7.800
28,92,8.092
30,92,8.065
32,92,8.051
34,92,7.705
36,92,7.160
38,92,6.923
40,92,6.940
42,92,7.512
44,92,7.741
46,92,7.987
48,92,8.098
50,92,8.073
52,92,7.945
54,92,7.583
56,92,7.184
58,92,6.853
60,92,6.948
62,92,7.373
64,92,7.681
66,92,7.878
68,92,7.947
70,92,8.007
72,92,7.980
74,92,7.752
76,92,7.321
78,92,7.229
80,92,6.952
82,92,6.750
84,92,6.831
86,92,7.077
88,92,7.417
90,92,7.576
92,92,7.905
94,92,7.991
96,92,7.931
98,92,7.932
100,92,7.858
102,92,7.666
104,92,7.045
106,92,7.062
108,92,6.578
110,92,6.555
112,92,6.596
114,92,6.813
116,92,7.296
118,92,7.060
120,92,7.579
122,92,7.824
124,92,7.917
126,92,7.924
128,92,7.892
130,92,7.869
132,92,7.770
134,92,7.665
136,92,7.559
138,92,7.473
140,92,7.072
142,92,6.699
144,92,6.698
146,92,6.526
148,92,6.550
150,92,6.444
150,94,6.479
148,94,6.659
146,94,7.013
144,94,7.083
142,94,7.065
140,94,7.526
138,94,7.923
136,94,7.930
134,94,7.883
132,94,7.900
130,94,7.853
128,94,7.910
126,94,7.862
124,94,7.645
122,94,7.202
120,94,6.717
118,94,6.973
116,94,6.755
114,94,6.525
112,94,6.912
110,94,7.196
108,94,7.214
106,94,7.538
104,94,7.804
102,94,7.955
100,94,7.985
98,94,7.941
96,94,7.838
94,94,7.584
92,94,7.292
90,94,7.265
88,94,7.017
86,94,6.639
84,94,6.650
82,94,6.878
80,94,7.407
78,94,7.826
76,94,8.006
74,94,8.059
72,94,8.052
70,94,7.987
68,94,7.846
66,94,7.413
64,94,6.846
62,94,7.022
60,94,6.942
58,94,6.819
56,94,7.462
54,94,7.937
52,94,8.037
50,94,8.082
48,94,8.069
46,94,7.991
44,94,7.696
42,94,7.290
40,94,6.917
38,94,6.954
36,94,7.243
34,94,7.583
32,94,7.942
30,94,8.105
28,94,8.120
26,94,8.068
24,94,7.748
22,94,7.524
20,94,7.011
18,94,7.216
16,94,7.569
14,94,7.921
12,94,8.085
10,94,7.921
8,94,7.122
6,94,5.017
4,94,2.816
2,94,4.592
0,94,1.095
0,96,2.120
2,96,5.251
4,96,1.322
6,96,2.705
8,96,4.163
10,96,5.578
12,96,6.402
14,96,6.783
16,96,6.690
18,96,6.734
20,96,7.157
22,96,7.584
24,96,7.928
26,96,8.072
28,96,8.113
30,96,7.933
32,96,7.672
34,96,7.308
36,96,6.929
38,96,7.020
40,96,7.284
42,96,7.687
44,96,7.985
46,96,8.083
48,96,8.051
50,96,7.940
52,96,7.499
54,96,7.116
56,96,6.783
58,96,7.000
60,96,7.140
62,96,7.476
64,96,7.780
66,96,8.049
68,96,8.028
70,96,7.987
72,96,7.788
74,96,7.411
76,96,6.843
78,96,6.678
80,96,6.770
82,96,6.843
84,96,7.062
86,96,7.624
88,96,7.781
90,96,7.951
92,96,7.970
94,96,7.944
96,96,7.895
98,96,7.727
100,96,7.560
102,96,7.003
104,96,6.590
106,96,6.679
108,96,6.628
110,96,6.599
112,96,7.287
114,96,7.488
116,96,7.665
118,96,7.592
120,96,7.752
122,96,7.906
124,96,7.901
126,96,7.822
128,96,7.869
130,96,7.642
132,96,7.452
134,96,7.529
136,96,7.081
138,96,6.547
140,96,6.501
142,96,6.599
144,96,6.460
146,96,6.491
148,96,6.910
150,96,7.002
150,98,6.881
148,98,6.519
146,98,6.447
144,98,6.458
142,98,6.694
140,98,6.880
138,98,7.187
136,98,7.580
134,98,7.775
132,98,7.799
130,98,7.909
128,98,7.926
126,98,7.836
124,98,7.687
122,98,7.517
120,98,7.544
118,98,7.235
116,98,7.078
114,98,6.703
112,98,6.594
110,98,6.715
108,98,6.953
106,98,6.843
104,98,7.297
102,98,7.720
100,98,7.934
98,98,7.949
96,98,7.976
94,98,7.933
92,98,7.848
90,98,7.601
88,98,7.410
86,98,6.956
84,98,6.713
82,98,6.648
80,98,6.761
78,98,7.457
76,98,7.482
74,98,7.560
72,98,7.932
70,98,8.011
68,98,7.967
66,98,7.874
64,98,7.789
62,98,7.464
60,98,6.972
58,98,6.748
56,98,6.923
54,98,7.222
52,98,7.621
50,98,7.868
48,98,8.072
46,98,8.091
44,98,7.981
42,98,7.702
40,98,7.419
38,98,6.903
36,98,6.856
34,98,7.103
32,98,7.468
30,98,7.756
28,98,8.070
26,98,8.109
24,98,8.006
22,98,7.788
20,98,7.131
18,98,6.981
16,98,7.029
14,98,7.327
12,98,7.646
10,98,7.883
8,98,7.422
6,98,5.830
4,98,3.168
2,98,1.250
0,98,7.012
0,100,1.175
2,100,1.268
4,100,1.664
6,100,2.375
8,100,3.251
10,100,4.245
12,100,5.316
14,100,5.971
16,100,6.397
18,100,6.893
20,100,7.463
22,100,7.851
24,100,7.979
26,100,8.124
28,100,7.940
30,100,7.721
32,100,6.964
34,100,6.882
36,100,6.868
38,100,7.342
40,100,7.778
42,100,7.938
44,100,8.049
46,100,8.014
48,100,7.847
50,100,7.467
52,100,7.063
54,100,6.800
56,100,7.102
58,100,7.380
60,100,7.662
62,100,7.947
64,100,7.983
66,100,8.034
68,100,8.008
70,100,7.851
72,100,7.737
74,100,7.050
76,100,6.709
78,100,6.895
80,100,7.161
82,100,7.000
84,100,7.611
86,100,7.973
88,100,7.900
90,100,7.987
92,100,7.887
94,100,7.611
96,100,7.288
98,100,7.220
100,100,7.059
102,100,6.763
104,100,6.549
106,100,6.965
108,100,7.002
110,100,7.234
112,100,7.512
114,100,7.743
116,100,7.865
118,100,7.912
120,100,7.948
122,100,7.944
124,100,7.815
126,100,7.753
128,100,7.503
130,100,7.349
132,100,7.310
134,100,6.943
136,100,6.513
138,100,6.422
140,100,6.421
142,100,6.619
144,100,6.692
146,100,6.972
148,100,7.222
150,100,7.487
150,102,6.878
148,102,6.841
146,102,6.535
144,102,6.442
142,102,6.440
140,102,6.782
138,102,6.577
136,102,7.410
134,102,7.447
132,102,7.713
130,102,7.790
128,102,7.777
126,102,7.885
124,102,7.894
122,102,7.868
120,102,7.738
118,102,7.425
116,102,6.996
114,102,6.763
112,102,6.581
110,102,6.654
108,102,6.620
106,102,6.613
104,102,6.884
102,102,7.419
100,102,7.611
98,102,7.925
96,102,7.812
94,102,7.965
92,102,7.972
90,102,7.847
88,102,7.856
86,102,7.730
84,102,7.310
82,102,7.060
80,102,6.634
78,102,6.762
76,102,7.089
74,102,7.428
72,102,7.851
70,102,7.997
68,102,8.032
66,102,8.030
64,102,7.931
62,102,7.295
60,102,7.260
58,102,6.851
56,102,6.858
54,102,6.769
52,102,7.105
50,102,7.793
48,102,7.981
46,102,8.028
44,102,8.093
42,102,7.943
40,102,7.800
38,102,7.326
36,102,6.929
34,102,6.857
32,102,7.051
30,102,7.766
28,102,7.774
26,102,8.084
24,102,8.120
22,102,8.045
20,102,7.857
18,102,7.381
16,102,7.007
14,102,7.296
12,102,7.468
10,102,7.418
8,102,7.034
6,102,5.567
4,102,3.265
2,102,1.812
0,102,1.493
0,104,1.792
2,104,1.769
4,104,1.664
6,104,2.169
8,104,2.611
10,104,3.583
12,104,4.612
14,104,5.367
16,104,6.458
18,104,7.633
20,104,7.896
22,104,8.058
24,104,8.082
26,104,8.016
28,104,7.491
30,104,7.300
32,104,6.865
34,104,6.963
36,104,7.623
38,104,7.831
40,104,8.018
42,104,8.061
44,104,8.004
46,104,7.854
48,104,7.646
50,104,7.048
52,104,6.756
54,104,7.041
56,104,7.412
58,104,7.618
60,104,7.908
62,104,7.999
64,104,7.951
66,104,7.762
68,104,7.768
70,104,7.465
72,104,6.843
74,104,6.804
76,104,6.872
78,104,7.016
80,104,7.377
82,104,7.746
84,104,7.867
86,104,8.000
88,104,7.954
90,104,7.886
92,104,7.672
94,104,7.235
96,104,6.933
98,104,6.656
100,104,6.558
102,104,6.623
104,104,6.890
106,104,7.207
108,104,7.288
110,104,7.739
112,104,7.782
114,104,7.920
116,104,7.940
118,104,7.943
120,104,7.757
122,104,7.772
124,104,7.609
126,104,7.418
128,104,7.060
130,104,7.037
132,104,6.638
134,104,6.472
136,104,6.615
138,104,6.936
140,104,7.126
142,104,7.177
144,104,7.483
146,104,7.693
148,104,7.781
150,104,7.772
150,106,7.757
148,106,7.358
146,106,6.937
144,106,6.647
142,106,6.800
140,106,6.534
138,106,6.432
136,106,6.553
134,106,6.603
132,106,6.854
130,106,7.536
128,106,7.459
126,106,7.616
124,106,7.864
122,106,7.939
120,106,7.921
118,106,7.892
116,106,7.808
114,106,7.571
112,106,7.296
110,106,6.934
108,106,6.811
106,106,6.630
104,106,6.574
102,106,6.810
100,106,6.861
98,106,7.057
96,106,7.708
94,106,7.801
92,106,7.942
90,106,7.962
88,106,7.934
86,106,7.714
84,106,7.614
82,106,7.428
80,106,6.980
78,106,6.756
76,106,6.695
74,106,6.724
72,106,7.328
70,106,7.627
68,106,7.782
66,106,7.973
64,106,8.034
62,106,7.940
60,106,7.842
58,106,7.568
56,106,7.001
54,106,6.817
52,106,6.743
50,106,7.120
48,106,7.484
46,106,7.855
44,106,8.014
42,106,8.074
40,106,8.025
38,106,7.663
36,106,7.296
34,106,7.099
32,106,6.822
30,106,7.078
28,106,7.629
26,106,7.984
24,106,8.130
22,106,8.126
20,106,8.018
18,106,7.688
16,106,7.137
14,106,6.918
12,106,7.195
10,106,7.212
8,106,6.503
6,106,4.929
4,106,2.983
2,106,1.884
0,106,1.828
0,108,2.278
2,108,1.833
4,108,1.513
6,108,9.079
8,108,1.657
10,108,2.424
12,108,3.876
14,108,5.489
16,108,6.937
18,108,7.647
20,108,8.034
22,108,8.062
24,108,7.944
26,108,7.476
28,108,7.380
30,108,6.912
32,108,7.038
34,108,7.653
36,108,7.829
38,108,7.998
40,108,8.069
42,108,8.040
44,108,7.711
46,108,7.601
48,108,6.726
50,108,6.841
52,108,6.892
54,108,7.438
56,108,7.876
58,108,7.986
60,108,8.040
62,108,7.833
64,108,7.653
66,108,7.485
68,108,6.989
70,108,6.740
72,108,6.718
74,108,6.967
76,108,7.454
78,108,7.631
80,108,7.874
82,108,7.980
84,108,7.976
86,108,7.938
88,108,7.811
90,108,7.116
92,108,7.337
94,108,6.717
96,108,6.541
98,108,6.551
100,108,6.933
102,108,7.029
104,108,7.304
106,108,7.499
108,108,7.625
110,108,7.859
112,108,7.941
114,108,7.901
116,108,7.899
118,108,7.850
120,108,7.735
122,108,7.301
124,108,7.078
126,108,6.546
128,108,6.509
130,108,6.467
132,108,6.563
134,108,6.763
136,108,6.921
138,108,7.163
140,108,7.189
142,108,7.485
144,108,7.591
146,108,7.732
148,108,7.790
150,108,7.873
150,110,7.872
148,110,7.766
146,110,7.756
144,110,7.617
142,110,7.486
140,110,7.299
138,110,6.962
136,110,6.500
134,110,6.519
132,110,6.444
130,110,6.547
128,110,6.841
126,110,7.256
124,110,7.662
122,110,7.782
120,110,7.721
118,110,7.812
116,110,7.880
114,110,7.749
112,110,7.820
110,110,7.744
108,110,7.481
106,110,6.872
104,110,6.773
102,110,6.736
100,110,6.557
98,110,6.701
96,110,6.969
94,110,7.569
92,110,7.739
90,110,7.768
88,110,7.928
86,110,7.965
84,110,7.898
82,110,7.719
80,110,7.473
78,110,7.094
76,110,6.908
74,110,6.759
72,110,6.713
70,110,6.921
68,110,7.577
66,110,7.759
64,110,7.840
62,110,8.005
60,110,8.023
58,110,7.924
56,110,7.667
54,110,7.363
52,110,6.972
50,110,6.735
48,110,6.959
46,110,7.211
44,110,7.776
42,110,8.039
40,110,8.049
38,110,8.016
36,110,7.879
34,110,7.437
32,110,7.029
30,110,6.916
28,110,7.015
26,110,7.340
24,110,7.915
22,110,8.117
20,110,8.128
18,110,8.070
16,110,7.923
14,110,7.440
12,110,6.858
10,110,6.333
8,110,5.682
6,110,4.314
4,110,2.462
2,110,1.647
0,110,2.165
0,112,1.791
2,112,8.945
4,112,5.725
6,112,5.973
8,112,9.036
10,112,1.698
12,112,4.108
14,112,6.185
16,112,7.195
18,112,7.736
20,112,8.015
22,112,7.847
24,112,7.709
26,112,7.507
28,112,6.891
30,112,7.097
32,112,7.394
34,112,7.864
36,112,8.022
38,112,7.995
40,112,7.923
42,112,7.726
44,112,7.248
46,112,6.681
48,112,6.805
50,112,6.955
52,112,7.524
54,112,7.944
56,112,7.995
58,112,8.049
60,112,7.920
62,112,7.520
64,112,7.302
66,112,7.076
68,112,6.861
70,112,6.700
72,112,7.132
74,112,7.632
76,112,7.798
78,112,7.879
80,112,7.964
82,112,7.976
84,112,7.890
86,112,7.486
88,112,7.135
90,112,6.767
92,112,6.777
94,112,6.537
96,112,6.661
98,112,7.182
100,112,7.352
102,112,7.417
104,112,7.744
106,112,7.903
108,112,7.911
110,112,7.915
112,112,7.858
114,112,7.782
116,112,7.599
118,112,7.332
120,112,7.108
122,112,6.691
124,112,6.486
126,112,6.510
128,112,6.482
130,112,6.789
132,112,7.272
134,112,7.302
136,112,7.274
138,112,7.577
140,112,7.781
142,112,7.850
144,112,7.881
146,112,7.855
148,112,7.868
150,112,7.856
150,114,7.798
148,114,7.875
146,114,7.869
144,114,7.817
142,114,7.575
140,114,7.613
138,114,7.220
136,114,7.064
134,114,6.657
132,114,6.823
130,114,6.564
128,114,6.554
126,114,6.658
124,114,6.859
122,114,7.358
120,114,7.642
118,114,7.603
116,114,7.738
114,114,7.906
112,114,7.905
110,114,7.871
108,114,7.808
106,114,7.505
104,114,7.432
102,114,7.214
100,114,6.558
98,114,6.519
96,114,6.534
94,114,6.710
92,114,6.959
90,114,7.571
88,114,7.803
86,114,7.953
84,114,7.973
82,114,7.965
80,114,7.875
78,114,7.841
76,114,7.337
74,114,6.923
72,114,6.679
70,114,6.653
68,114,6.768
66,114,6.821
64,114,7.273
62,114,7.880
60,114,7.974
58,114,8.032
56,114,7.946
54,114,7.774
52,114,7.349
50,114,6.879
48,114,6.803
46,114,6.981
44,114,7.257
42,114,7.767
40,114,7.945
38,114,8.055
36,114,8.048
34,114,7.856
32,114,7.455
30,114,7.152
28,114,6.859
26,114,6.931
24,114,7.369
22,114,7.878
20,114,8.069
18,114,8.111
16,114,8.017
14,114,7.699
12,114,6.931
10,114,6.033
8,114,4.604
6,114,3.111
4,114,1.395
2,114,1.259
0,114,1.484
0,116,1.253
2,116,4.400
4,116,1.832
6,116,3.681
8,116,7.152
10,116,2.091
12,116,4.344
14,116,6.376
16,116,7.247
18,116,7.699
20,116,7.738
22,116,7.689
24,116,7.297
26,116,6.891
28,116,7.142
30,116,7.551
32,116,7.951
34,116,8.069
36,116,8.047
38,116,7.967
40,116,7.740
42,116,7.081
44,116,6.843
46,116,6.954
48,116,7.266
50,116,7.582
52,116,7.782
54,116,8.057
56,116,8.037
58,116,7.972
60,116,7.676
62,116,7.148
64,116,6.694
66,116,6.799
68,116,6.996
70,116,7.321
72,116,7.435
74,116,7.718
76,116,7.877
78,116,7.939
80,116,7.853
82,116,7.623
84,116,7.382
86,116,6.805
88,116,6.648
90,116,6.495
92,116,6.660
94,116,6.849
96,116,7.231
98,116,7.442
100,116,7.719
102,116,7.868
104,116,7.905
106,116,7.881
108,116,7.861
110,116,7.771
112,116,7.720
114,116,7.252
116,116,6.774
118,116,6.773
120,116,6.499
122,116,6.434
124,116,6.670
126,116,6.776
128,116,6.810
130,116,7.289
132,116,7.484
134,116,7.549
136,116,7.787
138,116,7.824
140,116,7.826
142,116,7.862
144,116,7.822
146,116,7.789
148,116,7.713
150,116,7.552
150,118,7.624
148,118,7.772
146,118,7.784
144,118,7.880
142,118,7.874
140,118,7.798
138,118,7.560
136,118,7.565
134,118,7.338
132,118,7.326
130,118,6.601
128,118,6.480
126,118,6.519
124,118,6.427
122,118,6.664
120,118,7.024
118,118,7.494
116,118,7.723
114,118,7.817
112,118,7.916
110,118,7.911
108,118,7.825
106,118,7.718
104,118,7.601
102,118,7.340
100,118,7.037
98,118,6.836
96,118,6.562
94,118,6.504
92,118,6.724
90,118,7.426
88,118,7.469
86,118,7.582
84,118,7.934
82,118,7.965
80,118,7.916
78,118,7.766
76,118,7.811
74,118,7.537
72,118,7.284
70,118,6.741
68,118,6.684
66,118,6.779
64,118,7.204
62,118,7.451
60,118,7.904
58,118,8.041
56,118,7.984
54,118,7.956
52,118,7.829
50,118,7.364
48,118,7.002
46,118,6.835
44,118,7.080
42,118,7.419
40,118,7.855
38,118,8.018
36,118,8.054
34,118,8.053
32,118,7.773
30,118,7.321
28,118,7.001
26,118,6.799
24,118,6.861
22,118,7.691
20,118,7.949
18,118,8.108
16,118,8.088
14,118,7.940
12,118,7.490
10,118,6.144
8,118,4.140
6,118,2.240
4,118,7.777
2,118,4.964
0,118,9.749
0,120,1.080
2,120,4.038
4,120,1.642
6,120,4.326
8,120,1.298
10,120,2.929
12,120,4.461
14,120,6.080
16,120,7.003
18,120,7.379
20,120,7.565
22,120,7.325
24,120,6.903
26,120,6.977
28,120,7.271
30,120,7.671
32,120,7.975
34,120,8.029
36,120,8.007
38,120,7.808
40,120,7.304
42,120,6.751
44,120,6.710
46,120,6.972
48,120,7.307
50,120,7.800
52,120,7.962
54,120,8.054
56,120,7.997
58,120,7.866
60,120,7.552
62,120,6.886
64,120,6.703
66,120,6.883
68,120,6.913
70,120,7.212
72,120,7.782
74,120,7.946
76,120,7.929
78,120,7.919
80,120,7.825
82,120,7.434
84,120,6.929
86,120,6.534
88,120,6.571
90,120,6.550
92,120,6.657
94,120,6.950
96,120,7.464
98,120,7.546
100,120,7.794
102,120,7.902
104,120,7.892
106,120,7.857
108,120,7.873
110,120,7.288
112,120,7.063
114,120,7.210
116,120,6.718
118,120,6.501
120,120,6.558
122,120,6.565
124,120,7.005
126,120,6.663
128,120,7.056
130,120,7.383
132,120,7.638
134,120,7.833
136,120,7.739
138,120,7.839
140,120,7.864
142,120,7.767
144,120,7.785
146,120,7.717
148,120,7.608
150,120,7.172
150,122,7.020
148,122,7.498
146,122,7.785
144,122,7.830
142,122,7.875
140,122,7.841
138,122,7.814
136,122,7.500
134,122,7.403
132,122,7.337
130,122,7.055
128,122,6.568
126,122,6.499
124,122,6.440
122,122,6.530
120,122,6.575
118,122,6.953
116,122,7.551
114,122,7.738
112,122,7.812
110,122,7.916
108,122,7.943
106,122,7.870
104,122,7.815
102,122,7.665
100,122,7.347
98,122,7.041
96,122,6.681
94,122,6.636
92,122,6.543
90,122,6.676
88,122,7.191
86,122,7.635
84,122,7.486
82,122,7.748
80,122,7.965
78,122,7.944
76,122,7.850
74,122,7.745
72,122,7.433
70,122,6.912
68,122,6.647
66,122,6.590
64,122,6.934
62,122,7.387
60,122,7.670
58,122,7.916
56,122,8.008
54,122,8.035
52,122,7.964
50,122,7.639
48,122,7.195
46,122,7.018
44,122,6.870
42,122,7.070
40,122,7.321
38,122,7.904
36,122,8.052
34,122,8.055
32,122,8.004
30,122,7.762
28,122,7.117
26,122,6.835
24,122,6.726
22,122,7.172
20,122,7.688
18,122,8.066
16,122,8.127
14,122,8.039
12,122,7.585
10,122,6.527
8,122,4.004
6,122,1.480
4,122,3.991
2,122,4.052
0,122,7.983
0,124,6.545
2,124,4.433
4,124,5.267
6,124,8.637
8,124,1.535
10,124,2.507
12,124,4.363
14,124,5.794
16,124,6.698
18,124,6.996
20,124,7.198
22,124,6.970
24,124,6.874
26,124,6.989
28,124,7.457
30,124,7.778
32,124,8.031
34,124,7.926
36,124,7.777
38,124,7.483
40,124,6.714
42,124,6.728
44,124,6.911
46,124,7.180
48,124,7.606
50,124,7.981
52,124,8.026
54,124,7.984
56,124,7.747
58,124,7.442
60,124,7.213
62,124,6.772
64,124,6.704
66,124,7.060
68,124,7.419
70,124,7.810
72,124,7.982
74,124,7.988
76,124,7.923
78,124,7.814
80,124,7.560
82,124,7.155
84,124,6.595
86,124,6.571
88,124,6.562
90,124,6.879
92,124,7.178
94,124,7.491
96,124,7.739
98,124,7.890
100,124,7.931
102,124,7.898
104,124,7.759
106,124,7.579
108,124,7.458
110,124,7.256
112,124,6.939
114,124,6.505
116,124,6.457
118,124,6.698
120,124,6.673
122,124,6.809
124,124,7.266
126,124,7.656
128,124,7.538
130,124,7.736
132,124,7.860
134,124,7.875
136,124,7.844
138,124,7.609
140,124,7.625
142,124,7.496
144,124,7.561
146,124,7.040
148,124,6.911
150,124,6.809
150,126,6.913
148,126,7.159
146,126,7.313
144,126,7.672
142,126,7.786
140,126,7.861
138,126,7.885
136,126,7.849
134,126,7.750
132,126,7.542
130,126,7.373
128,126,7.406
126,126,6.880
124,126,6.739
122,126,6.482
120,126,6.520
118,126,6.621
116,126,6.915
114,126,7.250
112,126,7.657
110,126,7.768
108,126,7.841
106,126,7.913
104,126,7.931
102,126,7.879
100,126,7.801
98,126,7.247
96,126,7.414
94,126,7.044
92,126,6.617
90,126,6.610
88,126,6.899
86,126,7.124
84,126,7.214
82,126,7.480
80,126,7.864
78,126,7.971
76,126,7.963
74,126,7.855
72,126,7.745
70,126,7.408
68,126,7.112
66,126,6.929
64,126,6.714
62,126,7.055
60,126,7.551
58,126,7.652
56,126,7.817
54,126,7.905
52,126,8.006
50,126,7.897
48,126,7.781
46,126,7.389
44,126,7.007
42,126,6.786
40,126,6.970
38,126,7.260
36,126,7.776
34,126,8.031
32,126,8.060
30,126,8.026
28,126,7.812
26,126,7.180
24,126,6.785
22,126,6.737
20,126,7.102
18,126,7.808
16,126,8.049
14,126,8.069
12,126,7.740
10,126,6.737
8,126,4.320
6,126,1.567
4,126,4.816
2,126,4.139
0,126,5.662
0,128,1.247
2,128,1.354
4,128,1.321
6,128,1.409
8,128,1.889
10,128,2.749
12,128,3.956
14,128,4.912
16,128,6.032
18,128,6.530
20,128,6.425
22,128,6.871
24,128,7.212
26,128,7.687
28,128,7.835
30,128,8.037
32,128,8.027
34,128,7.657
36,128,7.235
38,128,6.737
40,128,6.700
42,128,6.782
44,128,7.202
46,128,7.928
48,128,8.018
50,128,8.000
52,128,7.921
54,128,7.589
56,128,7.331
58,128,6.987
60,128,6.702
62,128,7.038
64,128,7.390
66,128,7.665
68,128,7.703
70,128,7.997
72,128,7.937
74,128,7.713
76,128,7.562
78,128,7.297
80,128,6.846
82,128,6.671
84,128,6.472
86,128,6.673
88,128,7.151
90,128,7.563
92,128,7.684
94,128,7.761
96,128,7.929
98,128,7.913
100,128,7.840
102,128,7.767
104,128,7.381
106,128,6.982
108,128,6.776
110,128,6.721
112,128,6.512
114,128,6.537
116,128,6.852
118,128,6.910
120,128,7.223
122,128,7.567
124,128,7.714
126,128,7.821
128,128,7.762
130,128,7.862
132,128,7.840
134,128,7.766
136,128,7.603
138,128,7.498
140,128,7.388
142,128,7.055
144,128,6.737
146,128,6.677
148,128,6.452
150,128,6.409
150,130,6.453
148,130,6.619
146,130,6.899
144,130,7.203
142,130,7.514
140,130,7.659
138,130,7.781
136,130,7.866
134,130,7.870
132,130,7.863
130,130,7.673
128,130,7.335
126,130,7.197
124,130,6.947
122,130,6.820
120,130,6.614
118,130,6.449
116,130,6.503
114,130,6.684
112,130,6.949
110,130,7.195
108,130,7.539
106,130,7.735
104,130,7.919
102,130,7.953
100,130,7.886
98,130,7.798
96,130,7.745
94,130,7.474
92,130,7.328
90,130,7.006
88,130,6.663
86,130,6.561
84,130,6.868
82,130,7.231
80,130,7.528
78,130,7.774
76,130,7.961
74,130,7.964
72,130,7.939
70,130,7.802
68,130,7.544
66,130,7.198
64,130,6.950
62,130,6.709
60,130,6.826
58,130,7.208
56,130,7.592
54,130,7.951
52,130,8.022
50,130,8.058
48,130,8.019
46,130,7.779
44,130,7.300
42,130,6.839
40,130,6.760
38,130,7.007
36,130,7.627
34,130,7.919
32,130,8.054
30,130,8.060
28,130,7.980
26,130,7.762
24,130,7.354
22,130,6.843
20,130,7.127
18,130,7.367
16,130,7.614
14,130,7.885
12,130,7.718
10,130,6.761
8,130,4.543
6,130,2.072
4,130,7.327
2,130,6.521
0,130,1.010
0,132,1.828
2,132,1.857
4,132,1.976
6,132,1.805
8,132,1.931
10,132,2.467
12,132,3.110
14,132,3.911
16,132,4.994
18,132,5.564
20,132,6.447
22,132,7.187
24,132,7.741
26,132,7.737
28,132,8.021
30,132,8.045
32,132,7.837
34,132,7.508
36,132,7.099
38,132,6.736
40,132,6.956
42,132,7.358
44,132,7.667
46,132,7.915
48,132,8.028
50,132,7.948
52,132,7.726
54,132,7.464
56,132,7.202
58,132,6.795
60,132,6.747
62,132,7.178
64,132,7.610
66,132,7.715
68,132,7.885
70,132,8.001
72,132,7.916
74,132,7.710
76,132,7.331
78,132,6.893
80,132,6.470
82,132,6.472
84,132,6.603
86,132,6.985
88,132,7.332
90,132,7.786
92,132,7.846
94,132,7.922
96,132,7.928
98,132,7.838
100,132,7.603
102,132,7.177
104,132,7.117
106,132,7.146
108,132,6.529
110,132,6.450
112,132,6.501
114,132,6.974
116,132,7.108
118,132,7.409
120,132,7.538
122,132,7.644
124,132,7.825
126,132,7.882
128,132,7.861
130,132,7.820
132,132,7.608
134,132,7.572
136,132,7.564
138,132,7.285
140,132,6.602
142,132,6.652
144,132,6.482
146,132,6.363
148,132,6.328
150,132,6.355
150,134,6.341
148,134,6.808
146,134,6.440
144,134,6.914
142,134,6.604
140,134,7.424
138,134,7.814
136,134,7.684
134,134,7.632
132,134,7.854
130,134,7.846
128,134,7.820
126,134,7.634
124,134,7.464
122,134,7.311
120,134,7.125
118,134,6.951
116,134,6.721
114,134,6.463
112,134,6.862
110,134,6.781
108,134,6.909
106,134,7.302
104,134,7.812
102,134,7.935
100,134,7.943
98,134,7.930
96,134,7.934
94,134,7.714
92,134,7.296
90,134,7.345
88,134,6.859
86,134,6.681
84,134,6.678
82,134,6.687
80,134,7.046
78,134,7.602
76,134,7.803
74,134,7.930
72,134,7.945
70,134,7.892
68,134,7.760
66,134,7.552
64,134,6.899
62,134,6.739
60,134,6.636
58,134,6.776
56,134,7.195
54,134,7.450
52,134,7.925
50,134,8.034
48,134,8.057
46,134,7.914
44,134,7.578
42,134,7.083
40,134,6.850
38,134,6.751
36,134,6.925
34,134,7.578
32,134,7.995
30,134,8.076
28,134,8.067
26,134,7.822
24,134,7.584
22,134,7.160
20,134,6.858
18,134,7.070
16,134,7.436
14,134,7.769
12,134,7.573
10,134,6.635
8,134,4.742
6,134,2.328
4,134,1.186
2,134,1.020
0,134,1.528
0,136,2.436
2,136,2.559
4,136,2.197
6,136,1.851
8,136,1.801
10,136,1.686
12,136,2.210
14,136,3.143
16,136,4.242
18,136,5.237
20,136,6.723
22,136,7.366
24,136,7.840
26,136,8.057
28,136,8.062
30,136,7.876
32,136,7.406
34,136,7.105
36,136,6.752
38,136,6.776
40,136,7.427
42,136,7.687
44,136,7.879
46,136,7.986
48,136,7.881
50,136,7.554
52,136,7.440
54,136,7.169
56,136,6.664
58,136,6.880
60,136,7.225
62,136,7.580
64,136,7.747
66,136,7.967
68,136,7.975
70,136,7.963
72,136,7.757
74,136,7.345
76,136,6.710
78,136,6.649
80,136,6.567
82,136,6.770
84,136,7.140
86,136,7.624
88,136,7.756
90,136,7.898
92,136,7.931
94,136,7.925
96,136,7.833
98,136,7.701
100,136,7.202
102,136,6.882
104,136,6.576
106,136,6.439
108,136,6.469
110,136,6.497
112,136,6.742
114,136,7.230
116,136,7.525
118,136,7.755
120,136,7.809
122,136,7.897
124,136,7.811
126,136,7.876
128,136,7.786
130,136,7.657
132,136,7.315
134,136,7.348
136,136,6.923
138,136,6.440
140,136,6.651
142,136,6.439
144,136,6.381
146,136,6.395
148,136,6.497
150,136,6.849
150,138,6.875
148,138,6.549
146,138,6.341
144,138,6.286
142,138,6.549
140,138,7.029
138,138,7.197
136,138,7.238
134,138,7.460
132,138,7.725
130,138,7.843
128,138,7.866
126,138,7.866
124,138,7.665
122,138,7.550
120,138,7.267
118,138,7.115
116,138,6.757
114,138,6.700
112,138,6.560
110,138,6.503
108,138,6.772
106,138,6.946
104,138,7.175
102,138,7.585
100,138,7.864
98,138,7.942
96,138,7.945
94,138,7.927
92,138,7.864
90,138,7.720
88,138,7.146
86,138,6.737
84,138,6.704
82,138,6.558
80,138,6.604
78,138,7.138
76,138,7.384
74,138,7.697
72,138,7.837
70,138,7.966
68,138,7.992
66,138,7.896
64,138,7.682
62,138,7.318
60,138,6.772
58,138,6.657
56,138,6.973
54,138,7.325
52,138,7.485
50,138,7.846
48,138,7.925
46,138,8.021
44,138,7.836
42,138,7.701
40,138,7.424
38,138,7.102
36,138,6.735
34,138,7.195
32,138,7.631
30,138,7.826
28,138,8.065
26,138,8.011
24,138,7.843
22,138,7.696
20,138,7.254
18,138,6.876
16,138,7.116
14,138,7.185
12,138,7.273
10,138,6.296
8,138,4.398
6,138,2.366
4,138,1.552
2,138,1.684
0,138,2.466
0,140,3.091
2,140,2.802
4,140,2.038
6,140,1.395
8,140,1.362
10,140,1.169
12,140,1.077
14,140,2.135
16,140,3.578
18,140,5.191
20,140,6.857
22,140,7.669
24,140,7.976
26,140,8.052
28,140,7.954
30,140,7.723
32,140,7.281
34,140,6.835
36,140,6.807
38,140,7.060
40,140,7.505
42,140,7.978
44,140,8.027
46,140,7.995
48,140,7.745
50,140,7.575
52,140,7.028
54,140,6.662
56,140,6.710
58,140,7.276
60,140,7.583
62,140,7.930
64,140,7.987
66,140,7.988
68,140,7.864
70,140,7.503
72,140,7.362
74,140,7.060
76,140,6.586
78,140,6.621
80,140,6.855
82,140,7.352
84,140,7.457
86,140,7.694
88,140,7.865
90,140,7.901
92,140,7.878
94,140,7.621
96,140,7.495
98,140,7.495
100,140,7.078
102,140,6.497
104,140,6.479
106,140,6.510
108,140,6.896
110,140,7.341
112,140,7.447
114,140,7.759
116,140,7.830
118,140,7.857
120,140,7.900
122,140,7.890
124,140,7.840
126,140,7.614
128,140,7.395
130,140,7.208
132,140,7.043
134,140,6.892
136,140,6.430
138,140,6.278
140,140,6.300
142,140,6.465
144,140,6.636
146,140,7.063
148,140,7.063
150,140,7.354
150,142,6.964
148,142,6.737
146,142,6.694
144,142,6.478
142,142,6.285
140,142,6.415
138,142,6.400
136,142,6.665
134,142,7.448
132,142,7.347
130,142,7.602
128,142,7.772
126,142,7.887
124,142,7.862
122,142,7.840
120,142,7.820
118,142,7.642
116,142,7.467
114,142,7.144
112,142,6.744
110,142,6.544
108,142,6.463
106,142,6.489
104,142,6.958
102,142,7.446
100,142,7.472
98,142,7.630
96,142,7.912
94,142,7.936
92,142,7.906
90,142,7.849
88,142,7.671
86,142,7.224
84,142,6.920
82,142,6.821
80,142,6.615
78,142,6.865
76,142,7.099
74,142,7.434
72,142,7.669
70,142,7.964
68,142,7.991
66,142,7.964
64,142,7.821
62,142,7.624
60,142,7.493
58,142,6.882
56,142,6.661
54,142,6.754
52,142,7.236
50,142,7.452
48,142,7.871
46,142,8.036
44,142,8.003
42,142,7.777
40,142,7.638
38,142,7.091
36,142,6.739
34,142,6.918
32,142,7.203
30,142,7.508
28,142,7.700
26,142,8.027
24,142,8.007
22,142,7.884
20,142,7.593
18,142,6.905
16,142,6.791
14,142,6.820
12,142,6.358
10,142,5.144
8,142,3.781
6,142,2.197
4,142,1.687
2,142,2.061
0,142,3.051
0,144,3.366
2,144,2.710
4,144,1.633
6,144,1.105
8,144,9.399
10,144,9.249
12,144,1.028
14,144,1.475
16,144,3.449
18,144,5.334
20,144,6.855
22,144,7.629
24,144,8.001
26,144,7.975
28,144,7.659
30,144,7.586
32,144,7.059
34,144,6.815
36,144,7.159
38,144,7.741
40,144,7.857
42,144,8.003
44,144,8.034
46,144,7.949
48,144,7.482
50,144,7.190
52,144,6.639
54,144,6.830
56,144,7.087
58,144,7.240
60,144,7.866
62,144,7.981
64,144,7.982
66,144,7.939
68,144,7.721
70,144,6.911
72,144,6.770
74,144,6.583
76,144,6.603
78,144,6.929
80,144,7.151
82,144,7.640
84,144,7.864
86,144,7.928
88,144,7.879
90,144,7.889
92,144,7.785
94,144,7.431
96,144,6.766
98,144,6.636
100,144,6.529
102,144,6.504
104,144,6.608
106,144,6.844
108,144,7.155
110,144,7.574
112,144,7.762
114,144,7.790
116,144,7.865
118,144,7.903
120,144,7.831
122,144,7.812
124,144,7.696
126,144,7.259
128,144,7.011
130,144,6.613
132,144,6.492
134,144,6.403
136,144,6.328
138,144,6.489
140,144,6.574
142,144,6.849
144,144,7.195
146,144,7.242
148,144,7.338
150,144,7.450
150,146,7.522
148,146,7.126
146,146,7.022
144,146,6.668
142,146,6.431
140,146,6.319
138,146,6.449
136,146,6.472
134,146,6.909
132,146,6.914
130,146,7.522
128,146,7.605
126,146,7.816
124,146,7.834
122,146,7.835
120,146,7.875
118,146,7.792
116,146,7.604
114,146,7.824
112,146,7.312
110,146,6.931
108,146,6.717
106,146,6.685
104,146,6.511
102,146,7.156
100,146,7.300
98,146,7.568
96,146,7.606
94,146,7.904
92,146,7.917
90,146,7.878
88,146,7.837
86,146,7.814
84,146,7.638
82,146,7.083
80,146,6.884
78,146,6.692
76,146,6.678
74,146,7.209
72,146,7.468
70,146,7.843
68,146,7.830
66,146,7.990
64,146,7.970
62,146,7.887
60,146,7.683
58,146,7.438
56,146,6.798
54,146,6.669
52,146,6.750
50,146,7.081
48,146,7.466
46,146,7.888
44,146,8.022
42,146,7.943
40,146,7.927
38,146,7.774
36,146,7.434
34,146,6.982
32,146,6.815
30,146,7.358
28,146,7.983
26,146,8.052
24,146,8.068
22,146,7.986
20,146,7.722
18,146,7.191
16,146,6.820
14,146,6.641
12,146,6.119
10,146,4.486
8,146,2.664
6,146,1.495
4,146,1.564
2,146,2.344
0,146,3.222
0,148,3.449
2,148,2.503
4,148,1.632
6,148,5.492
8,148,2.885
10,148,2.115
12,148,4.009
14,148,1.335
16,148,3.546
18,148,5.873
20,148,7.123
22,148,7.743
24,148,7.944
26,148,7.880
28,148,7.623
30,148,7.084
32,148,6.760
34,148,7.094
36,148,7.353
38,148,7.759
40,148,7.999
42,148,8.004
44,148,7.986
46,148,7.668
48,148,7.015
50,148,6.836
52,148,6.652
54,148,6.742
56,148,7.421
58,148,7.825
60,148,7.886
62,148,7.959
64,148,7.942
66,148,7.773
68,148,7.228
70,148,6.810
72,148,6.611
74,148,6.706
76,148,6.885
78,148,7.167
80,148,7.431
82,148,7.769
84,148,7.894
86,148,7.925
88,148,7.892
90,148,7.723
92,148,7.294
94,148,6.878
96,148,6.527
98,148,6.445
100,148,6.510
102,148,6.729
104,148,7.076
106,148,7.541
108,148,7.577
110,148,7.683
112,148,7.844
114,148,7.898
116,148,7.784
118,148,7.808
120,148,7.686
122,148,7.200
124,148,6.939
126,148,6.751
128,148,6.648
130,148,6.377
132,148,6.365
134,148,6.347
136,148,6.631
138,148,6.842
140,148,7.039
142,148,7.174
144,148,7.302
146,148,7.405
148,148,7.703
150,148,7.779
150,150,7.739
148,150,7.608
146,150,7.458
144,150,7.285
142,150,6.600
140,150,6.603
138,150,6.547
136,150,6.404
134,150,6.433
132,150,6.643
130,150,7.060
128,150,6.973
126,150,7.448
124,150,7.790
122,150,7.887
120,150,7.875
118,150,7.879
116,150,7.811
114,150,7.642
112,150,7.482
110,150,7.206
108,150,6.791
106,150,6.578
104,150,6.487
102,150,6.489
100,150,6.704
98,150,7.030
96,150,7.355
94,150,7.584
92,150,7.868
90,150,7.928
88,150,7.917
86,150,7.909
84,150,7.723
82,150,7.381
80,150,7.163
78,150,6.729
76,150,6.516
74,150,6.543
72,150,6.767
70,150,7.326
68,150,7.712
66,150,7.869
64,150,7.982
62,150,7.989
60,150,7.861
58,150,7.567
56,150,7.103
54,150,6.752
52,150,6.686
50,150,6.818
48,150,7.335
46,150,7.713
44,150,7.911
42,150,7.991
40,150,8.016
38,150,7.888
36,150,7.314
34,150,7.175
32,150,6.808
30,150,6.948
28,150,7.269
26,150,7.733
24,150,8.004
22,150,8.055
20,150,7.969
18,150,7.623
16,150,7.393
14,150,6.394
12,150,5.034
10,150,3.536
8,150,2.191
6,150,1.395
4,150,1.299
2,150,2.010
0,150,3.278
