0,0,7.384
2,0,7.319
4,0,7.237
6,0,7.158
8,0,7.083
10,0,6.975
12,0,6.860
14,0,6.725
16,0,6.568
18,0,6.419
20,0,6.213
22,0,5.816
24,0,5.077
26,0,3.976
28,0,2.945
30,0,2.686
32,0,3.387
34,0,4.320
36,0,4.350
38,0,3.194
40,0,1.779
42,0,8.644
44,0,6.077
46,0,6.498
48,0,6.508
50,0,6.733
52,0,1.089
54,0,2.078
56,0,3.436
58,0,4.558
60,0,5.172
62,0,5.312
64,0,5.013
66,0,4.399
68,0,3.691
70,0,3.053
72,0,2.575
74,0,2.310
76,0,2.220
78,0,2.218
80,0,2.238
82,0,2.226
84,0,2.253
86,0,2.390
88,0,2.732
90,0,3.232
92,0,3.801
94,0,4.290
96,0,4.662
98,0,5.007
100,0,5.435
102,0,5.935
104,0,6.394
106,0,6.683
108,0,6.721
110,0,6.513
112,0,6.230
114,0,6.051
116,0,6.062
118,0,6.220
120,0,6.455
122,0,6.700
124,0,6.923
126,0,7.085
128,0,7.217
130,0,7.325
132,0,7.407
134,0,7.458
136,0,7.488
138,0,7.509
140,0,7.537
142,0,7.564
144,0,7.586
146,0,7.586
148,0,7.553
150,0,7.507
150,2,7.344
148,2,7.386
146,2,7.421
144,2,7.476
142,2,7.525
140,2,7.554
138,2,7.559
136,2,7.553
134,2,7.544
132,2,7.537
130,2,7.532
128,2,7.532
126,2,7.524
124,2,7.501
122,2,7.461
120,2,7.405
118,2,7.340
116,2,7.266
114,2,7.170
112,2,7.051
110,2,6.906
108,2,6.746
106,2,6.602
104,2,6.503
102,2,6.488
100,2,6.530
98,2,6.549
96,2,6.440
94,2,6.112
92,2,5.580
90,2,4.894
88,2,4.157
86,2,3.491
84,2,2.996
82,2,2.644
80,2,2.298
78,2,1.980
76,2,1.668
74,2,1.467
72,2,1.417
70,2,1.522
68,2,1.705
66,2,1.916
64,2,2.094
62,2,2.170
60,2,2.171
58,2,2.282
56,2,2.609
54,2,3.161
52,2,3.822
50,2,4.441
48,2,4.969
46,2,5.294
44,2,5.332
42,2,5.066
40,2,4.459
38,2,3.426
36,2,2.241
34,2,1.365
32,2,1.007
30,2,8.867
28,2,7.057
26,2,6.011
24,2,1.096
22,2,2.272
20,2,3.143
18,2,2.825
16,2,2.370
14,2,3.215
12,2,4.914
10,2,6.243
8,2,6.834
6,2,7.059
4,2,7.212
2,2,7.335
0,2,7.396
0,4,7.575
2,4,7.582
4,4,7.583
6,4,7.573
8,4,7.553
10,4,7.503
12,4,7.410
14,4,7.284
16,4,7.147
18,4,6.991
20,4,6.724
22,4,6.183
24,4,5.202
26,4,3.839
28,4,2.649
30,4,2.287
32,4,2.719
34,4,3.020
36,4,2.543
38,4,1.538
40,4,7.692
42,4,5.782
44,4,6.920
46,4,7.990
48,4,8.812
50,4,1.183
52,4,1.946
54,4,3.083
56,4,4.192
58,4,4.919
60,4,5.284
62,4,5.318
64,4,5.006
66,4,4.451
68,4,3.777
70,4,3.093
72,4,2.527
74,4,2.199
76,4,2.102
78,4,2.107
80,4,2.028
82,4,1.855
84,4,1.661
86,4,1.526
88,4,1.533
90,4,1.738
92,4,2.069
94,4,2.410
96,4,2.751
98,4,3.144
100,4,3.713
102,4,4.457
104,4,5.242
106,4,5.927
108,4,6.355
110,4,6.528
112,4,6.541
114,4,6.549
116,4,6.633
118,4,6.810
120,4,7.005
122,4,7.176
124,4,7.298
126,4,7.388
128,4,7.459
130,4,7.513
132,4,7.547
134,4,7.557
136,4,7.554
138,4,7.554
140,4,7.554
142,4,7.555
144,4,7.535
146,4,7.467
148,4,7.369
150,4,7.269
150,6,7.172
148,6,7.226
146,6,7.302
144,6,7.393
142,6,7.476
140,6,7.536
138,6,7.570
136,6,7.583
134,6,7.586
132,6,7.589
130,6,7.596
128,6,7.605
126,6,7.613
124,6,7.618
122,6,7.608
120,6,7.587
118,6,7.558
116,6,7.517
114,6,7.458
112,6,7.364
110,6,7.232
108,6,7.078
106,6,6.922
104,6,6.785
102,6,6.653
100,6,6.459
98,6,6.147
96,6,5.634
94,6,4.918
92,6,4.051
90,6,3.150
88,6,2.391
86,6,1.844
84,6,1.489
82,6,1.275
80,6,1.122
78,6,9.862
76,6,9.035
74,6,9.447
72,6,1.155
70,6,1.503
68,6,1.956
66,6,2.454
64,6,2.830
62,6,2.953
60,6,2.909
58,6,2.944
56,6,3.211
54,6,3.632
52,6,4.037
50,6,4.340
48,6,4.581
46,6,4.841
44,6,5.108
42,6,5.248
40,6,5.089
38,6,4.524
36,6,3.677
34,6,2.847
32,6,2.342
30,6,2.009
28,6,1.584
26,6,1.023
24,6,8.252
22,6,1.192
20,6,1.585
18,6,1.693
16,6,2.359
14,6,4.010
12,6,5.719
10,6,6.607
8,6,6.939
6,6,7.166
4,6,7.449
2,6,7.653
0,6,7.709
0,8,7.756
2,8,7.761
4,8,7.762
6,8,7.752
8,8,7.722
10,8,7.646
12,8,7.496
14,8,7.309
16,8,7.122
18,8,6.977
20,8,6.855
22,8,6.652
24,8,6.148
26,8,5.112
28,8,3.621
30,8,2.322
32,8,1.656
34,8,1.485
36,8,1.275
38,8,9.377
40,8,8.225
42,8,1.141
44,8,1.563
46,8,1.886
48,8,2.102
50,8,2.521
52,8,3.202
54,8,4.101
56,8,4.825
58,8,5.175
60,8,5.219
62,8,5.074
64,8,4.808
66,8,4.481
68,8,4.075
70,8,3.581
72,8,3.069
74,8,2.738
76,8,2.689
78,8,2.726
80,8,2.586
82,8,2.175
84,8,1.693
86,8,1.272
88,8,9.926
90,8,8.910
92,8,9.618
94,8,1.105
96,8,1.261
98,8,1.495
100,8,1.924
102,8,2.615
104,8,3.564
106,8,4.588
108,8,5.477
110,8,6.111
112,8,6.499
114,8,6.733
116,8,6.914
118,8,7.097
120,8,7.275
122,8,7.434
124,8,7.538
126,8,7.598
128,8,7.629
130,8,7.646
132,8,7.650
134,8,7.642
136,8,7.633
138,8,7.623
140,8,7.622
142,8,7.609
144,8,7.565
146,8,7.465
148,8,7.325
150,8,7.184
150,10,7.187
148,10,7.268
146,10,7.371
144,10,7.473
142,10,7.561
140,10,7.624
138,10,7.655
136,10,7.667
134,10,7.667
132,10,7.668
130,10,7.673
128,10,7.677
126,10,7.681
124,10,7.682
122,10,7.681
120,10,7.672
118,10,7.655
116,10,7.622
114,10,7.564
112,10,7.472
110,10,7.347
108,10,7.203
106,10,7.055
104,10,6.887
102,10,6.662
100,10,6.322
98,10,5.797
96,10,5.073
94,10,4.174
92,10,3.257
90,10,2.473
88,10,1.935
86,10,1.609
84,10,1.459
82,10,1.411
80,10,1.409
78,10,1.417
76,10,1.439
74,10,1.576
72,10,1.927
70,10,2.527
68,10,3.306
66,10,4.055
64,10,4.546
62,10,4.561
60,10,4.335
58,10,4.120
56,10,4.009
54,10,3.927
52,10,3.778
50,10,3.537
48,10,3.404
46,10,3.586
44,10,4.182
42,10,4.989
40,10,5.558
38,10,5.635
36,10,5.246
34,10,4.630
32,10,4.085
30,10,3.657
28,10,3.120
26,10,2.393
24,10,1.769
22,10,1.532
20,10,1.748
18,10,2.553
16,10,4.042
14,10,5.658
12,10,6.625
10,10,6.860
8,10,6.925
6,10,7.125
4,10,7.460
2,10,7.722
0,10,7.791
0,12,7.804
2,12,7.808
4,12,7.811
6,12,7.806
8,12,7.780
10,12,7.710
12,12,7.565
14,12,7.360
16,12,7.166
18,12,7.025
20,12,6.961
22,12,6.950
24,12,6.887
26,12,6.495
28,12,5.555
30,12,4.277
32,12,3.014
34,12,2.112
36,12,1.730
38,12,1.717
40,12,2.039
42,12,2.595
44,12,3.170
46,12,3.604
48,12,3.970
50,12,4.423
52,12,4.999
54,12,5.446
56,12,5.547
58,12,5.231
60,12,4.612
62,12,4.014
64,12,3.717
66,12,3.706
68,12,3.826
70,12,3.861
72,12,3.828
74,12,3.882
76,12,4.117
78,12,4.353
80,12,4.255
82,12,3.655
84,12,2.818
86,12,2.087
88,12,1.646
90,12,1.468
92,12,1.452
94,12,1.472
96,12,1.503
98,12,1.595
100,12,1.836
102,12,2.303
104,12,3.056
106,12,4.066
108,12,5.084
110,12,5.935
112,12,6.493
114,12,6.843
116,12,7.068
118,12,7.238
120,12,7.397
122,12,7.529
124,12,7.614
126,12,7.663
128,12,7.686
130,12,7.696
132,12,7.702
134,12,7.702
136,12,7.704
138,12,7.705
140,12,7.707
142,12,7.703
144,12,7.674
146,12,7.603
148,12,7.482
150,12,7.342
150,14,7.406
148,14,7.487
146,14,7.569
144,14,7.633
142,14,7.678
140,14,7.706
138,14,7.719
136,14,7.723
134,14,7.721
132,14,7.717
130,14,7.711
128,14,7.708
126,14,7.704
124,14,7.700
122,14,7.697
120,14,7.691
118,14,7.680
116,14,7.655
114,14,7.616
112,14,7.557
110,14,7.477
108,14,7.385
106,14,7.281
104,14,7.150
102,14,6.956
100,14,6.642
98,14,6.168
96,14,5.533
94,14,4.805
92,14,4.143
90,14,3.665
88,14,3.401
86,14,3.333
84,14,3.355
82,14,3.355
80,14,3.292
78,14,3.172
76,14,3.130
74,14,3.250
72,14,3.598
70,14,4.154
68,14,4.835
66,14,5.460
64,14,5.817
62,14,5.807
60,14,5.470
58,14,4.929
56,14,4.350
54,14,3.713
52,14,2.980
50,14,2.321
48,14,1.966
46,14,2.070
44,14,2.760
42,14,3.938
40,14,4.992
38,14,5.320
36,14,4.965
34,14,4.304
32,14,3.694
30,14,3.259
28,14,2.940
26,14,2.712
24,14,2.730
22,14,3.118
20,14,3.887
18,14,5.016
16,14,6.195
14,14,6.995
12,14,7.248
10,14,7.173
8,14,7.122
6,14,7.247
4,14,7.523
2,14,7.747
0,14,7.804
0,16,7.789
2,16,7.795
4,16,7.804
6,16,7.806
8,16,7.792
10,16,7.746
12,16,7.648
14,16,7.499
16,16,7.349
18,16,7.247
20,16,7.232
22,16,7.284
24,16,7.344
26,16,7.287
28,16,6.959
30,16,6.293
32,16,5.326
34,16,4.311
36,16,3.472
38,16,2.917
40,16,2.670
42,16,2.764
44,16,3.060
46,16,3.421
48,16,3.848
50,16,4.427
52,16,5.062
54,16,5.459
56,16,5.264
58,16,4.424
60,16,3.278
62,16,2.433
64,16,2.199
66,16,2.475
68,16,3.059
70,16,3.724
72,16,4.316
74,16,4.890
76,16,5.423
78,16,5.748
80,16,5.696
82,16,5.198
84,16,4.464
86,16,3.787
88,16,3.334
90,16,3.153
92,16,3.213
94,16,3.409
96,16,3.561
98,16,3.640
100,16,3.679
102,16,3.891
104,16,4.318
106,16,4.994
108,16,5.776
110,16,6.432
112,16,6.894
114,16,7.169
116,16,7.327
118,16,7.434
120,16,7.525
122,16,7.598
124,16,7.648
126,16,7.679
128,16,7.692
130,16,7.698
132,16,7.699
134,16,7.699
136,16,7.706
138,16,7.709
140,16,7.718
142,16,7.718
144,16,7.708
146,16,7.685
148,16,7.631
150,16,7.537
150,18,7.510
148,18,7.568
146,18,7.614
144,18,7.640
142,18,7.653
140,18,7.654
138,18,7.649
136,18,7.641
134,18,7.636
132,18,7.634
130,18,7.637
128,18,7.639
126,18,7.644
124,18,7.647
122,18,7.652
120,18,7.653
118,18,7.648
116,18,7.634
114,18,7.606
112,18,7.570
110,18,7.529
108,18,7.485
106,18,7.435
104,18,7.371
102,18,7.276
100,18,7.132
98,18,6.917
96,18,6.648
94,18,6.362
92,18,6.082
90,18,5.845
88,18,5.622
86,18,5.291
84,18,4.769
82,18,4.114
80,18,3.474
78,18,3.006
76,18,2.773
74,18,2.785
72,18,3.043
70,18,3.575
68,18,4.264
66,18,4.922
64,18,5.270
62,18,5.197
60,18,4.785
58,18,4.225
56,18,3.604
54,18,2.813
52,18,1.971
50,18,1.382
48,18,1.200
46,18,1.422
44,18,2.160
42,18,3.245
40,18,4.013
38,18,4.055
36,18,3.590
34,18,2.940
32,18,2.320
30,18,1.812
28,18,1.518
26,18,1.611
24,18,2.352
22,18,3.614
20,18,4.895
18,18,6.046
16,18,6.912
14,18,7.293
12,18,7.402
10,18,7.422
8,18,7.471
6,18,7.596
4,18,7.721
2,18,7.772
0,18,7.765
0,20,7.709
2,20,7.718
4,20,7.734
6,20,7.750
8,20,7.755
10,20,7.747
12,20,7.726
14,20,7.688
16,20,7.627
18,20,7.558
20,20,7.493
22,20,7.433
24,20,7.375
26,20,7.294
28,20,7.141
30,20,6.765
32,20,6.046
34,20,5.114
36,20,4.034
38,20,2.869
40,20,1.938
42,20,1.542
44,20,1.603
46,20,1.932
48,20,2.431
50,20,3.046
52,20,3.708
54,20,4.211
56,20,4.207
58,20,3.475
60,20,2.354
62,20,1.521
64,20,1.250
66,20,1.418
68,20,2.013
70,20,2.899
72,20,3.720
74,20,4.381
76,20,4.971
78,20,5.336
80,20,5.234
82,20,4.660
84,20,3.883
86,20,3.222
88,20,2.779
90,20,2.663
92,20,2.847
94,20,3.346
96,20,4.121
98,20,4.949
100,20,5.580
102,20,6.005
104,20,6.314
106,20,6.645
108,20,6.912
110,20,7.113
112,20,7.267
114,20,7.357
116,20,7.418
118,20,7.459
120,20,7.502
122,20,7.535
124,20,7.567
126,20,7.585
128,20,7.583
130,20,7.572
132,20,7.547
134,20,7.526
136,20,7.500
138,20,7.477
140,20,7.464
142,20,7.454
144,20,7.473
146,20,7.498
148,20,7.498
150,20,7.441
150,22,7.275
148,22,7.272
146,22,7.242
144,22,7.166
142,22,7.081
140,22,7.037
138,22,6.990
136,22,6.969
134,22,6.961
132,22,6.995
130,22,7.052
128,22,7.130
126,22,7.194
124,22,7.249
122,22,7.285
120,22,7.302
118,22,7.297
116,22,7.279
114,22,7.251
112,22,7.220
110,22,7.178
108,22,7.149
106,22,7.138
104,22,7.120
102,22,7.095
100,22,7.041
98,22,6.944
96,22,6.815
94,22,6.624
92,22,6.345
90,22,5.865
88,22,5.032
86,22,3.888
84,22,2.691
82,22,1.751
80,22,1.206
78,22,9.893
76,22,9.892
74,22,1.116
72,22,1.357
70,22,1.770
68,22,2.359
66,22,2.941
64,22,3.266
62,22,3.299
60,22,3.193
58,22,3.013
56,22,2.682
54,22,2.176
52,22,1.633
50,22,1.319
48,22,1.401
46,22,1.901
44,22,2.638
42,22,3.169
40,22,3.243
38,22,3.022
36,22,2.740
34,22,2.416
32,22,1.972
30,22,1.550
28,22,1.336
26,22,1.600
24,22,2.521
22,22,3.840
20,22,5.035
18,22,5.904
16,22,6.493
14,22,6.829
12,22,7.083
10,22,7.280
8,22,7.416
6,22,7.513
4,22,7.589
2,22,7.633
0,22,7.610
0,24,7.459
2,24,7.474
4,24,7.517
6,24,7.551
8,24,7.563
10,24,7.545
12,24,7.506
14,24,7.456
16,24,7.396
18,24,7.334
20,24,7.254
22,24,7.137
24,24,6.982
26,24,6.797
28,24,6.572
30,24,6.281
32,24,5.824
34,24,5.158
36,24,4.254
38,24,3.126
40,24,2.063
42,24,1.444
44,24,1.350
46,24,1.573
48,24,1.983
50,24,2.422
52,24,2.749
54,24,3.058
56,24,3.294
58,24,3.182
60,24,2.618
62,24,1.833
64,24,1.309
66,24,1.234
68,24,1.593
70,24,2.212
72,24,2.747
74,24,3.078
76,24,3.255
78,24,3.308
80,24,3.159
82,24,2.651
84,24,1.933
86,24,1.382
88,24,1.058
90,24,9.069
92,24,8.416
94,24,1.008
96,24,1.599
98,24,2.695
100,24,4.018
102,24,5.183
104,24,5.911
106,24,6.313
108,24,6.532
110,24,6.689
112,24,6.786
114,24,6.821
116,24,6.805
118,24,6.777
120,24,6.755
122,24,6.807
124,24,6.824
126,24,6.831
128,24,6.818
130,24,6.774
132,24,6.624
134,24,6.421
136,24,6.244
138,24,6.089
140,24,6.016
142,24,6.007
144,24,6.124
146,24,6.294
148,24,6.485
150,24,6.648
150,26,5.741
148,26,5.493
146,26,5.265
144,26,5.037
142,26,4.777
140,26,4.612
138,26,4.472
136,26,4.417
134,26,4.394
132,26,4.409
130,26,4.509
128,26,4.626
126,26,4.801
124,26,4.910
122,26,4.963
120,26,4.955
118,26,4.917
116,26,4.888
114,26,4.854
112,26,4.779
110,26,4.757
108,26,4.823
106,26,4.866
104,26,4.883
102,26,4.839
100,26,4.667
98,26,4.395
96,26,4.035
94,26,3.613
92,26,3.051
90,26,2.371
88,26,1.563
86,26,8.546
84,26,4.985
82,26,5.532
80,26,8.956
78,26,1.302
76,26,1.498
74,26,1.434
72,26,1.246
70,26,1.073
68,26,1.016
66,26,1.040
64,26,1.074
62,26,1.119
60,26,1.223
58,26,1.328
56,26,1.304
54,26,1.174
52,26,1.094
50,26,1.213
48,26,1.599
46,26,2.190
44,26,2.609
42,26,2.606
40,26,2.386
38,26,2.299
36,26,2.435
34,26,2.613
32,26,2.569
30,26,2.241
28,26,2.020
26,26,2.171
24,26,2.821
22,26,3.777
20,26,4.603
18,26,5.208
16,26,5.649
14,26,5.996
12,26,6.286
10,26,6.542
8,26,6.735
6,26,6.892
4,26,7.045
2,26,7.143
0,26,7.056
0,28,6.622
2,28,6.653
4,28,6.725
6,28,6.786
8,28,6.798
10,28,6.762
12,28,6.683
14,28,6.576
16,28,6.460
18,28,6.358
20,28,6.256
22,28,6.140
24,28,5.971
26,28,5.788
28,28,5.591
30,28,5.330
32,28,4.988
34,28,4.513
36,28,3.907
38,28,3.144
40,28,2.439
42,28,2.061
44,28,2.046
46,28,2.278
48,28,2.553
50,28,2.599
52,28,2.464
54,28,2.375
56,28,2.471
58,28,2.689
60,28,2.710
62,28,2.297
64,28,1.689
66,28,1.291
68,28,1.194
70,28,1.312
72,28,1.446
74,28,1.434
76,28,1.293
78,28,1.170
80,28,1.077
82,28,9.867
84,28,9.735
86,28,1.118
88,28,1.366
90,28,1.498
92,28,1.334
94,28,8.996
96,28,4.891
98,28,4.307
100,28,8.205
102,28,1.487
104,28,2.156
106,28,2.721
108,28,3.119
110,28,3.468
112,28,3.680
114,28,3.751
116,28,3.711
118,28,3.591
120,28,3.431
122,28,3.350
124,28,3.315
126,28,3.301
128,28,3.305
130,28,3.230
132,28,3.103
134,28,2.892
136,28,2.702
138,28,2.599
140,28,2.540
142,28,2.574
144,28,2.669
146,28,2.784
148,28,2.915
150,28,3.093
150,30,1.719
148,30,1.521
146,30,1.360
144,30,1.231
142,30,1.144
140,30,1.099
138,30,1.050
136,30,1.006
134,30,9.987
132,30,1.003
130,30,9.736
128,30,9.568
126,30,1.005
124,30,1.031
122,30,1.044
120,30,9.938
118,30,9.346
116,30,9.004
114,30,8.968
112,30,9.484
110,30,9.430
108,30,9.724
106,30,1.018
104,30,1.001
102,30,9.260
100,30,7.781
98,30,5.748
96,30,4.136
94,30,2.990
92,30,2.500
90,30,2.729
88,30,4.115
86,30,6.716
84,30,9.915
82,30,1.264
80,30,1.374
78,30,1.297
76,30,1.107
74,30,8.453
72,30,5.331
70,30,2.573
68,30,8.615
66,30,2.683
64,30,1.978
62,30,2.806
60,30,5.706
58,30,9.438
56,30,1.009
54,30,8.379
52,30,9.320
50,30,1.840
48,30,4.626
46,30,1.004
44,30,1.554
42,30,1.744
40,30,1.730
38,30,1.810
36,30,2.001
34,30,2.117
32,30,1.974
30,30,1.558
28,30,1.199
26,30,1.080
24,30,1.251
22,30,1.651
20,30,2.146
18,30,2.599
16,30,3.002
14,30,3.366
12,30,3.655
10,30,3.871
8,30,4.047
6,30,4.277
4,30,4.548
2,30,4.767
0,30,4.767
0,32,3.809
2,32,3.820
4,32,3.850
6,32,3.840
8,32,3.802
10,32,3.711
12,32,3.583
14,32,3.433
16,32,3.301
18,32,3.214
20,32,3.160
22,32,3.083
24,32,2.969
26,32,2.885
28,32,2.770
30,32,2.548
32,32,2.276
34,32,1.999
36,32,1.672
38,32,1.351
40,32,1.137
42,32,1.113
44,32,1.318
46,32,1.684
48,32,2.052
50,32,2.144
52,32,2.000
54,32,1.812
56,32,1.744
58,32,1.794
60,32,1.672
62,32,1.168
64,32,5.856
66,32,2.574
68,32,1.338
70,32,1.146
72,32,1.313
74,32,1.106
76,32,5.864
78,32,2.971
80,32,2.413
82,32,4.129
84,32,1.678
86,32,4.342
88,32,7.653
90,32,1.048
92,32,1.236
94,32,1.279
96,32,1.136
98,32,8.319
100,32,5.111
102,32,2.827
104,32,1.696
106,32,1.491
108,32,2.156
110,32,3.436
112,32,4.874
114,32,5.684
116,32,5.618
118,32,4.989
120,32,4.164
122,32,3.613
124,32,3.356
126,32,3.337
128,32,3.513
130,32,3.571
132,32,3.419
134,32,3.423
136,32,3.656
138,32,3.833
140,32,3.865
142,32,3.420
144,32,3.202
146,32,3.084
148,32,3.260
150,32,3.807
150,34,1.853
148,34,1.161
146,34,8.840
144,34,7.782
142,34,9.331
140,34,1.241
138,34,1.573
136,34,1.850
134,34,1.873
132,34,1.744
130,34,1.583
128,34,1.352
126,34,1.163
124,34,9.866
122,34,8.881
120,34,8.333
118,34,7.626
116,34,7.344
114,34,7.588
112,34,8.279
110,34,9.448
108,34,1.048
106,34,1.077
104,34,9.259
102,34,6.013
100,34,3.405
98,34,4.534
96,34,1.213
94,34,2.559
92,34,4.277
90,34,6.040
88,34,7.260
86,34,7.605
84,34,6.882
82,34,5.536
80,34,4.229
78,34,3.394
76,34,3.017
74,34,2.950
72,34,3.021
70,34,3.100
68,34,3.174
66,34,3.446
64,34,4.066
62,34,4.713
60,34,5.262
58,34,5.252
56,34,4.368
54,34,3.137
52,34,2.338
50,34,2.989
48,34,5.982
46,34,1.146
44,34,1.667
42,34,1.959
40,34,2.151
38,34,2.329
36,34,2.334
34,34,2.105
32,34,1.767
30,34,1.388
28,34,1.029
26,34,8.035
24,34,7.146
22,34,7.189
20,34,8.107
18,34,9.519
16,34,1.130
14,34,1.329
12,34,1.488
10,34,1.593
8,34,1.672
6,34,1.766
4,34,1.885
2,34,1.976
0,34,1.949
0,36,1.692
2,36,1.732
4,36,1.780
6,36,1.823
8,36,1.850
10,36,1.841
12,36,1.798
14,36,1.744
16,36,1.690
18,36,1.649
20,36,1.607
22,36,1.553
24,36,1.460
26,36,1.339
28,36,1.192
30,36,1.039
32,36,9.130
34,36,8.117
36,36,7.347
38,36,7.043
40,36,7.310
42,36,8.371
44,36,1.064
46,36,1.402
48,36,1.768
50,36,2.047
52,36,2.190
54,36,2.112
56,36,1.926
58,36,1.765
60,36,1.501
62,36,9.787
64,36,4.500
66,36,1.652
68,36,1.071
70,36,1.569
72,36,2.407
74,36,2.928
76,36,2.816
78,36,2.385
80,36,1.999
82,36,1.992
84,36,2.209
86,36,2.511
88,36,2.723
90,36,2.918
92,36,3.249
94,36,4.031
96,36,5.323
98,36,6.451
100,36,6.660
102,36,5.579
104,36,3.972
106,36,2.222
108,36,9.480
110,36,4.045
112,36,5.729
114,36,9.751
116,36,1.366
118,36,1.415
120,36,1.365
122,36,1.366
124,36,1.438
126,36,1.567
128,36,1.671
130,36,1.824
132,36,1.941
134,36,2.112
136,36,2.288
138,36,2.301
140,36,2.393
142,36,2.386
144,36,2.134
146,36,2.004
148,36,2.867
150,36,2.482
150,38,6.287
148,38,4.327
146,38,4.161
144,38,3.717
142,38,2.910
140,38,2.976
138,38,3.052
136,38,2.940
134,38,2.873
132,38,3.014
130,38,3.054
128,38,3.065
126,38,3.034
124,38,2.958
122,38,2.862
120,38,2.842
118,38,2.826
116,38,2.868
114,38,2.974
112,38,3.025
110,38,3.049
108,38,2.907
106,38,2.653
104,38,2.357
102,38,2.126
100,38,2.066
98,38,2.194
96,38,2.628
94,38,3.193
92,38,3.685
90,38,3.981
88,38,4.021
86,38,3.716
84,38,3.345
82,38,3.038
80,38,2.863
78,38,2.594
76,38,2.736
74,38,3.953
72,38,6.466
70,38,9.620
68,38,1.245
66,38,1.495
64,38,1.711
62,38,1.906
60,38,2.025
58,38,1.959
56,38,1.682
54,38,1.379
52,38,1.306
50,38,1.552
48,38,2.064
46,38,2.707
44,38,3.246
42,38,3.653
40,38,3.909
38,38,3.793
36,38,3.164
34,38,2.468
32,38,2.176
30,38,2.154
28,38,2.097
26,38,2.030
24,38,1.923
22,38,1.812
20,38,1.796
18,38,1.933
16,38,2.206
14,38,2.529
12,38,2.771
10,38,2.841
8,38,2.838
6,38,2.826
4,38,2.799
2,38,2.756
0,38,2.654
0,40,3.249
2,40,3.330
4,40,3.404
6,40,3.482
8,40,3.573
10,40,3.633
12,40,3.643
14,40,3.642
16,40,3.594
18,40,3.556
20,40,3.523
22,40,3.432
24,40,3.251
26,40,2.937
28,40,2.587
30,40,2.241
32,40,1.968
34,40,1.799
36,40,1.743
38,40,1.770
40,40,1.833
42,40,1.898
44,40,1.991
46,40,2.068
48,40,2.116
50,40,2.431
52,40,3.016
54,40,3.458
56,40,3.405
58,40,3.089
60,40,2.682
62,40,2.149
64,40,1.537
66,40,1.084
68,40,9.669
70,40,1.180
72,40,1.544
74,40,1.836
76,40,1.862
78,40,1.723
80,40,1.501
82,40,1.258
84,40,9.643
86,40,6.352
88,40,3.393
90,40,1.999
92,40,1.952
94,40,2.333
96,40,2.709
98,40,3.039
100,40,3.317
102,40,3.362
104,40,3.136
106,40,2.951
108,40,2.926
110,40,3.192
112,40,3.836
114,40,4.693
116,40,5.553
118,40,6.345
120,40,6.669
122,40,6.864
124,40,6.874
126,40,6.863
128,40,7.127
130,40,7.202
132,40,7.504
134,40,9.757
136,40,9.829
138,40,1.094
140,40,1.354
142,40,1.629
144,40,1.663
146,40,1.964
148,40,1.873
150,40,2.028
150,42,2.757
148,42,2.801
146,42,2.823
144,42,2.936
142,42,2.627
140,42,2.434
138,42,2.534
136,42,2.169
134,42,2.129
132,42,2.120
130,42,2.096
128,42,2.060
126,42,2.021
124,42,2.020
122,42,2.050
120,42,2.077
118,42,2.156
116,42,2.253
114,42,2.347
112,42,2.416
110,42,2.438
108,42,2.444
106,42,2.444
104,42,2.365
102,42,2.278
100,42,2.201
98,42,2.109
96,42,2.018
94,42,2.002
92,42,2.007
90,42,2.019
88,42,2.181
86,42,2.478
84,42,2.659
82,42,2.754
80,42,2.757
78,42,2.556
76,42,2.196
74,42,1.811
72,42,1.518
70,42,1.328
68,42,1.205
66,42,1.093
64,42,1.022
62,42,1.001
60,42,1.132
58,42,1.423
56,42,1.855
54,42,2.474
52,42,3.301
50,42,4.236
48,42,5.031
46,42,5.521
44,42,5.774
42,42,5.882
40,42,5.761
38,42,5.212
36,42,4.293
34,42,3.485
32,42,3.183
30,42,3.443
28,42,4.050
26,42,4.617
24,42,4.846
22,42,4.830
20,42,4.844
18,42,5.053
16,42,5.444
14,42,5.874
12,42,6.142
10,42,6.221
8,42,6.234
6,42,6.200
4,42,6.145
2,42,6.074
0,42,5.946
0,44,6.506
2,44,6.555
4,44,6.616
6,44,6.672
8,44,6.717
10,44,6.760
12,44,6.779
14,44,6.773
16,44,6.749
18,44,6.727
20,44,6.674
22,44,6.584
24,44,6.444
26,44,6.190
28,44,5.783
30,44,5.333
32,44,4.952
34,44,4.700
36,44,4.583
38,44,4.494
40,44,4.307
42,44,3.853
44,44,3.285
46,44,2.853
48,44,2.796
50,44,3.239
52,44,4.092
54,44,4.949
56,44,5.387
58,44,5.378
60,44,5.126
62,44,4.678
64,44,4.006
66,44,3.121
68,44,2.244
70,44,1.630
72,44,1.285
74,44,1.052
76,44,8.498
78,44,7.264
80,44,7.261
82,44,7.675
84,44,8.658
86,44,1.057
88,44,1.406
90,44,1.874
92,44,2.317
94,44,2.586
96,44,2.663
98,44,2.567
100,44,2.412
102,44,2.321
104,44,2.369
106,44,2.530
108,44,2.707
110,44,2.918
112,44,3.139
114,44,3.347
116,44,3.544
118,44,3.653
120,44,3.781
122,44,3.833
124,44,3.803
126,44,3.869
128,44,3.944
130,44,4.071
132,44,4.546
134,44,4.780
136,44,4.734
138,44,4.901
140,44,5.104
142,44,5.139
144,44,5.156
146,44,5.183
148,44,5.204
150,44,5.120
150,46,6.049
148,46,6.265
146,46,6.392
144,46,6.490
142,46,6.404
140,46,6.438
138,46,6.523
136,46,6.446
134,46,6.320
132,46,6.237
130,46,6.201
128,46,6.063
126,46,5.989
124,46,5.984
122,46,5.977
120,46,6.009
118,46,6.108
116,46,6.209
114,46,6.307
112,46,6.352
110,46,6.380
108,46,6.408
106,46,6.394
104,46,6.372
102,46,6.337
100,46,6.291
98,46,6.231
96,46,6.214
94,46,6.201
92,46,6.193
90,46,6.247
88,46,6.320
86,46,6.413
84,46,6.534
82,46,6.601
80,46,6.542
78,46,6.414
76,46,6.229
74,46,6.067
72,46,5.883
70,46,5.752
68,46,5.627
66,46,5.450
64,46,5.262
62,46,5.082
60,46,4.968
58,46,5.118
56,46,5.520
54,46,5.972
52,46,6.406
50,46,6.738
48,46,6.917
46,46,7.003
44,46,7.032
42,46,7.026
40,46,6.963
38,46,6.782
36,46,6.504
34,46,6.291
32,46,6.321
30,46,6.604
28,46,6.934
26,46,7.164
24,46,7.245
22,46,7.243
20,46,7.249
18,46,7.316
16,46,7.440
14,46,7.540
12,46,7.589
10,46,7.610
8,46,7.617
6,46,7.613
4,46,7.611
2,46,7.609
0,46,7.595
0,48,7.681
2,48,7.692
4,48,7.699
6,48,7.701
8,48,7.700
10,48,7.694
12,48,7.687
14,48,7.680
16,48,7.676
18,48,7.670
20,48,7.658
22,48,7.644
24,48,7.616
26,48,7.573
28,48,7.489
30,48,7.377
32,48,7.254
34,48,7.170
36,48,7.138
38,48,7.102
40,48,6.992
42,48,6.747
44,48,6.359
46,48,5.924
48,48,5.631
50,48,5.696
52,48,6.050
54,48,6.458
56,48,6.708
58,48,6.789
60,48,6.798
62,48,6.754
64,48,6.575
66,48,6.193
68,48,5.565
70,48,4.842
72,48,4.222
74,48,3.859
76,48,3.874
78,48,4.163
80,48,4.506
82,48,4.776
84,48,5.036
86,48,5.339
88,48,5.694
90,48,6.074
92,48,6.384
94,48,6.571
96,48,6.599
98,48,6.539
100,48,6.507
102,48,6.508
104,48,6.560
106,48,6.633
108,48,6.720
110,48,6.834
112,48,6.947
114,48,7.061
116,48,7.120
118,48,7.229
120,48,7.407
122,48,7.383
124,48,7.416
126,48,7.459
128,48,7.451
130,48,7.475
132,48,7.470
134,48,7.509
136,48,7.540
138,48,7.555
140,48,7.560
142,48,7.567
144,48,7.549
146,48,7.489
148,48,7.430
150,48,7.196
150,50,7.527
148,50,7.663
146,50,7.798
144,50,7.823
142,50,7.859
140,50,7.929
138,50,7.926
136,50,7.949
134,50,7.941
132,50,7.924
130,50,7.907
128,50,7.906
126,50,7.863
124,50,7.808
122,50,7.770
120,50,7.748
118,50,7.752
116,50,7.750
114,50,7.755
112,50,7.744
110,50,7.728
108,50,7.710
106,50,7.698
104,50,7.684
102,50,7.654
100,50,7.627
98,50,7.603
96,50,7.588
94,50,7.575
92,50,7.569
90,50,7.569
88,50,7.573
86,50,7.574
84,50,7.571
82,50,7.563
80,50,7.551
78,50,7.535
76,50,7.520
74,50,7.500
72,50,7.470
70,50,7.450
68,50,7.424
66,50,7.393
64,50,7.357
62,50,7.323
60,50,7.291
58,50,7.264
56,50,7.225
54,50,7.192
52,50,7.186
50,50,7.225
48,50,7.307
46,50,7.404
44,50,7.465
42,50,7.480
40,50,7.468
38,50,7.433
36,50,7.397
34,50,7.390
32,50,7.429
30,50,7.499
28,50,7.572
26,50,7.612
24,50,7.619
22,50,7.616
20,50,7.624
18,50,7.643
16,50,7.663
14,50,7.678
12,50,7.688
10,50,7.696
8,50,7.701
6,50,7.707
4,50,7.718
2,50,7.731
0,50,7.742
0,52,7.702
2,52,7.704
4,52,7.702
6,52,7.697
8,52,7.691
10,52,7.685
12,52,7.679
14,52,7.671
16,52,7.667
18,52,7.668
20,52,7.669
22,52,7.670
24,52,7.669
26,52,7.668
28,52,7.662
30,52,7.650
32,52,7.633
34,52,7.617
36,52,7.611
38,52,7.611
40,52,7.602
42,52,7.566
44,52,7.491
46,52,7.401
48,52,7.326
50,52,7.298
52,52,7.322
54,52,7.369
56,52,7.387
58,52,7.386
60,52,7.360
62,52,7.283
64,52,7.191
66,52,7.117
68,52,7.068
70,52,7.034
72,52,7.016
74,52,7.028
76,52,7.087
78,52,7.180
80,52,7.265
82,52,7.331
84,52,7.391
86,52,7.451
88,52,7.503
90,52,7.550
92,52,7.592
94,52,7.625
96,52,7.646
98,52,7.663
100,52,7.672
102,52,7.692
104,52,7.744
106,52,7.819
108,52,7.825
110,52,7.919
112,52,7.940
114,52,8.014
116,52,8.015
118,52,8.046
120,52,8.070
122,52,8.070
124,52,8.070
126,52,8.052
128,52,8.039
130,52,8.055
132,52,8.006
134,52,7.960
136,52,7.948
138,52,7.811
140,52,7.804
142,52,7.758
144,52,7.776
146,52,7.691
148,52,7.596
150,52,7.597
150,54,7.661
148,54,7.703
146,54,7.693
144,54,7.687
142,54,7.788
140,54,7.919
138,54,7.974
136,54,7.960
134,54,8.067
132,54,8.078
130,54,8.076
128,54,8.094
126,54,8.091
124,54,8.078
122,54,8.074
120,54,8.020
118,54,7.994
116,54,7.983
114,54,7.920
112,54,7.866
110,54,7.836
108,54,7.803
106,54,7.778
104,54,7.751
102,54,7.731
100,54,7.709
98,54,7.693
96,54,7.678
94,54,7.671
92,54,7.660
90,54,7.647
88,54,7.630
86,54,7.612
84,54,7.588
82,54,7.562
80,54,7.548
78,54,7.546
76,54,7.546
74,54,7.545
72,54,7.532
70,54,7.512
68,54,7.483
66,54,7.444
64,54,7.421
62,54,7.409
60,54,7.395
58,54,7.367
56,54,7.310
54,54,7.244
52,54,7.212
50,54,7.245
48,54,7.320
46,54,7.388
44,54,7.409
42,54,7.382
40,54,7.333
38,54,7.286
36,54,7.251
34,54,7.234
32,54,7.242
30,54,7.284
28,54,7.339
26,54,7.369
24,54,7.352
22,54,7.304
20,54,7.266
18,54,7.278
16,54,7.320
14,54,7.351
12,54,7.371
10,54,7.373
8,54,7.372
6,54,7.392
4,54,7.423
2,54,7.443
0,54,7.447
0,56,7.323
2,56,7.323
4,56,7.323
6,56,7.326
8,56,7.330
10,56,7.330
12,56,7.322
14,56,7.308
16,56,7.300
18,56,7.297
20,56,7.313
22,56,7.328
24,56,7.334
26,56,7.330
28,56,7.322
30,56,7.310
32,56,7.298
34,56,7.314
36,56,7.357
38,56,7.397
40,56,7.414
42,56,7.400
44,56,7.359
46,56,7.310
48,56,7.285
50,56,7.286
52,56,7.314
54,56,7.360
56,56,7.409
58,56,7.447
60,56,7.451
62,56,7.400
64,56,7.312
66,56,7.248
68,56,7.252
70,56,7.319
72,56,7.393
74,56,7.439
76,56,7.463
78,56,7.484
80,56,7.516
82,56,7.553
84,56,7.587
86,56,7.606
88,56,7.627
90,56,7.661
92,56,7.673
94,56,7.670
96,56,7.702
98,56,7.754
100,56,7.817
102,56,7.885
104,56,7.876
106,56,7.896
108,56,7.968
110,56,7.974
112,56,7.988
114,56,7.984
116,56,7.980
118,56,7.964
120,56,7.979
122,56,8.000
124,56,7.926
126,56,7.959
128,56,7.921
130,56,7.905
132,56,7.807
134,56,7.853
136,56,7.768
138,56,7.691
140,56,7.661
142,56,7.572
144,56,7.563
146,56,7.562
148,56,7.570
150,56,7.627
150,58,7.623
148,58,7.600
146,58,7.499
144,58,7.495
142,58,7.482
140,58,7.544
138,58,7.665
136,58,7.725
134,58,7.695
132,58,7.754
130,58,7.842
128,58,7.944
126,58,7.937
124,58,7.933
122,58,7.941
120,58,7.934
118,58,7.903
116,58,7.835
114,58,7.643
112,58,7.428
110,58,7.241
108,58,7.165
106,58,7.070
104,58,7.075
102,58,7.134
100,58,7.236
98,58,7.329
96,58,7.380
94,58,7.415
92,58,7.416
90,58,7.402
88,58,7.381
86,58,7.347
84,58,7.311
82,58,7.283
80,58,7.270
78,58,7.267
76,58,7.255
74,58,7.250
72,58,7.234
70,58,7.197
68,58,7.137
66,58,7.074
64,58,7.011
62,58,6.936
60,58,6.860
58,58,6.827
56,58,6.817
54,58,6.835
52,58,6.888
50,58,6.962
48,58,7.029
46,58,7.045
44,58,6.999
42,58,6.923
40,58,6.841
38,58,6.753
36,58,6.677
34,58,6.658
32,58,6.688
30,58,6.747
28,58,6.779
26,58,6.740
24,58,6.584
22,58,6.352
20,58,6.240
18,58,6.333
16,58,6.505
14,58,6.615
12,58,6.647
10,58,6.649
8,58,6.652
6,58,6.679
4,58,6.714
2,58,6.718
0,58,6.695
0,60,6.448
2,60,6.466
4,60,6.483
6,60,6.502
8,60,6.519
10,60,6.536
12,60,6.552
14,60,6.554
16,60,6.542
18,60,6.542
20,60,6.551
22,60,6.586
24,60,6.607
26,60,6.609
28,60,6.567
30,60,6.482
32,60,6.397
34,60,6.421
36,60,6.571
38,60,6.761
40,60,6.880
42,60,6.921
44,60,6.911
46,60,6.877
48,60,6.857
50,60,6.874
52,60,6.928
54,60,6.998
56,60,7.062
58,60,7.133
60,60,7.187
62,60,7.184
64,60,7.130
66,60,7.075
68,60,7.049
70,60,7.070
72,60,7.109
74,60,7.151
76,60,7.188
78,60,7.229
80,60,7.268
82,60,7.320
84,60,7.380
86,60,7.454
88,60,7.535
90,60,7.505
92,60,7.645
94,60,7.681
96,60,7.752
98,60,7.806
100,60,7.848
102,60,7.843
104,60,7.861
106,60,7.827
108,60,7.750
110,60,7.579
112,60,7.372
114,60,7.134
116,60,7.065
118,60,7.111
120,60,6.975
122,60,7.067
124,60,7.150
126,60,7.221
128,60,7.247
130,60,7.289
132,60,7.269
134,60,7.278
136,60,7.251
138,60,7.295
140,60,7.406
142,60,7.464
144,60,7.491
146,60,7.638
148,60,7.668
150,60,7.690
150,62,7.580
148,62,7.410
146,62,7.415
144,62,7.359
142,62,7.080
140,62,7.027
138,62,6.975
136,62,7.008
134,62,6.994
132,62,7.022
130,62,7.207
128,62,7.270
126,62,7.353
124,62,7.476
122,62,7.525
120,62,7.482
118,62,7.413
116,62,7.167
114,62,6.928
112,62,6.621
110,62,6.347
108,62,6.285
106,62,6.239
104,62,6.076
102,62,6.185
100,62,6.502
98,62,6.795
96,62,6.984
94,62,7.025
92,62,7.026
90,62,6.996
88,62,6.965
86,62,6.920
84,62,6.881
82,62,6.844
80,62,6.803
78,62,6.783
76,62,6.759
74,62,6.737
72,62,6.712
70,62,6.661
68,62,6.570
66,62,6.400
64,62,6.167
62,62,5.961
60,62,5.857
58,62,5.885
56,62,6.030
54,62,6.261
52,62,6.483
50,62,6.627
48,62,6.673
46,62,6.634
44,62,6.519
42,62,6.377
40,62,6.211
38,62,6.054
36,62,5.989
34,62,6.021
32,62,6.124
30,62,6.209
28,62,6.112
26,62,5.612
24,62,4.815
22,62,4.309
20,62,4.417
18,62,5.004
16,62,5.639
14,62,5.912
12,62,5.954
10,62,5.961
8,62,5.984
6,62,6.016
4,62,6.020
2,62,5.952
0,62,5.832
0,64,5.605
2,64,5.644
4,64,5.704
6,64,5.790
8,64,5.864
10,64,5.918
12,64,5.942
14,64,5.948
16,64,5.939
18,64,5.929
20,64,5.931
22,64,5.939
24,64,5.936
26,64,5.890
28,64,5.686
30,64,5.262
32,64,4.782
34,64,4.533
36,64,4.695
38,64,5.231
40,64,5.872
42,64,6.236
44,64,6.321
46,64,6.266
48,64,6.183
50,64,6.139
52,64,6.174
54,64,6.298
56,64,6.461
58,64,6.612
60,64,6.739
62,64,6.809
64,64,6.794
66,64,6.700
68,64,6.533
70,64,6.345
72,64,6.218
74,64,6.200
76,64,6.313
78,64,6.545
80,64,6.725
82,64,6.899
84,64,7.086
86,64,7.064
88,64,7.296
90,64,7.370
92,64,7.435
94,64,7.476
96,64,7.512
98,64,7.579
100,64,7.606
102,64,7.597
104,64,7.545
106,64,7.407
108,64,7.200
110,64,6.682
112,64,5.955
114,64,5.504
116,64,4.992
118,64,5.121
120,64,4.865
122,64,5.311
124,64,5.821
126,64,6.265
128,64,6.636
130,64,6.688
132,64,7.082
134,64,7.132
136,64,7.008
138,64,7.146
140,64,7.202
142,64,7.342
144,64,7.336
146,64,7.492
148,64,7.546
150,64,7.580
150,66,7.536
148,66,7.426
146,66,7.349
144,66,7.272
142,66,7.237
140,66,7.076
138,66,7.020
136,66,6.827
134,66,6.726
132,66,6.476
130,66,6.605
128,66,6.634
126,66,6.597
124,66,6.666
122,66,6.589
120,66,6.523
118,66,6.612
116,66,6.493
114,66,6.090
112,66,6.145
110,66,6.172
108,66,6.163
106,66,6.290
104,66,6.279
102,66,6.758
100,66,6.876
98,66,6.734
96,66,6.794
94,66,6.897
92,66,6.867
90,66,6.744
88,66,6.666
86,66,6.600
84,66,6.537
82,66,6.473
80,66,6.410
78,66,6.377
76,66,6.327
74,66,6.284
72,66,6.226
70,66,6.142
68,66,6.024
66,66,5.834
64,66,5.596
62,66,5.402
60,66,5.327
58,66,5.391
56,66,5.581
54,66,5.820
52,66,6.005
50,66,6.079
48,66,6.077
46,66,6.008
44,66,5.901
42,66,5.790
40,66,5.654
38,66,5.517
36,66,5.451
34,66,5.467
32,66,5.513
30,66,5.469
28,66,5.070
26,66,4.194
24,66,3.320
22,66,3.007
20,66,3.373
18,66,4.234
16,66,5.085
14,66,5.455
12,66,5.515
10,66,5.507
8,66,5.533
6,66,5.598
4,66,5.608
2,66,5.487
0,66,5.285
0,68,5.148
2,68,5.203
4,68,5.280
6,68,5.375
8,68,5.471
10,68,5.543
12,68,5.559
14,68,5.536
16,68,5.497
18,68,5.471
20,68,5.478
22,68,5.494
24,68,5.499
26,68,5.424
28,68,5.103
30,68,4.447
32,68,3.698
34,68,3.196
36,68,3.123
38,68,3.583
40,68,4.462
42,68,5.291
44,68,5.691
46,68,5.738
48,68,5.672
50,68,5.626
52,68,5.652
54,68,5.780
56,68,5.958
58,68,6.119
60,68,6.262
62,68,6.361
64,68,6.383
66,68,6.314
68,68,6.117
70,68,5.850
72,68,5.625
74,68,5.570
76,68,5.720
78,68,6.041
80,68,6.494
82,68,6.658
84,68,6.887
86,68,7.112
88,68,7.193
90,68,7.218
92,68,7.339
94,68,7.410
96,68,7.411
98,68,7.409
100,68,7.369
102,68,7.307
104,68,7.217
106,68,7.082
108,68,6.885
110,68,6.597
112,68,5.940
114,68,5.534
116,68,4.943
118,68,4.787
120,68,4.917
122,68,5.255
124,68,5.847
126,68,6.285
128,68,6.567
130,68,6.931
132,68,6.995
134,68,7.187
136,68,7.221
138,68,7.256
140,68,7.206
142,68,7.301
144,68,7.343
146,68,7.359
148,68,7.386
150,68,7.409
150,70,7.257
148,70,7.274
146,70,7.255
144,70,7.209
142,70,7.199
140,70,7.079
138,70,7.030
136,70,6.939
134,70,6.891
132,70,6.432
130,70,6.251
128,70,6.383
126,70,6.160
124,70,6.097
122,70,6.182
120,70,6.145
118,70,6.016
116,70,6.149
114,70,6.500
112,70,6.610
110,70,6.652
108,70,6.825
106,70,6.883
104,70,7.003
102,70,7.066
100,70,6.904
98,70,6.851
96,70,6.702
94,70,6.374
92,70,6.094
90,70,6.009
88,70,6.003
86,70,5.883
84,70,5.814
82,70,5.748
80,70,5.697
78,70,5.624
76,70,5.525
74,70,5.428
72,70,5.329
70,70,5.196
68,70,5.056
66,70,4.911
64,70,4.771
62,70,4.659
60,70,4.621
58,70,4.661
56,70,4.726
54,70,4.771
52,70,4.752
50,70,4.681
48,70,4.611
46,70,4.585
44,70,4.539
42,70,4.494
40,70,4.484
38,70,4.450
36,70,4.388
34,70,4.327
32,70,4.291
30,70,4.251
28,70,4.059
26,70,3.618
24,70,3.144
22,70,3.028
20,70,3.432
18,70,4.130
16,70,4.662
14,70,4.884
12,70,4.861
10,70,4.726
8,70,4.653
6,70,4.789
4,70,4.982
2,70,4.990
0,70,4.833
0,72,4.478
2,72,4.538
4,72,4.640
6,72,4.735
8,72,4.803
10,72,4.816
12,72,4.755
14,72,4.640
16,72,4.582
18,72,4.605
20,72,4.708
22,72,4.837
24,72,4.915
26,72,4.886
28,72,4.688
30,72,4.254
32,72,3.617
34,72,3.065
36,72,2.894
38,72,3.165
40,72,3.748
42,72,4.301
44,72,4.612
46,72,4.725
48,72,4.797
50,72,4.852
52,72,4.941
54,72,5.032
56,72,5.118
58,72,5.183
60,72,5.254
62,72,5.344
64,72,5.416
66,72,5.448
68,72,5.442
70,72,5.389
72,72,5.284
74,72,5.463
76,72,5.885
78,72,6.203
80,72,6.438
82,72,6.691
84,72,6.852
86,72,7.031
88,72,7.070
90,72,7.048
92,72,7.018
94,72,6.952
96,72,6.961
98,72,6.691
100,72,6.693
102,72,6.479
104,72,6.164
106,72,6.039
108,72,5.811
110,72,5.707
112,72,5.631
114,72,5.631
116,72,5.582
118,72,5.925
120,72,5.912
122,72,6.390
124,72,6.438
126,72,6.825
128,72,6.929
130,72,7.009
132,72,7.099
134,72,7.129
136,72,7.127
138,72,7.095
140,72,7.067
142,72,7.043
144,72,6.979
146,72,6.815
148,72,7.026
150,72,7.043
150,74,6.687
148,74,6.775
146,74,6.757
144,74,6.769
142,74,6.764
140,74,6.760
138,74,6.797
136,74,6.656
134,74,6.610
132,74,6.658
130,74,6.619
128,74,6.537
126,74,6.185
124,74,5.458
122,74,5.286
120,74,5.135
118,74,5.006
116,74,4.946
114,74,5.141
112,74,5.496
110,74,5.793
108,74,5.829
106,74,6.269
104,74,6.315
102,74,6.225
100,74,6.097
98,74,5.905
96,74,5.277
94,74,5.098
92,74,4.659
90,74,4.283
88,74,4.097
86,74,4.173
84,74,4.022
82,74,3.949
80,74,3.881
78,74,3.776
76,74,3.633
74,74,3.448
72,74,3.286
70,74,3.111
68,74,2.944
66,74,2.775
64,74,2.678
62,74,2.573
60,74,2.552
58,74,2.595
56,74,2.680
54,74,2.720
52,74,2.708
50,74,2.672
48,74,2.594
46,74,2.563
44,74,2.563
42,74,2.636
40,74,2.661
38,74,2.672
36,74,2.666
34,74,2.689
32,74,2.751
30,74,2.830
28,74,2.864
26,74,2.809
24,74,2.736
22,74,2.762
20,74,2.936
18,74,3.138
16,74,3.336
14,74,3.416
12,74,3.278
10,74,3.077
8,74,3.046
6,74,3.258
4,74,3.551
2,74,3.638
0,74,3.522
0,76,3.229
2,76,3.266
4,76,3.321
6,76,3.396
8,76,3.443
10,76,3.430
12,76,3.322
14,76,3.145
16,76,3.013
18,76,3.010
20,76,3.104
22,76,3.267
24,76,3.404
26,76,3.483
28,76,3.453
30,76,3.342
32,76,3.191
34,76,3.019
36,76,2.947
38,76,3.022
40,76,3.178
42,76,3.277
44,76,3.314
46,76,3.298
48,76,3.293
50,76,3.301
52,76,3.317
54,76,3.321
56,76,3.312
58,76,3.291
60,76,3.280
62,76,3.331
64,76,3.437
66,76,3.548
68,76,3.631
70,76,3.736
72,76,3.748
74,76,3.662
76,76,4.538
78,76,4.871
80,76,4.645
82,76,5.432
84,76,5.740
86,76,5.878
88,76,5.933
90,76,5.987
92,76,5.896
94,76,5.407
96,76,4.935
98,76,4.395
100,76,4.154
102,76,3.926
104,76,3.589
106,76,3.606
108,76,3.715
110,76,4.035
112,76,4.531
114,76,5.139
116,76,5.384
118,76,5.724
120,76,5.990
122,76,6.009
124,76,6.119
126,76,6.140
128,76,6.189
130,76,6.219
132,76,6.228
134,76,6.201
136,76,6.235
138,76,6.128
140,76,5.829
142,76,5.901
144,76,5.847
146,76,5.739
148,76,5.681
150,76,5.500
150,78,4.985
148,78,5.419
146,78,5.437
144,78,5.520
142,78,5.508
140,78,5.605
138,78,5.647
136,78,5.622
134,78,5.619
132,78,5.540
130,78,5.471
128,78,5.400
126,78,5.000
124,78,4.732
122,78,4.586
120,78,4.114
118,78,4.054
116,78,3.540
114,78,3.246
112,78,3.333
110,78,3.278
108,78,3.534
106,78,4.031
104,78,3.870
102,78,4.564
100,78,4.571
98,78,4.388
96,78,4.284
94,78,4.146
92,78,3.601
90,78,3.638
88,78,3.639
86,78,2.996
84,78,2.714
82,78,2.745
80,78,2.363
78,78,2.237
76,78,2.140
74,78,1.977
72,78,1.874
70,78,1.782
68,78,1.691
66,78,1.597
64,78,1.506
62,78,1.464
60,78,1.490
58,78,1.589
56,78,1.729
54,78,1.849
52,78,1.906
50,78,1.919
48,78,1.935
46,78,1.976
44,78,2.032
42,78,2.080
40,78,2.108
38,78,2.098
36,78,2.090
34,78,2.109
32,78,2.169
30,78,2.238
28,78,2.274
26,78,2.253
24,78,2.243
22,78,2.360
20,78,2.576
18,78,2.775
16,78,2.904
14,78,2.902
12,78,2.766
10,78,2.649
8,78,2.726
6,78,2.950
4,78,3.173
2,78,3.232
0,78,3.246
0,80,3.381
2,80,3.391
4,80,3.382
6,80,3.354
8,80,3.322
10,80,3.256
12,80,3.127
14,80,2.962
16,80,2.789
18,80,2.658
20,80,2.636
22,80,2.689
24,80,2.798
26,80,2.850
28,80,2.813
30,80,2.695
32,80,2.545
34,80,2.381
36,80,2.266
38,80,2.240
40,80,2.264
42,80,2.274
44,80,2.253
46,80,2.208
48,80,2.174
50,80,2.169
52,80,2.164
54,80,2.155
56,80,2.109
58,80,2.052
60,80,1.999
62,80,1.992
64,80,2.045
66,80,2.166
68,80,2.596
70,80,2.841
72,80,2.700
74,80,2.916
76,80,3.488
78,80,3.905
80,80,4.049
82,80,4.176
84,80,4.340
86,80,4.251
88,80,4.048
90,80,3.548
92,80,3.413
94,80,2.926
96,80,2.408
98,80,2.187
100,80,1.937
102,80,1.688
104,80,2.035
106,80,2.537
108,80,2.518
110,80,3.468
112,80,3.738
114,80,4.138
116,80,4.367
118,80,4.659
120,80,4.694
122,80,4.663
124,80,4.684
126,80,4.672
128,80,4.709
130,80,4.627
132,80,4.367
134,80,4.508
136,80,4.612
138,80,4.380
140,80,4.433
142,80,4.095
144,80,3.715
146,80,3.453
148,80,3.469
150,80,3.517
150,82,3.202
148,82,3.174
146,82,3.344
144,82,3.847
142,82,3.443
140,82,4.007
138,82,4.340
136,82,4.435
134,82,4.562
132,82,4.548
130,82,4.486
128,82,4.385
126,82,4.259
124,82,4.128
122,82,4.054
120,82,3.729
118,82,3.400
116,82,3.024
114,82,2.779
112,82,2.624
110,82,2.461
108,82,2.586
106,82,3.276
104,82,3.060
102,82,3.500
100,82,3.584
98,82,4.045
96,82,4.020
94,82,4.081
92,82,4.119
90,82,4.164
88,82,4.083
86,82,3.760
84,82,3.643
82,82,3.398
80,82,3.209
78,82,2.786
76,82,2.587
74,82,2.480
72,82,2.453
70,82,2.441
68,82,2.430
66,82,2.408
64,82,2.379
62,82,2.409
60,82,2.489
58,82,2.638
56,82,2.781
54,82,2.903
52,82,2.962
50,82,2.962
48,82,2.941
46,82,2.934
44,82,2.991
42,82,3.067
40,82,3.115
38,82,3.136
36,82,3.185
34,82,3.250
32,82,3.259
30,82,3.192
28,82,2.944
26,82,2.695
24,82,2.702
22,82,2.989
20,82,3.435
18,82,3.770
16,82,3.881
14,82,3.906
12,82,3.830
10,82,3.738
8,82,3.723
6,82,3.845
4,82,3.987
2,82,4.087
0,82,4.110
0,84,4.332
2,84,4.362
4,84,4.357
6,84,4.306
8,84,4.211
10,84,4.107
12,84,3.977
14,84,3.846
16,84,3.747
18,84,3.684
20,84,3.670
22,84,3.719
24,84,3.729
26,84,3.698
28,84,3.630
30,84,3.502
32,84,3.230
34,84,2.876
36,84,2.593
38,84,2.483
40,84,2.566
42,84,2.726
44,84,2.794
46,84,2.767
48,84,2.714
50,84,2.677
52,84,2.666
54,84,2.658
56,84,2.643
58,84,2.607
60,84,2.564
62,84,2.578
64,84,2.644
66,84,2.935
68,84,3.585
70,84,3.546
72,84,3.956
74,84,4.104
76,84,4.110
78,84,4.221
80,84,4.207
82,84,3.827
84,84,3.248
86,84,2.986
88,84,3.511
90,84,2.886
92,84,2.637
94,84,2.386
96,84,2.426
98,84,2.312
100,84,2.474
102,84,2.541
104,84,2.826
106,84,3.411
108,84,3.659
110,84,4.062
112,84,4.226
114,84,4.626
116,84,4.665
118,84,4.601
120,84,4.532
122,84,4.453
124,84,4.242
126,84,4.183
128,84,4.250
130,84,4.090
132,84,3.581
134,84,3.484
136,84,2.986
138,84,3.019
140,84,2.921
142,84,2.874
144,84,2.770
146,84,2.882
148,84,2.829
150,84,2.979
150,86,3.228
148,86,3.143
146,86,3.186
144,86,3.362
142,86,3.618
140,86,3.635
138,86,4.080
136,86,4.358
134,86,4.661
132,86,4.864
130,86,4.911
128,86,5.062
126,86,5.053
124,86,5.005
122,86,4.894
120,86,4.641
118,86,4.432
116,86,4.433
114,86,4.257
112,86,3.720
110,86,3.746
108,86,3.762
106,86,3.641
104,86,3.676
102,86,4.113
100,86,4.096
98,86,4.482
96,86,4.811
94,86,4.852
92,86,5.259
90,86,5.340
88,86,5.391
86,86,5.415
84,86,5.248
82,86,5.277
80,86,4.907
78,86,4.166
76,86,3.932
74,86,3.611
72,86,3.621
70,86,3.727
68,86,3.842
66,86,3.977
64,86,4.127
62,86,4.283
60,86,4.449
58,86,4.576
56,86,4.644
54,86,4.650
52,86,4.556
50,86,4.346
48,86,4.157
46,86,4.084
44,86,4.169
42,86,4.377
40,86,4.630
38,86,4.817
36,86,4.892
34,86,4.856
32,86,4.594
30,86,4.087
28,86,3.519
26,86,3.276
24,86,3.513
22,86,4.080
20,86,4.729
18,86,5.121
16,86,5.225
14,86,5.190
12,86,4.951
10,86,4.652
8,86,4.499
6,86,4.621
4,86,4.964
2,86,5.295
0,86,5.272
0,88,5.401
2,88,5.512
4,88,5.577
6,88,5.553
8,88,5.381
10,88,5.112
12,88,4.822
14,88,4.586
16,88,4.479
18,88,4.503
20,88,4.643
22,88,4.834
24,88,4.961
26,88,5.001
28,88,4.968
30,88,4.829
32,88,4.459
34,88,3.877
36,88,3.349
38,88,3.042
40,88,3.059
42,88,3.422
44,88,3.894
46,88,4.205
48,88,4.320
50,88,4.304
52,88,4.244
54,88,4.114
56,88,3.958
58,88,3.826
60,88,3.856
62,88,4.046
64,88,4.710
66,88,5.304
68,88,5.773
70,88,5.919
72,88,5.928
74,88,5.898
76,88,5.650
78,88,5.414
80,88,4.903
82,88,4.705
84,88,4.362
86,88,3.832
88,88,3.686
90,88,3.500
92,88,3.649
94,88,3.848
96,88,3.717
98,88,4.227
100,88,4.917
102,88,5.068
104,88,5.187
106,88,5.278
108,88,5.517
110,88,5.684
112,88,5.748
114,88,5.800
116,88,5.813
118,88,5.794
120,88,5.530
122,88,5.309
124,88,4.915
126,88,5.164
128,88,4.885
130,88,4.456
132,88,4.116
134,88,4.403
136,88,4.307
138,88,4.016
140,88,3.932
142,88,3.893
144,88,3.993
146,88,4.157
148,88,4.254
150,88,4.488
150,90,4.982
148,90,4.945
146,90,4.738
144,90,4.609
142,90,4.677
140,90,4.928
138,90,4.802
136,90,5.297
134,90,5.589
132,90,5.905
130,90,6.091
128,90,6.192
126,90,6.326
124,90,6.433
122,90,6.438
120,90,6.432
118,90,6.416
116,90,6.350
114,90,6.155
112,90,6.163
110,90,5.857
108,90,5.543
106,90,5.454
104,90,5.197
102,90,5.165
100,90,5.097
98,90,5.164
96,90,4.969
94,90,4.963
92,90,4.911
90,90,4.912
88,90,4.879
86,90,4.818
84,90,5.196
82,90,5.476
80,90,5.354
78,90,5.028
76,90,4.844
74,90,4.707
72,90,4.424
70,90,4.492
68,90,4.796
66,90,5.112
64,90,5.375
62,90,5.612
60,90,5.795
58,90,5.897
56,90,5.914
54,90,5.808
52,90,5.565
50,90,5.250
48,90,5.022
46,90,5.006
44,90,5.191
42,90,5.522
40,90,5.867
38,90,6.091
36,90,6.140
34,90,5.997
32,90,5.614
30,90,5.047
28,90,4.582
26,90,4.545
24,90,4.966
22,90,5.626
20,90,6.170
18,90,6.370
16,90,6.401
14,90,6.269
12,90,5.922
10,90,5.544
8,90,5.418
6,90,5.646
4,90,6.108
2,90,6.467
0,90,6.373
0,92,6.502
2,92,6.580
4,92,6.667
6,92,6.660
8,92,6.503
10,92,6.222
12,92,5.900
14,92,5.604
16,92,5.406
18,92,5.401
20,92,5.539
22,92,5.815
24,92,6.061
26,92,6.196
28,92,6.197
30,92,6.106
32,92,5.830
34,92,5.272
36,92,4.632
38,92,4.140
40,92,4.005
42,92,4.285
44,92,4.826
46,92,5.340
48,92,5.658
50,92,5.740
52,92,5.655
54,92,5.421
56,92,5.113
58,92,4.896
60,92,5.068
62,92,5.378
64,92,6.194
66,92,6.516
68,92,6.970
70,92,7.096
72,92,7.132
74,92,6.917
76,92,6.701
78,92,6.274
80,92,5.764
82,92,5.007
84,92,4.564
86,92,4.219
88,92,4.064
90,92,4.351
92,92,4.610
94,92,4.909
96,92,5.002
98,92,5.207
100,92,5.572
102,92,5.920
104,92,6.246
106,92,6.470
108,92,6.635
110,92,6.628
112,92,6.646
114,92,6.543
116,92,6.575
118,92,6.609
120,92,6.389
122,92,6.387
124,92,5.994
126,92,5.734
128,92,5.657
130,92,5.760
132,92,5.708
134,92,5.499
136,92,5.518
138,92,5.559
140,92,5.511
142,92,5.874
144,92,5.870
146,92,5.890
148,92,6.062
150,92,6.174
150,94,6.624
148,94,6.540
146,94,6.500
144,94,6.108
142,94,6.169
140,94,6.079
138,94,5.998
136,94,6.061
134,94,6.341
132,94,6.507
130,94,6.735
128,94,6.848
126,94,7.039
124,94,7.244
122,94,7.272
120,94,7.366
118,94,7.365
116,94,7.349
114,94,7.292
112,94,7.160
110,94,6.945
108,94,6.759
106,94,6.550
104,94,6.445
102,94,6.138
100,94,5.856
98,94,5.514
96,94,5.074
94,94,4.548
92,94,4.101
90,94,3.689
88,94,3.478
86,94,4.503
84,94,4.831
82,94,5.430
80,94,5.784
78,94,5.935
76,94,5.864
74,94,5.791
72,94,5.802
70,94,6.059
68,94,6.159
66,94,6.312
64,94,6.448
62,94,6.600
60,94,6.719
58,94,6.725
56,94,6.664
54,94,6.498
52,94,6.263
50,94,6.040
48,94,5.947
46,94,6.070
44,94,6.357
42,94,6.675
40,94,6.908
38,94,7.017
36,94,7.032
34,94,6.941
32,94,6.707
30,94,6.394
28,94,6.220
26,94,6.333
24,94,6.666
22,94,7.000
20,94,7.155
18,94,7.200
16,94,7.202
14,94,7.126
12,94,6.932
10,94,6.726
8,94,6.688
6,94,6.884
4,94,7.147
2,94,7.298
0,94,7.239
0,96,7.328
2,96,7.358
4,96,7.389
6,96,7.379
8,96,7.333
10,96,7.222
12,96,7.035
14,96,6.827
16,96,6.657
18,96,6.650
20,96,6.721
22,96,6.881
24,96,7.021
26,96,7.076
28,96,7.077
30,96,7.043
32,96,6.960
34,96,6.741
36,96,6.356
38,96,5.910
40,96,5.685
42,96,5.807
44,96,6.155
46,96,6.495
48,96,6.732
50,96,6.802
52,96,6.764
54,96,6.622
56,96,6.495
58,96,7.103
60,96,6.778
62,96,6.338
64,96,6.297
66,96,7.139
68,96,7.523
70,96,7.608
72,96,7.532
74,96,7.401
76,96,7.005
78,96,6.652
80,96,5.792
82,96,5.426
84,96,5.081
86,96,5.098
88,96,4.831
90,96,4.742
92,96,4.639
94,96,5.395
96,96,5.199
98,96,5.411
100,96,5.843
102,96,6.068
104,96,5.820
106,96,5.840
108,96,5.978
110,96,6.356
112,96,6.350
114,96,6.511
116,96,6.610
118,96,6.693
120,96,6.273
122,96,6.577
124,96,6.677
126,96,6.631
128,96,6.720
130,96,6.769
132,96,6.662
134,96,6.683
136,96,6.756
138,96,6.932
140,96,6.836
142,96,6.956
144,96,7.059
146,96,7.190
148,96,7.257
150,96,7.330
150,98,7.444
148,98,7.418
146,98,7.344
144,98,7.340
142,98,7.220
140,98,6.902
138,98,6.947
136,98,6.986
134,98,6.923
132,98,6.894
130,98,6.976
128,98,7.108
126,98,7.315
124,98,7.446
122,98,7.471
120,98,7.575
118,98,7.674
116,98,7.645
114,98,7.639
112,98,7.514
110,98,7.338
108,98,7.128
106,98,6.898
104,98,6.804
102,98,6.538
100,98,6.346
98,98,6.294
96,98,6.095
94,98,5.555
92,98,4.975
90,98,4.512
88,98,4.223
86,98,4.823
84,98,5.627
82,98,6.146
80,98,6.744
78,98,7.036
76,98,7.130
74,98,7.132
72,98,7.206
70,98,7.287
68,98,7.352
66,98,7.421
64,98,7.481
62,98,7.442
60,98,7.354
58,98,7.214
56,98,7.072
54,98,6.942
52,98,6.836
50,98,6.805
48,98,6.880
46,98,7.060
44,98,7.248
42,98,7.375
40,98,7.439
38,98,7.462
36,98,7.464
34,98,7.442
32,98,7.388
30,98,7.322
28,98,7.308
26,98,7.366
24,98,7.456
22,98,7.524
20,98,7.555
18,98,7.571
16,98,7.571
14,98,7.549
12,98,7.508
10,98,7.462
8,98,7.457
6,98,7.513
4,98,7.582
2,98,7.606
0,98,7.597
0,100,7.621
2,100,7.627
4,100,7.627
6,100,7.625
8,100,7.611
10,100,7.584
12,100,7.542
14,100,7.487
16,100,7.441
18,100,7.429
20,100,7.449
22,100,7.485
24,100,7.511
26,100,7.528
28,100,7.531
30,100,7.517
32,100,7.487
34,100,7.435
36,100,7.352
38,100,7.229
40,100,7.121
42,100,7.095
44,100,7.180
46,100,7.293
48,100,7.369
50,100,7.393
52,100,7.398
54,100,7.488
56,100,7.564
58,100,7.538
60,100,7.587
62,100,7.521
64,100,7.593
66,100,7.649
68,100,7.654
70,100,7.601
72,100,7.583
74,100,7.537
76,100,7.172
78,100,6.939
80,100,6.801
82,100,6.638
84,100,6.581
86,100,6.587
88,100,6.643
90,100,6.516
92,100,6.309
94,100,6.096
96,100,5.835
98,100,5.891
100,100,5.987
102,100,6.367
104,100,6.567
106,100,7.109
108,100,7.465
110,100,7.441
112,100,7.067
114,100,7.027
116,100,6.984
118,100,6.964
120,100,6.960
122,100,7.076
124,100,7.189
126,100,7.355
128,100,7.373
130,100,7.457
132,100,7.450
134,100,7.555
136,100,7.557
138,100,7.617
140,100,7.707
142,100,7.702
144,100,7.749
146,100,7.763
148,100,7.782
150,100,7.763
150,102,7.849
148,102,7.858
146,102,7.830
144,102,7.825
142,102,7.801
140,102,7.729
138,102,7.561
136,102,7.498
134,102,7.378
132,102,7.355
130,102,7.404
128,102,7.386
126,102,7.454
124,102,7.571
122,102,7.692
120,102,7.747
118,102,7.698
116,102,7.791
114,102,7.875
112,102,7.885
110,102,7.889
108,102,7.868
106,102,7.883
104,102,7.888
102,102,7.843
100,102,7.770
98,102,7.694
96,102,7.299
94,102,6.906
92,102,6.565
90,102,5.744
88,102,5.422
86,102,5.809
84,102,6.279
82,102,6.857
80,102,7.377
78,102,7.615
76,102,7.786
74,102,7.836
72,102,7.839
70,102,7.916
68,102,7.826
66,102,7.709
64,102,7.659
62,102,7.586
60,102,7.504
58,102,7.378
56,102,7.247
54,102,7.149
52,102,7.132
50,102,7.205
48,102,7.332
46,102,7.463
44,102,7.544
42,102,7.583
40,102,7.601
38,102,7.605
36,102,7.604
34,102,7.602
32,102,7.595
30,102,7.592
28,102,7.598
26,102,7.611
24,102,7.627
22,102,7.637
20,102,7.646
18,102,7.653
16,102,7.652
14,102,7.644
12,102,7.628
10,102,7.595
8,102,7.565
6,102,7.571
4,102,7.615
2,102,7.656
0,102,7.673
0,104,7.677
2,104,7.679
4,104,7.672
6,104,7.660
8,104,7.640
10,104,7.610
12,104,7.580
14,104,7.559
16,104,7.556
18,104,7.574
20,104,7.599
22,104,7.617
24,104,7.626
26,104,7.630
28,104,7.632
30,104,7.627
32,104,7.621
34,104,7.612
36,104,7.598
38,104,7.581
40,104,7.565
42,104,7.561
44,104,7.572
46,104,7.594
48,104,7.619
50,104,7.629
52,104,7.656
54,104,7.802
56,104,7.904
58,104,7.928
60,104,7.912
62,104,7.864
64,104,7.757
66,104,7.675
68,104,7.723
70,104,7.601
72,104,7.478
74,104,7.442
76,104,7.488
78,104,7.474
80,104,7.566
82,104,7.770
84,104,7.768
86,104,7.776
88,104,7.785
90,104,7.774
92,104,7.747
94,104,7.609
96,104,7.298
98,104,7.252
100,104,7.039
102,104,7.165
104,104,7.107
106,104,7.489
108,104,7.473
110,104,7.512
112,104,7.502
114,104,7.344
116,104,7.315
118,104,7.326
120,104,7.513
122,104,7.465
124,104,7.637
126,104,7.721
128,104,7.721
130,104,7.799
132,104,7.875
134,104,7.934
136,104,7.944
138,104,7.953
140,104,7.973
142,104,7.990
144,104,7.982
146,104,7.995
148,104,7.982
150,104,7.977
150,106,8.018
148,106,8.021
146,106,8.041
144,106,8.020
142,106,8.011
140,106,7.999
138,106,7.982
136,106,7.915
134,106,7.844
132,106,7.839
130,106,7.813
128,106,7.607
126,106,7.564
124,106,7.532
122,106,7.645
120,106,7.573
118,106,7.655
116,106,7.602
114,106,7.807
112,106,7.861
110,106,7.947
108,106,7.971
106,106,8.041
104,106,8.053
102,106,8.053
100,106,7.999
98,106,7.984
96,106,7.868
94,106,7.780
92,106,7.558
90,106,7.439
88,106,7.440
86,106,7.376
84,106,7.524
82,106,7.598
80,106,7.797
78,106,7.801
76,106,8.020
74,106,8.031
72,106,8.046
70,106,8.069
68,106,8.061
66,106,8.047
64,106,7.997
62,106,7.807
60,106,7.644
58,106,7.528
56,106,7.429
54,106,7.377
52,106,7.390
50,106,7.451
48,106,7.528
46,106,7.584
44,106,7.607
42,106,7.621
40,106,7.625
38,106,7.622
36,106,7.619
34,106,7.620
32,106,7.620
30,106,7.623
28,106,7.633
26,106,7.646
24,106,7.651
22,106,7.647
20,106,7.644
18,106,7.644
16,106,7.644
14,106,7.636
12,106,7.614
10,106,7.573
8,106,7.530
6,106,7.506
4,106,7.519
2,106,7.580
0,106,7.646
0,108,7.642
2,108,7.631
4,108,7.594
6,108,7.552
8,108,7.516
10,108,7.494
12,108,7.488
14,108,7.498
16,108,7.522
18,108,7.552
20,108,7.583
22,108,7.611
24,108,7.625
26,108,7.631
28,108,7.631
30,108,7.629
32,108,7.632
34,108,7.634
36,108,7.637
38,108,7.635
40,108,7.631
42,108,7.636
44,108,7.641
46,108,7.648
48,108,7.679
50,108,7.803
52,108,7.880
54,108,7.966
56,108,8.054
58,108,8.062
60,108,8.051
62,108,7.955
64,108,7.849
66,108,7.614
68,108,7.597
70,108,7.440
72,108,7.536
74,108,7.576
76,108,7.667
78,108,7.774
80,108,7.966
82,108,7.997
84,108,8.010
86,108,8.026
88,108,8.031
90,108,8.025
92,108,8.000
94,108,7.938
96,108,7.872
98,108,7.722
100,108,7.677
102,108,7.548
104,108,7.567
106,108,7.565
108,108,7.542
110,108,7.625
112,108,7.591
114,108,7.601
116,108,7.753
118,108,7.756
120,108,7.772
122,108,7.764
124,108,7.865
126,108,7.955
128,108,7.989
130,108,8.034
132,108,8.055
134,108,8.055
136,108,8.064
138,108,8.062
140,108,8.061
142,108,8.053
144,108,8.047
146,108,8.057
148,108,8.020
150,108,8.001
150,110,7.936
148,110,8.032
146,110,8.060
144,110,8.055
142,110,8.075
140,110,8.072
138,110,8.061
136,110,8.027
134,110,7.992
132,110,7.981
130,110,7.943
128,110,7.811
126,110,7.774
124,110,7.685
122,110,7.681
120,110,7.563
118,110,7.544
116,110,7.679
114,110,7.753
112,110,7.760
110,110,7.840
108,110,7.899
106,110,8.046
104,110,8.064
102,110,8.092
100,110,8.094
98,110,8.092
96,110,8.060
94,110,7.983
92,110,7.945
90,110,7.892
88,110,7.813
86,110,7.592
84,110,7.600
82,110,7.597
80,110,7.719
78,110,7.854
76,110,7.916
74,110,7.997
72,110,8.025
70,110,8.062
68,110,8.092
66,110,8.077
64,110,8.043
62,110,8.010
60,110,7.936
58,110,7.771
56,110,7.654
54,110,7.572
52,110,7.567
50,110,7.587
48,110,7.603
46,110,7.617
44,110,7.636
42,110,7.643
40,110,7.644
38,110,7.640
36,110,7.636
34,110,7.630
32,110,7.624
30,110,7.625
28,110,7.636
26,110,7.646
24,110,7.637
22,110,7.609
20,110,7.585
18,110,7.583
16,110,7.592
14,110,7.580
12,110,7.550
10,110,7.504
8,110,7.407
6,110,7.231
4,110,7.145
2,110,7.269
0,110,7.508
0,112,7.535
2,112,7.478
4,112,7.355
6,112,7.219
8,112,7.119
10,112,7.089
12,112,7.146
14,112,7.282
16,112,7.407
18,112,7.480
20,112,7.520
22,112,7.548
24,112,7.570
26,112,7.580
28,112,7.578
30,112,7.578
32,112,7.594
34,112,7.617
36,112,7.638
38,112,7.646
40,112,7.645
42,112,7.645
44,112,7.663
46,112,7.674
48,112,7.771
50,112,7.918
52,112,7.979
54,112,8.091
56,112,8.100
58,112,8.086
60,112,8.016
62,112,7.965
64,112,7.890
66,112,7.712
68,112,7.504
70,112,7.484
72,112,7.561
74,112,7.741
76,112,7.880
78,112,8.026
80,112,8.043
82,112,8.053
84,112,8.080
86,112,8.074
88,112,8.075
90,112,8.052
92,112,7.974
94,112,7.895
96,112,7.904
98,112,7.794
100,112,7.646
102,112,7.619
104,112,7.604
106,112,7.610
108,112,7.758
110,112,7.813
112,112,7.856
114,112,7.820
116,112,7.902
118,112,7.982
120,112,7.976
122,112,7.966
124,112,8.001
126,112,8.038
128,112,8.063
130,112,8.076
132,112,8.073
134,112,8.081
136,112,8.051
138,112,8.051
140,112,8.017
142,112,7.981
144,112,7.922
146,112,7.907
148,112,7.910
150,112,7.782
150,114,7.797
148,114,7.803
146,114,7.933
144,114,7.993
142,114,8.007
140,114,8.022
138,114,8.052
136,114,8.072
134,114,8.060
132,114,8.059
130,114,8.066
128,114,8.045
126,114,8.025
124,114,7.946
122,114,7.860
120,114,7.636
118,114,7.584
116,114,7.574
114,114,7.632
112,114,7.653
110,114,7.786
108,114,7.884
106,114,7.807
104,114,7.904
102,114,8.006
100,114,8.022
98,114,8.019
96,114,8.078
94,114,8.048
92,114,7.945
90,114,7.951
88,114,7.850
86,114,7.992
84,114,8.001
82,114,7.798
80,114,7.613
78,114,7.694
76,114,7.843
74,114,7.924
72,114,8.020
70,114,8.034
68,114,8.078
66,114,8.080
64,114,8.092
62,114,8.078
60,114,8.049
58,114,8.015
56,114,7.951
54,114,7.814
52,114,7.686
50,114,7.622
48,114,7.602
46,114,7.629
44,114,7.667
42,114,7.683
40,114,7.674
38,114,7.663
36,114,7.654
34,114,7.647
32,114,7.632
30,114,7.625
28,114,7.630
26,114,7.620
24,114,7.573
22,114,7.499
20,114,7.454
18,114,7.469
16,114,7.507
14,114,7.512
12,114,7.484
10,114,7.398
8,114,7.125
6,114,6.805
4,114,6.738
2,114,6.981
0,114,7.385
0,116,7.479
2,116,7.363
4,116,7.161
6,116,6.932
8,116,6.759
10,116,6.694
12,116,6.763
14,116,6.964
16,116,7.215
18,116,7.389
20,116,7.461
22,116,7.491
24,116,7.506
26,116,7.505
28,116,7.487
30,116,7.474
32,116,7.496
34,116,7.556
36,116,7.620
38,116,7.676
40,116,7.713
42,116,7.745
44,116,7.761
46,116,7.862
48,116,7.979
50,116,8.092
52,116,8.106
54,116,8.107
56,116,8.086
58,116,8.033
60,116,7.881
62,116,7.677
64,116,7.476
66,116,7.427
68,116,7.463
70,116,7.614
72,116,7.795
74,116,7.944
76,116,8.026
78,116,8.050
80,116,8.074
82,116,8.087
84,116,8.062
86,116,8.036
88,116,7.988
90,116,7.961
92,116,7.876
94,116,7.757
96,116,7.686
98,116,7.666
100,116,7.627
102,116,7.694
104,116,7.805
106,116,7.835
108,116,7.709
110,116,7.836
112,116,7.953
114,116,7.978
116,116,8.065
118,116,8.071
120,116,8.067
122,116,8.064
124,116,8.061
126,116,8.068
128,116,8.077
130,116,8.033
132,116,8.005
134,116,7.990
136,116,7.910
138,116,7.913
140,116,7.862
142,116,7.932
144,116,7.768
146,116,7.761
148,116,7.678
150,116,7.625
150,118,7.647
148,118,7.646
146,118,7.728
144,118,7.809
142,118,7.914
140,118,7.914
138,118,7.966
136,118,8.012
134,118,8.076
132,118,8.087
130,118,8.089
128,118,8.092
126,118,8.091
124,118,8.065
122,118,8.010
120,118,7.902
118,118,7.888
116,118,7.790
114,118,7.659
112,118,7.631
110,118,7.594
108,118,7.709
106,118,7.799
104,118,7.880
102,118,7.867
100,118,7.968
98,118,8.037
96,118,8.062
94,118,8.073
92,118,8.084
90,118,8.094
88,118,8.090
86,118,8.052
84,118,7.868
82,118,7.862
80,118,7.783
78,118,7.643
76,118,7.619
74,118,7.656
72,118,7.723
70,118,7.889
68,118,8.057
66,118,8.084
64,118,8.086
62,118,8.083
60,118,8.046
58,118,7.912
56,118,7.727
54,118,7.288
52,118,6.955
50,118,6.900
48,118,7.067
46,118,7.371
44,118,7.570
42,118,7.652
40,118,7.676
38,118,7.671
36,118,7.664
34,118,7.648
32,118,7.636
30,118,7.635
28,118,7.635
26,118,7.603
24,118,7.529
22,118,7.447
20,118,7.412
18,118,7.450
16,118,7.512
14,118,7.532
12,118,7.509
10,118,7.391
8,118,7.059
6,118,6.749
4,118,6.712
2,118,6.900
0,118,7.299
0,120,7.473
2,120,7.341
4,120,7.142
6,120,6.922
8,120,6.978
10,120,7.051
12,120,7.176
14,120,7.327
16,120,7.520
18,120,7.539
20,120,7.529
22,120,7.523
24,120,7.519
26,120,7.498
28,120,7.448
30,120,7.410
32,120,7.421
34,120,7.485
36,120,7.583
38,120,7.633
40,120,7.681
42,120,7.779
44,120,7.934
46,120,7.986
48,120,8.070
50,120,8.098
52,120,8.107
54,120,8.056
56,120,8.002
58,120,7.847
60,120,7.494
62,120,6.974
64,120,6.712
66,120,6.813
68,120,7.165
70,120,7.605
72,120,7.836
74,120,7.974
76,120,8.068
78,120,8.091
80,120,8.088
82,120,8.059
84,120,8.014
86,120,7.923
88,120,7.804
90,120,7.677
92,120,7.659
94,120,7.666
96,120,7.625
98,120,7.623
100,120,7.730
102,120,7.786
104,120,7.901
106,120,8.015
108,120,8.001
110,120,8.059
112,120,8.082
114,120,8.084
116,120,8.088
118,120,8.079
120,120,8.082
122,120,8.066
124,120,8.071
126,120,8.065
128,120,8.002
130,120,7.974
132,120,7.926
134,120,7.918
136,120,7.835
138,120,7.676
140,120,7.618
142,120,7.599
144,120,7.567
146,120,7.586
148,120,7.614
150,120,7.670
150,122,7.612
148,122,7.626
146,122,7.584
144,122,7.692
142,122,7.695
140,122,7.775
138,122,7.812
136,122,7.906
134,122,7.982
132,122,8.028
130,122,8.040
128,122,8.062
126,122,8.085
124,122,8.089
122,122,8.085
120,122,8.065
118,122,8.016
116,122,7.944
114,122,7.860
112,122,7.737
110,122,7.673
108,122,7.702
106,122,7.617
104,122,7.691
102,122,7.711
100,122,7.772
98,122,7.878
96,122,7.969
94,122,8.026
92,122,8.077
90,122,8.094
88,122,8.096
86,122,8.085
84,122,8.069
82,122,8.030
80,122,7.951
78,122,7.820
76,122,7.694
74,122,7.716
72,122,7.617
70,122,7.698
68,122,7.808
66,122,7.900
64,122,7.972
62,122,8.000
60,122,7.933
58,122,7.750
56,122,7.346
54,122,6.913
52,122,6.512
50,122,6.520
48,122,6.835
46,122,7.280
44,122,7.519
42,122,7.659
40,122,7.693
38,122,7.693
36,122,7.682
34,122,7.659
32,122,7.644
30,122,7.643
28,122,7.645
26,122,7.606
24,122,7.535
22,122,7.476
20,122,7.461
18,122,7.507
16,122,7.566
14,122,7.591
12,122,7.602
10,122,7.624
8,122,7.648
6,122,7.665
4,122,7.673
2,122,7.674
0,122,7.681
0,124,7.680
2,124,7.681
4,124,7.681
6,124,7.680
8,124,7.677
10,124,7.676
12,124,7.670
14,124,7.659
16,124,7.639
18,124,7.618
20,124,7.597
22,124,7.584
24,124,7.576
26,124,7.552
28,124,7.502
30,124,7.461
32,124,7.455
34,124,7.497
36,124,7.567
38,124,7.647
40,124,7.795
42,124,7.954
44,124,8.000
46,124,8.009
48,124,8.100
50,124,8.109
52,124,8.072
54,124,7.992
56,124,7.818
58,124,7.444
60,124,6.842
62,124,6.141
64,124,6.013
66,124,6.420
68,124,7.047
70,124,7.484
72,124,7.843
74,124,8.021
76,124,8.071
78,124,8.090
80,124,8.038
82,124,7.936
84,124,7.887
86,124,7.877
88,124,7.786
90,124,7.668
92,124,7.587
94,124,7.598
96,124,7.677
98,124,7.770
100,124,7.882
102,124,8.030
104,124,8.044
106,124,8.047
108,124,8.064
110,124,8.075
112,124,8.091
114,124,8.083
116,124,8.052
118,124,8.055
120,124,8.070
122,124,8.015
124,124,7.953
126,124,7.854
128,124,7.850
130,124,7.867
132,124,7.822
134,124,7.707
136,124,7.661
138,124,7.594
140,124,7.611
142,124,7.600
144,124,7.579
146,124,7.601
148,124,7.656
150,124,7.700
150,126,7.852
148,126,7.688
146,126,7.664
144,126,7.631
142,126,7.581
140,126,7.636
138,126,7.648
136,126,7.703
134,126,7.863
132,126,7.906
130,126,7.940
128,126,8.019
126,126,8.081
124,126,8.085
122,126,8.085
120,126,8.078
118,126,8.087
116,126,8.058
114,126,7.957
112,126,7.886
110,126,7.832
108,126,7.751
106,126,7.714
104,126,7.621
102,126,7.617
100,126,7.698
98,126,7.778
96,126,7.810
94,126,7.996
92,126,8.009
90,126,8.029
88,126,8.058
86,126,8.085
84,126,8.082
82,126,8.048
80,126,8.022
78,126,7.996
76,126,7.942
74,126,7.771
72,126,7.608
70,126,7.627
68,126,7.681
66,126,7.795
64,126,7.849
62,126,7.865
60,126,7.734
58,126,7.411
56,126,6.827
54,126,6.300
52,126,5.919
50,126,5.908
48,126,6.400
46,126,7.029
44,126,7.432
42,126,7.622
40,126,7.676
38,126,7.683
36,126,7.668
34,126,7.636
32,126,7.617
30,126,7.629
28,126,7.644
26,126,7.623
24,126,7.578
22,126,7.551
20,126,7.560
18,126,7.594
16,126,7.621
14,126,7.629
12,126,7.638
10,126,7.650
8,126,7.665
6,126,7.675
4,126,7.683
2,126,7.683
0,126,7.681
0,128,7.678
2,128,7.685
4,128,7.686
6,128,7.683
8,128,7.681
10,128,7.678
12,128,7.671
14,128,7.662
16,128,7.649
18,128,7.636
20,128,7.627
22,128,7.622
24,128,7.616
26,128,7.608
28,128,7.587
30,128,7.559
32,128,7.549
34,128,7.572
36,128,7.616
38,128,7.738
40,128,7.926
42,128,7.992
44,128,8.071
46,128,8.087
48,128,8.103
50,128,8.083
52,128,8.010
54,128,7.956
56,128,7.677
58,128,7.226
60,128,6.427
62,128,5.531
64,128,5.299
66,128,5.772
68,128,6.341
70,128,7.112
72,128,7.725
74,128,7.954
76,128,8.020
78,128,8.032
80,128,7.954
82,128,7.860
84,128,7.750
86,128,7.651
88,128,7.585
90,128,7.620
92,128,7.619
94,128,7.753
96,128,7.934
98,128,7.979
100,128,7.994
102,128,8.032
104,128,8.070
106,128,8.089
108,128,8.096
110,128,8.095
112,128,8.068
114,128,8.057
116,128,8.040
118,128,8.005
120,128,7.939
122,128,7.894
124,128,7.750
126,128,7.766
128,128,7.699
130,128,7.672
132,128,7.616
134,128,7.621
136,128,7.623
138,128,7.747
140,128,7.670
142,128,7.641
144,128,7.744
146,128,7.796
148,128,7.900
150,128,7.993
150,130,7.944
148,130,7.855
146,130,7.744
144,130,7.642
142,130,7.596
140,130,7.605
138,130,7.588
136,130,7.597
134,130,7.681
132,130,7.645
130,130,7.798
128,130,7.974
126,130,8.036
124,130,8.059
122,130,8.050
120,130,8.076
118,130,8.092
116,130,8.090
114,130,8.082
112,130,8.035
110,130,7.992
108,130,7.981
106,130,7.916
104,130,7.764
102,130,7.627
100,130,7.596
98,130,7.599
96,130,7.614
94,130,7.735
92,130,7.880
90,130,7.889
88,130,7.986
86,130,8.046
84,130,8.061
82,130,8.079
80,130,8.077
78,130,8.038
76,130,7.977
74,130,7.894
72,130,7.807
70,130,7.682
68,130,7.639
66,130,7.641
64,130,7.596
62,130,7.567
60,130,7.431
58,130,7.012
56,130,6.302
54,130,5.752
52,130,5.516
50,130,5.607
48,130,6.250
46,130,7.038
44,130,7.518
42,130,7.678
40,130,7.714
38,130,7.705
36,130,7.681
34,130,7.638
32,130,7.619
30,130,7.631
28,130,7.651
26,130,7.651
24,130,7.632
22,130,7.620
20,130,7.627
18,130,7.639
16,130,7.645
14,130,7.649
12,130,7.654
10,130,7.661
8,130,7.673
6,130,7.684
4,130,7.693
2,130,7.693
0,130,7.688
0,132,7.685
2,132,7.692
4,132,7.692
6,132,7.691
8,132,7.688
10,132,7.683
12,132,7.674
14,132,7.665
16,132,7.656
18,132,7.647
20,132,7.641
22,132,7.639
24,132,7.638
26,132,7.637
28,132,7.638
30,132,7.630
32,132,7.626
34,132,7.640
36,132,7.742
38,132,7.901
40,132,7.979
42,132,8.066
44,132,8.095
46,132,8.095
48,132,8.097
50,132,8.074
52,132,7.926
54,132,7.831
56,132,7.588
58,132,7.099
60,132,6.156
62,132,5.510
64,132,5.109
66,132,5.581
68,132,6.176
70,132,6.877
72,132,7.535
74,132,7.826
76,132,7.860
78,132,7.855
80,132,7.729
82,132,7.643
84,132,7.669
86,132,7.603
88,132,7.593
90,132,7.707
92,132,7.875
94,132,7.959
96,132,7.963
98,132,7.987
100,132,8.011
102,132,8.063
104,132,8.071
106,132,8.068
108,132,8.042
110,132,8.027
112,132,7.964
114,132,7.953
116,132,7.902
118,132,7.898
120,132,7.768
122,132,7.668
124,132,7.684
126,132,7.649
128,132,7.638
130,132,7.572
132,132,7.640
134,132,7.672
136,132,7.729
138,132,7.742
140,132,7.818
142,132,7.885
144,132,7.839
146,132,7.935
148,132,8.008
150,132,7.988
150,134,8.013
148,134,8.021
146,134,7.995
144,134,7.873
142,134,7.830
140,134,7.734
138,134,7.601
136,134,7.592
134,134,7.569
132,134,7.577
130,134,7.569
128,134,7.721
126,134,7.834
124,134,7.949
122,134,7.958
120,134,8.004
118,134,8.063
116,134,8.064
114,134,8.067
112,134,8.072
110,134,8.054
108,134,8.019
106,134,7.971
104,134,7.929
102,134,7.798
100,134,7.676
98,134,7.555
96,134,7.491
94,134,7.492
92,134,7.512
90,134,7.671
88,134,7.732
86,134,7.848
84,134,7.921
82,134,7.986
80,134,8.036
78,134,8.053
76,134,8.054
74,134,8.015
72,134,7.970
70,134,7.878
68,134,7.736
66,134,7.626
64,134,7.537
62,134,7.456
60,134,7.119
58,134,6.478
56,134,5.715
54,134,5.343
52,134,5.469
50,134,5.872
48,134,6.559
46,134,7.261
44,134,7.656
42,134,7.733
40,134,7.731
38,134,7.724
36,134,7.701
34,134,7.660
32,134,7.641
30,134,7.645
28,134,7.660
26,134,7.665
24,134,7.655
22,134,7.645
20,134,7.644
18,134,7.648
16,134,7.651
14,134,7.652
12,134,7.656
10,134,7.659
8,134,7.665
6,134,7.676
4,134,7.683
2,134,7.687
0,134,7.682
0,136,7.675
2,136,7.681
4,136,7.682
6,136,7.681
8,136,7.678
10,136,7.675
12,136,7.668
14,136,7.661
16,136,7.653
18,136,7.650
20,136,7.647
22,136,7.647
24,136,7.648
26,136,7.652
28,136,7.658
30,136,7.665
32,136,7.698
34,136,7.754
36,136,7.780
38,136,7.877
40,136,8.041
42,136,8.086
44,136,8.098
46,136,8.089
48,136,8.045
50,136,8.017
52,136,7.840
54,136,7.616
56,136,7.513
58,136,7.132
60,136,6.328
62,136,5.925
64,136,5.317
66,136,5.057
68,136,5.198
70,136,6.588
72,136,7.308
74,136,7.675
76,136,7.777
78,136,7.812
80,136,7.708
82,136,7.590
84,136,7.622
86,136,7.692
88,136,7.789
90,136,7.837
92,136,7.898
94,136,7.962
96,136,7.967
98,136,7.965
100,136,7.962
102,136,7.957
104,136,7.928
106,136,7.937
108,136,7.884
110,136,7.871
112,136,7.874
114,136,7.783
116,136,7.699
118,136,7.610
120,136,7.586
122,136,7.535
124,136,7.583
126,136,7.585
128,136,7.563
130,136,7.636
132,136,7.702
134,136,7.839
136,136,7.937
138,136,7.917
140,136,7.886
142,136,7.921
144,136,7.949
146,136,7.966
148,136,8.024
150,136,8.029
150,138,8.013
148,138,7.967
146,138,7.965
144,138,7.902
142,138,7.820
140,138,7.757
138,138,7.684
136,138,7.662
134,138,7.592
132,138,7.425
130,138,7.594
128,138,7.474
126,138,7.598
124,138,7.699
122,138,7.762
120,138,7.790
118,138,7.667
116,138,7.824
114,138,7.951
112,138,7.982
110,138,7.965
108,138,7.869
106,138,7.880
104,138,7.791
102,138,7.714
100,138,7.522
98,138,7.328
96,138,7.262
94,138,7.031
92,138,6.825
90,138,6.839
88,138,6.984
86,138,7.195
84,138,7.361
82,138,7.617
80,138,7.851
78,138,7.964
76,138,8.016
74,138,8.030
72,138,8.026
70,138,7.994
68,138,7.922
66,138,7.765
64,138,7.583
62,138,7.400
60,138,6.970
58,138,6.297
56,138,5.743
54,138,5.533
52,138,5.566
50,138,6.321
48,138,6.961
46,138,7.416
44,138,7.752
42,138,7.882
40,138,7.804
38,138,7.733
36,138,7.722
34,138,7.700
32,138,7.687
30,138,7.681
28,138,7.685
26,138,7.678
24,138,7.662
22,138,7.648
20,138,7.643
18,138,7.646
16,138,7.653
14,138,7.655
12,138,7.654
10,138,7.653
8,138,7.655
6,138,7.660
4,138,7.667
2,138,7.672
0,138,7.670
0,140,7.658
2,140,7.665
4,140,7.665
6,140,7.665
8,140,7.662
10,140,7.657
12,140,7.654
14,140,7.648
16,140,7.647
18,140,7.648
20,140,7.651
22,140,7.654
24,140,7.659
26,140,7.665
28,140,7.676
30,140,7.684
32,140,7.740
34,140,7.914
36,140,7.997
38,140,8.077
40,140,8.091
42,140,8.108
44,140,8.093
46,140,8.034
48,140,7.966
50,140,7.861
52,140,7.757
54,140,7.620
56,140,7.635
58,140,7.418
60,140,6.899
62,140,6.335
64,140,5.934
66,140,5.721
68,140,5.995
70,140,6.500
72,140,6.964
74,140,7.435
76,140,7.588
78,140,7.617
80,140,7.582
82,140,7.586
84,140,7.784
86,140,7.880
88,140,7.825
90,140,7.870
92,140,7.848
94,140,7.785
96,140,7.676
98,140,7.571
100,140,7.522
102,140,7.500
104,140,7.487
106,140,7.386
108,140,7.478
110,140,7.440
112,140,7.365
114,140,7.308
116,140,7.369
118,140,7.364
120,140,7.440
122,140,7.495
124,140,7.442
126,140,7.571
128,140,7.576
130,140,7.656
132,140,7.666
134,140,7.785
136,140,7.860
138,140,7.872
140,140,7.831
142,140,7.836
144,140,7.856
146,140,7.881
148,140,7.874
150,140,7.863
150,142,7.758
148,142,7.761
146,142,7.680
144,142,7.664
142,142,7.658
140,142,7.606
138,142,7.417
136,142,7.414
134,142,7.379
132,142,7.299
130,142,6.907
128,142,6.943
126,142,7.002
124,142,7.062
122,142,7.036
120,142,7.255
118,142,7.329
116,142,7.398
114,142,7.509
112,142,7.569
110,142,7.606
108,142,7.587
106,142,7.551
104,142,7.475
102,142,7.346
100,142,7.062
98,142,6.760
96,142,6.260
94,142,5.798
92,142,5.243
90,142,5.065
88,142,5.198
86,142,5.647
84,142,6.212
82,142,6.883
80,142,7.419
78,142,7.741
76,142,7.935
74,142,8.028
72,142,8.065
70,142,8.053
68,142,7.990
66,142,7.878
64,142,7.758
62,142,7.532
60,142,6.992
58,142,6.517
56,142,6.077
54,142,5.903
52,142,6.162
50,142,6.941
48,142,7.497
46,142,7.852
44,142,7.991
42,142,7.993
40,142,7.946
38,142,7.877
36,142,7.802
34,142,7.737
32,142,7.718
30,142,7.710
28,142,7.699
26,142,7.682
24,142,7.658
22,142,7.637
20,142,7.631
18,142,7.638
16,142,7.648
14,142,7.649
12,142,7.645
10,142,7.632
8,142,7.616
6,142,7.610
4,142,7.622
2,142,7.631
0,142,7.635
0,144,7.620
2,144,7.621
4,144,7.617
6,144,7.614
8,144,7.610
10,144,7.603
12,144,7.601
14,144,7.605
16,144,7.617
18,144,7.630
20,144,7.643
22,144,7.655
24,144,7.663
26,144,7.671
28,144,7.680
30,144,7.699
32,144,7.793
34,144,7.922
36,144,8.036
38,144,8.089
40,144,8.115
42,144,8.116
44,144,8.096
46,144,7.987
48,144,7.976
50,144,7.742
52,144,7.653
54,144,7.629
56,144,7.658
58,144,7.715
60,144,7.537
62,144,7.054
64,144,6.581
66,144,6.356
68,144,6.514
70,144,6.843
72,144,7.129
74,144,7.393
76,144,7.576
78,144,7.560
80,144,7.661
82,144,7.710
84,144,7.895
86,144,7.867
88,144,7.880
90,144,7.834
92,144,7.557
94,144,7.186
96,144,6.828
98,144,6.541
100,144,6.188
102,144,5.858
104,144,6.036
106,144,6.069
108,144,6.215
110,144,6.271
112,144,6.278
114,144,6.451
116,144,6.594
118,144,6.718
120,144,6.836
122,144,7.141
124,144,7.325
126,144,7.096
128,144,7.088
130,144,7.246
132,144,7.476
134,144,7.476
136,144,7.393
138,144,7.332
140,144,7.316
142,144,7.285
144,144,7.276
146,144,7.301
148,144,7.280
150,144,7.274
150,146,7.012
148,146,6.896
146,146,6.959
144,146,6.902
142,146,6.866
140,146,6.791
138,146,6.670
136,146,6.431
134,146,6.337
132,146,6.176
130,146,6.267
128,146,6.013
126,146,5.859
124,146,5.838
122,146,5.803
120,146,5.899
118,146,5.908
116,146,6.143
114,146,6.377
112,146,6.488
110,146,6.405
108,146,6.646
106,146,6.565
104,146,6.510
102,146,6.388
100,146,6.077
98,146,5.753
96,146,4.975
94,146,4.424
92,146,3.930
90,146,3.588
88,146,3.280
86,146,3.778
84,146,4.838
82,146,5.723
80,146,6.770
78,146,7.400
76,146,7.823
74,146,8.012
72,146,8.064
70,146,8.070
68,146,8.053
66,146,8.006
64,146,7.853
62,146,7.627
60,146,7.195
58,146,6.792
56,146,6.387
54,146,6.339
52,146,6.567
50,146,7.288
48,146,7.728
46,146,7.988
44,146,8.063
42,146,8.085
40,146,7.898
38,146,7.902
36,146,7.894
34,146,7.857
32,146,7.730
30,146,7.729
28,146,7.712
26,146,7.693
24,146,7.656
22,146,7.624
20,146,7.613
18,146,7.623
16,146,7.635
14,146,7.632
12,146,7.603
10,146,7.536
8,146,7.449
6,146,7.430
4,146,7.492
2,146,7.549
0,146,7.578
0,148,7.571
2,148,7.562
4,148,7.544
6,148,7.518
8,148,7.478
10,148,7.435
12,148,7.408
14,148,7.429
16,148,7.494
18,148,7.562
20,148,7.609
22,148,7.637
24,148,7.653
26,148,7.668
28,148,7.689
30,148,7.756
32,148,7.907
34,148,8.024
36,148,8.084
38,148,8.110
40,148,8.114
42,148,8.069
44,148,7.991
46,148,7.842
48,148,7.714
50,148,7.659
52,148,7.675
54,148,7.762
56,148,7.954
58,148,7.999
60,148,7.866
62,148,7.584
64,148,7.258
66,148,6.901
68,148,6.353
70,148,6.591
72,148,6.988
74,148,7.327
76,148,7.463
78,148,7.701
80,148,7.770
82,148,7.927
84,148,7.942
86,148,7.959
88,148,7.892
90,148,7.602
92,148,7.076
94,148,6.399
96,148,5.733
98,148,4.957
100,148,4.425
102,148,3.846
104,148,3.495
106,148,3.683
108,148,3.943
110,148,4.262
112,148,4.694
114,148,5.410
116,148,5.849
118,148,6.219
120,148,6.320
122,148,6.541
124,148,6.665
126,148,6.661
128,148,6.758
130,148,6.749
132,148,6.706
134,148,6.630
136,148,6.466
138,148,6.278
140,148,6.148
142,148,6.102
144,148,5.961
146,148,5.831
148,148,5.815
150,148,5.701
150,150,5.060
148,150,5.173
146,150,5.413
144,150,5.526
142,150,5.475
140,150,5.590
138,150,5.698
136,150,5.703
134,150,5.678
132,150,5.736
130,150,5.664
128,150,5.429
126,150,5.132
124,150,4.875
122,150,4.492
120,150,4.328
118,150,4.117
116,150,4.124
114,150,4.359
112,150,4.162
110,150,4.554
108,150,4.711
106,150,4.760
104,150,4.823
102,150,5.116
100,150,5.061
98,150,4.750
96,150,4.456
94,150,3.986
92,150,3.750
90,150,3.050
88,150,2.734
86,150,3.167
84,150,3.740
82,150,4.985
80,150,6.225
78,150,7.123
76,150,7.687
74,150,7.896
72,150,8.037
70,150,8.083
68,150,8.094
66,150,8.085
64,150,8.013
62,150,7.859
60,150,7.696
58,150,7.333
56,150,6.911
54,150,6.815
52,150,6.975
50,150,7.523
48,150,7.826
46,150,7.988
44,150,8.071
42,150,8.095
40,150,8.083
38,150,8.033
36,150,7.974
34,150,7.908
32,150,7.823
30,150,7.751
28,150,7.723
26,150,7.702
24,150,7.658
22,150,7.616
20,150,7.596
18,150,7.607
16,150,7.616
14,150,7.592
12,150,7.486
10,150,7.204
8,150,6.884
6,150,6.858
4,150,7.160
2,150,7.430
0,150,7.534
