0,0,6.961
2,0,9.869
4,0,1.261
6,0,1.445
8,0,1.330
10,0,1.636
12,0,1.750
14,0,1.779
16,0,1.729
18,0,8.922
20,0,9.008
22,0,9.512
24,0,7.949
26,0,1.071
28,0,1.229
30,0,1.234
32,0,1.405
34,0,1.647
36,0,1.810
38,0,1.633
40,0,1.252
42,0,1.084
44,0,9.126
46,0,7.794
48,0,8.403
50,0,1.123
52,0,1.610
54,0,1.834
56,0,1.743
58,0,1.798
60,0,1.362
62,0,1.122
64,0,7.240
66,0,7.340
68,0,9.271
70,0,1.387
72,0,1.605
74,0,1.724
76,0,1.622
78,0,1.727
80,0,1.391
82,0,1.423
84,0,1.382
86,0,1.005
88,0,1.106
90,0,1.097
92,0,1.078
94,0,1.376
96,0,1.440
98,0,1.664
100,0,1.676
102,0,1.566
104,0,1.415
106,0,1.269
108,0,9.080
110,0,7.991
112,0,7.319
114,0,7.488
116,0,8.432
118,0,1.259
120,0,1.454
122,0,1.760
124,0,1.653
126,0,1.775
128,0,1.697
130,0,1.544
132,0,1.359
134,0,1.297
136,0,1.111
138,0,8.931
140,0,7.081
142,0,6.899
144,0,7.663
146,0,7.808
148,0,9.667
150,0,1.265
150,2,1.349
148,2,1.309
146,2,1.230
144,2,9.636
142,2,8.208
140,2,8.523
138,2,7.182
136,2,6.499
134,2,7.532
132,2,6.885
130,2,7.726
128,2,1.065
126,2,1.116
124,2,1.182
122,2,1.443
120,2,1.455
118,2,1.631
116,2,1.784
114,2,1.720
112,2,1.750
110,2,1.731
108,2,1.623
106,2,1.538
104,2,1.210
102,2,1.017
100,2,7.566
98,2,7.105
96,2,7.040
94,2,7.291
92,2,1.020
90,2,1.258
88,2,1.493
86,2,1.591
84,2,1.609
82,2,1.723
80,2,1.800
78,2,1.603
76,2,1.383
74,2,1.193
72,2,1.045
70,2,9.878
68,2,7.471
66,2,7.453
64,2,1.027
62,2,1.234
60,2,1.430
58,2,1.567
56,2,1.801
54,2,1.748
52,2,1.494
50,2,1.073
48,2,1.042
46,2,7.792
44,2,7.595
42,2,8.589
40,2,1.309
38,2,1.703
36,2,1.810
34,2,1.769
32,2,1.664
30,2,1.464
28,2,1.104
26,2,7.099
24,2,8.973
22,2,9.028
20,2,1.373
18,2,1.746
16,2,1.827
14,2,1.597
12,2,1.137
10,2,8.652
8,2,7.458
6,2,7.902
4,2,1.497
2,2,1.770
0,2,1.787
0,4,1.697
2,4,1.724
4,4,1.686
6,4,1.532
8,4,1.452
10,4,1.199
12,4,8.273
14,4,8.179
16,4,7.933
18,4,7.971
20,4,1.159
22,4,1.483
24,4,1.526
26,4,1.796
28,4,1.828
30,4,1.807
32,4,1.637
34,4,1.266
36,4,9.623
38,4,7.490
40,4,6.985
42,4,9.518
44,4,1.211
46,4,1.347
48,4,1.651
50,4,1.831
52,4,1.682
54,4,1.549
56,4,1.109
58,4,8.987
60,4,7.524
62,4,7.054
64,4,8.718
66,4,1.136
68,4,1.448
70,4,1.783
72,4,1.785
74,4,1.708
76,4,1.596
78,4,1.234
80,4,1.057
82,4,7.968
84,4,6.993
86,4,9.203
88,4,1.103
90,4,1.302
92,4,1.535
94,4,1.684
96,4,1.742
98,4,1.736
100,4,1.555
102,4,1.268
104,4,1.040
106,4,7.732
108,4,7.434
110,4,7.492
112,4,9.746
114,4,1.386
116,4,1.275
118,4,1.535
120,4,1.620
122,4,1.683
124,4,1.729
126,4,1.662
128,4,1.526
130,4,1.453
132,4,1.208
134,4,1.042
136,4,8.370
138,4,7.247
140,4,7.071
142,4,6.943
144,4,8.725
146,4,1.042
148,4,1.163
150,4,1.357
150,6,1.529
148,6,1.444
146,6,1.189
144,6,1.218
142,6,1.142
140,6,9.378
138,6,8.813
136,6,8.188
134,6,7.152
132,6,7.067
130,6,7.174
128,6,8.422
126,6,8.540
124,6,1.062
122,6,1.036
120,6,1.395
118,6,1.512
116,6,1.587
114,6,1.682
112,6,1.779
110,6,1.761
108,6,1.748
106,6,1.299
104,6,1.229
102,6,1.217
100,6,1.057
98,6,9.132
96,6,7.903
94,6,7.403
92,6,7.314
90,6,8.954
88,6,1.192
86,6,1.420
84,6,1.503
82,6,1.689
80,6,1.727
78,6,1.802
76,6,1.710
74,6,1.464
72,6,1.289
70,6,1.087
68,6,8.532
66,6,7.763
64,6,7.358
62,6,1.035
60,6,1.114
58,6,1.472
56,6,1.595
54,6,1.787
52,6,1.654
50,6,1.590
48,6,1.219
46,6,9.316
44,6,8.493
42,6,8.450
40,6,1.129
38,6,1.420
36,6,1.700
34,6,1.811
32,6,1.805
30,6,1.544
28,6,1.191
26,6,1.096
24,6,8.033
22,6,8.647
20,6,1.023
18,6,1.591
16,6,1.802
14,6,1.703
12,6,1.332
10,6,9.346
8,6,8.161
6,6,7.107
4,6,9.229
2,6,1.578
0,6,1.747
0,8,1.729
2,8,1.540
4,8,1.225
6,8,1.112
8,8,1.009
10,8,8.154
12,8,7.214
14,8,8.236
16,8,1.054
18,8,1.282
20,8,1.341
22,8,1.472
24,8,1.805
26,8,1.835
28,8,1.776
30,8,1.725
32,8,1.727
34,8,1.202
36,8,8.403
38,8,7.456
40,8,9.487
42,8,1.435
44,8,1.673
46,8,1.756
48,8,1.850
50,8,1.787
52,8,1.642
54,8,1.103
56,8,7.518
58,8,7.371
60,8,7.413
62,8,8.889
64,8,1.357
66,8,1.573
68,8,1.677
70,8,1.728
72,8,1.578
74,8,1.440
76,8,1.317
78,8,8.723
80,8,7.271
82,8,7.565
84,8,8.684
86,8,1.080
88,8,1.296
90,8,1.699
92,8,1.754
94,8,1.736
96,8,1.739
98,8,1.560
100,8,1.384
102,8,1.028
104,8,8.298
106,8,6.869
108,8,7.579
110,8,7.708
112,8,1.173
114,8,1.451
116,8,1.522
118,8,1.627
120,8,1.732
122,8,1.756
124,8,1.779
126,8,1.700
128,8,1.456
130,8,1.140
132,8,1.000
134,8,8.389
136,8,7.450
138,8,7.077
140,8,7.928
142,8,9.627
144,8,1.014
146,8,1.137
148,8,1.342
150,8,1.591
150,10,1.579
148,10,1.503
146,10,1.494
144,10,1.399
142,10,1.158
140,10,1.049
138,10,9.943
136,10,9.170
134,10,8.196
132,10,6.693
130,10,7.221
128,10,7.897
126,10,7.509
124,10,9.078
122,10,9.649
120,10,1.061
118,10,1.138
116,10,1.315
114,10,1.669
112,10,1.655
110,10,1.755
108,10,1.674
106,10,1.705
104,10,1.658
102,10,1.586
100,10,1.343
98,10,1.104
96,10,8.737
94,10,7.597
92,10,6.858
90,10,8.084
88,10,9.556
86,10,1.173
84,10,1.336
82,10,1.601
80,10,1.650
78,10,1.725
76,10,1.804
74,10,1.652
72,10,1.452
70,10,1.122
68,10,9.187
66,10,7.870
64,10,7.096
62,10,7.265
60,10,1.040
58,10,1.232
56,10,1.543
54,10,1.732
52,10,1.806
50,10,1.682
48,10,1.461
46,10,1.118
44,10,8.456
42,10,7.596
40,10,8.830
38,10,1.214
36,10,1.673
34,10,1.724
32,10,1.785
30,10,1.506
28,10,1.416
26,10,1.375
24,10,7.646
22,10,8.021
20,10,1.109
18,10,1.458
16,10,1.602
14,10,1.797
12,10,1.818
10,10,1.524
8,10,1.244
6,10,7.384
4,10,8.659
2,10,1.152
0,10,1.553
0,12,1.548
2,12,1.296
4,12,1.206
6,12,7.250
8,12,8.057
10,12,8.843
12,12,7.915
14,12,7.237
16,12,1.016
18,12,1.165
20,12,1.528
22,12,1.686
24,12,1.845
26,12,1.826
28,12,1.669
30,12,1.327
32,12,9.967
34,12,7.747
36,12,7.339
38,12,7.993
40,12,1.088
42,12,1.372
44,12,1.786
46,12,1.762
48,12,1.773
50,12,1.714
52,12,1.481
54,12,1.194
56,12,8.937
58,12,7.563
60,12,9.001
62,12,1.125
64,12,1.374
66,12,1.647
68,12,1.686
70,12,1.749
72,12,1.546
74,12,1.227
76,12,1.004
78,12,8.842
80,12,6.740
82,12,7.351
84,12,9.247
86,12,1.092
88,12,1.334
90,12,1.619
92,12,1.735
94,12,1.785
96,12,1.608
98,12,1.592
100,12,1.357
102,12,9.962
104,12,7.555
106,12,6.711
108,12,7.274
110,12,8.551
112,12,1.054
114,12,1.313
116,12,1.420
118,12,1.473
120,12,1.707
122,12,1.752
124,12,1.731
126,12,1.593
128,12,1.273
130,12,1.000
132,12,8.715
134,12,7.988
136,12,7.182
138,12,7.301
140,12,7.068
142,12,8.055
144,12,1.113
146,12,1.304
148,12,1.338
150,12,1.525
150,14,1.562
148,14,1.445
146,14,1.603
144,14,1.462
142,14,1.123
140,14,1.256
138,14,1.135
136,14,1.108
134,14,8.639
132,14,7.009
130,14,7.185
128,14,7.497
126,14,7.392
124,14,7.232
122,14,9.202
120,14,1.298
118,14,1.673
116,14,1.507
114,14,1.638
112,14,1.702
110,14,1.765
108,14,1.726
106,14,1.678
104,14,1.615
102,14,1.484
100,14,1.155
98,14,1.099
96,14,9.546
94,14,7.550
92,14,6.753
90,14,7.529
88,14,8.425
86,14,1.122
84,14,1.369
82,14,1.347
80,14,1.537
78,14,1.727
76,14,1.744
74,14,1.667
72,14,1.553
70,14,1.302
68,14,1.135
66,14,8.128
64,14,6.918
62,14,6.756
60,14,8.848
58,14,1.067
56,14,1.492
54,14,1.807
52,14,1.743
50,14,1.714
48,14,1.665
46,14,1.298
44,14,9.276
42,14,7.090
40,14,7.716
38,14,1.047
36,14,1.216
34,14,1.512
32,14,1.710
30,14,1.715
28,14,1.409
26,14,1.072
24,14,1.086
22,14,7.689
20,14,1.266
18,14,1.375
16,14,1.514
14,14,1.746
12,14,1.859
10,14,1.224
8,14,1.334
6,14,1.341
4,14,1.084
2,14,6.868
0,14,1.346
0,16,1.388
2,16,1.392
4,16,8.860
6,16,9.836
8,16,6.960
10,16,9.796
12,16,1.323
14,16,1.410
16,16,1.585
18,16,1.683
20,16,1.790
22,16,1.797
24,16,1.658
26,16,1.742
28,16,1.595
30,16,1.182
32,16,9.072
34,16,7.228
36,16,8.469
38,16,1.005
40,16,1.347
42,16,1.672
44,16,1.749
46,16,1.809
48,16,1.667
50,16,1.323
52,16,1.207
54,16,7.332
56,16,6.968
58,16,7.190
60,16,1.126
62,16,1.655
64,16,1.693
66,16,1.820
68,16,1.678
70,16,1.367
72,16,1.059
74,16,9.161
76,16,8.121
78,16,7.452
80,16,6.964
82,16,9.692
84,16,1.364
86,16,1.585
88,16,1.637
90,16,1.730
92,16,1.803
94,16,1.467
96,16,9.143
98,16,1.146
100,16,7.209
102,16,7.595
104,16,8.058
106,16,7.875
108,16,1.356
110,16,1.604
112,16,1.752
114,16,1.737
116,16,1.752
118,16,1.718
120,16,1.622
122,16,1.500
124,16,1.460
126,16,1.245
128,16,8.537
130,16,7.192
132,16,7.199
134,16,7.012
136,16,6.966
138,16,1.108
140,16,1.129
142,16,1.399
144,16,1.413
146,16,1.510
148,16,1.687
150,16,1.687
150,18,1.469
148,18,1.650
146,18,1.697
144,18,1.719
142,18,1.710
140,18,1.641
138,18,1.646
136,18,1.533
134,18,1.185
132,18,1.046
130,18,9.281
128,18,9.697
126,18,8.255
124,18,7.814
122,18,8.584
120,18,9.194
118,18,1.091
116,18,8.419
114,18,1.037
112,18,1.542
110,18,1.548
108,18,1.667
106,18,1.731
104,18,1.695
102,18,1.790
100,18,1.706
98,18,1.178
96,18,1.284
94,18,1.080
92,18,1.173
90,18,9.816
88,18,1.228
86,18,1.170
84,18,7.748
82,18,7.611
80,18,1.085
78,18,1.507
76,18,1.572
74,18,1.572
72,18,1.799
70,18,1.729
68,18,1.490
66,18,1.446
64,18,1.123
62,18,9.761
60,18,7.660
58,18,7.078
56,18,8.733
54,18,1.275
52,18,1.346
50,18,1.708
48,18,1.752
46,18,1.680
44,18,1.254
42,18,1.277
40,18,7.731
38,18,7.745
36,18,8.489
34,18,1.161
32,18,1.611
30,18,1.746
28,18,1.832
26,18,1.820
24,18,1.463
22,18,1.205
20,18,7.960
18,18,7.822
16,18,7.805
14,18,1.225
12,18,1.670
10,18,1.846
8,18,1.751
6,18,1.371
4,18,1.023
2,18,7.187
0,18,9.203
0,20,8.526
2,20,8.059
4,20,7.365
6,20,7.833
8,20,1.059
10,20,1.459
12,20,1.598
14,20,1.632
16,20,1.828
18,20,1.807
20,20,1.785
22,20,1.532
24,20,1.382
26,20,9.963
28,20,8.103
30,20,7.527
32,20,1.105
34,20,1.233
36,20,1.356
38,20,1.559
40,20,1.795
42,20,1.790
44,20,1.598
46,20,1.656
48,20,1.226
50,20,8.350
52,20,6.917
54,20,8.384
56,20,1.123
58,20,1.305
60,20,1.493
62,20,1.662
64,20,1.616
66,20,1.633
68,20,1.445
70,20,1.032
72,20,9.046
74,20,8.114
76,20,7.473
78,20,9.294
80,20,1.204
82,20,1.417
84,20,1.686
86,20,1.768
88,20,1.736
90,20,1.568
92,20,1.222
94,20,1.054
96,20,9.336
98,20,7.088
100,20,6.919
102,20,8.000
104,20,1.009
106,20,1.182
108,20,1.481
110,20,1.749
112,20,1.729
114,20,1.741
116,20,1.599
118,20,1.376
120,20,1.320
122,20,1.253
124,20,1.020
126,20,8.377
128,20,7.959
130,20,7.479
132,20,8.803
134,20,1.126
136,20,1.108
138,20,1.432
140,20,1.583
142,20,1.668
144,20,1.782
146,20,1.661
148,20,1.653
150,20,1.549
150,22,1.362
148,22,1.524
146,22,1.581
144,22,1.665
142,22,1.727
140,22,1.684
138,22,1.711
136,22,1.629
134,22,1.729
132,22,1.648
130,22,1.375
128,22,1.316
126,22,1.165
124,22,9.516
122,22,8.999
120,22,8.509
118,22,7.380
116,22,7.588
114,22,9.384
112,22,9.738
110,22,1.050
108,22,1.282
106,22,1.274
104,22,1.687
102,22,1.746
100,22,1.778
98,22,1.679
96,22,1.752
94,22,1.501
92,22,1.322
90,22,1.112
88,22,9.510
86,22,8.035
84,22,6.850
82,22,7.083
80,22,8.963
78,22,1.113
76,22,1.254
74,22,1.474
72,22,1.717
70,22,1.755
68,22,1.729
66,22,1.568
64,22,1.464
62,22,1.127
60,22,9.948
58,22,7.406
56,22,7.464
54,22,8.627
52,22,1.184
50,22,1.438
48,22,1.612
46,22,1.729
44,22,1.762
42,22,1.549
40,22,1.329
38,22,1.076
36,22,7.031
34,22,8.728
32,22,1.196
30,22,1.484
28,22,1.750
26,22,1.857
24,22,1.713
22,22,1.431
20,22,1.115
18,22,7.052
16,22,8.199
14,22,1.023
12,22,1.554
10,22,1.802
8,22,1.784
6,22,1.528
4,22,1.269
2,22,9.359
0,22,7.196
0,24,7.302
2,24,8.222
4,24,8.787
6,24,1.139
8,24,1.209
10,24,1.287
12,24,1.608
14,24,1.742
16,24,1.832
18,24,1.716
20,24,1.513
22,24,1.324
24,24,1.170
26,24,8.028
28,24,7.664
30,24,7.468
32,24,9.862
34,24,1.419
36,24,1.249
38,24,1.564
40,24,1.738
42,24,1.696
44,24,1.641
46,24,1.539
48,24,9.706
50,24,6.893
52,24,7.957
54,24,8.596
56,24,9.996
58,24,1.474
60,24,1.738
62,24,1.786
64,24,1.672
66,24,1.491
68,24,1.372
70,24,9.923
72,24,7.333
74,24,8.050
76,24,1.108
78,24,1.324
80,24,1.465
82,24,1.625
84,24,1.798
86,24,1.749
88,24,1.700
90,24,1.325
92,24,9.784
94,24,8.528
96,24,7.691
98,24,7.029
100,24,8.779
102,24,1.075
104,24,1.235
106,24,1.459
108,24,1.698
110,24,1.747
112,24,1.773
114,24,1.685
116,24,1.631
118,24,1.257
120,24,1.229
122,24,1.072
124,24,7.478
126,24,7.671
128,24,8.509
130,24,9.413
132,24,1.048
134,24,1.070
136,24,1.420
138,24,1.539
140,24,1.710
142,24,1.622
144,24,1.764
146,24,1.535
148,24,1.436
150,24,1.206
150,26,1.458
148,26,1.287
146,26,1.568
144,26,1.618
142,26,1.529
140,26,1.512
138,26,1.736
136,26,1.690
134,26,1.669
132,26,1.435
130,26,1.702
128,26,1.226
126,26,1.538
124,26,1.377
122,26,1.146
120,26,1.009
118,26,8.683
116,26,6.982
114,26,7.035
112,26,8.157
110,26,9.383
108,26,1.049
106,26,1.439
104,26,1.354
102,26,1.507
100,26,1.744
98,26,1.788
96,26,1.724
94,26,1.723
92,26,1.373
90,26,1.222
88,26,1.084
86,26,9.819
84,26,7.763
82,26,7.162
80,26,7.356
78,26,1.000
76,26,1.105
74,26,1.348
72,26,1.572
70,26,1.738
68,26,1.777
66,26,1.659
64,26,1.398
62,26,1.298
60,26,1.018
58,26,7.196
56,26,8.063
54,26,8.327
52,26,9.768
50,26,1.240
48,26,1.612
46,26,1.752
44,26,1.774
42,26,1.621
40,26,1.376
38,26,1.072
36,26,8.714
34,26,7.236
32,26,1.131
30,26,1.160
28,26,1.625
26,26,1.811
24,26,1.706
22,26,1.295
20,26,1.173
18,26,8.884
16,26,7.265
14,26,1.070
12,26,1.018
10,26,1.641
8,26,1.806
6,26,1.629
4,26,1.339
2,26,8.861
0,26,7.069
0,28,8.254
2,28,9.914
4,28,1.114
6,28,1.323
8,28,1.462
10,28,1.686
12,28,1.782
14,28,1.827
16,28,1.724
18,28,1.672
20,28,1.295
22,28,9.686
24,28,7.300
26,28,7.136
28,28,8.348
30,28,9.935
32,28,1.368
34,28,1.612
36,28,1.755
38,28,1.834
40,28,1.605
42,28,1.494
44,28,1.352
46,28,9.808
48,28,7.487
50,28,7.295
52,28,8.070
54,28,1.168
56,28,1.659
58,28,1.703
60,28,1.800
62,28,1.616
64,28,1.393
66,28,1.125
68,28,1.036
70,28,7.345
72,28,7.525
74,28,9.979
76,28,1.154
78,28,1.208
80,28,1.597
82,28,1.804
84,28,1.784
86,28,1.564
88,28,1.467
90,28,1.377
92,28,9.809
94,28,7.615
96,28,6.948
98,28,8.644
100,28,1.138
102,28,1.315
104,28,1.517
106,28,1.701
108,28,1.722
110,28,1.715
112,28,1.644
114,28,1.605
116,28,1.331
118,28,1.182
120,28,8.934
122,28,7.526
124,28,6.979
126,28,8.599
128,28,9.202
130,28,1.124
132,28,1.155
134,28,1.390
136,28,1.701
138,28,1.768
140,28,1.715
142,28,1.757
144,28,1.614
146,28,1.585
148,28,1.165
150,28,1.006
150,30,9.842
148,30,9.469
146,30,1.076
144,30,1.520
142,30,1.473
140,30,1.561
138,30,1.716
136,30,1.756
134,30,1.751
132,30,1.747
130,30,1.678
128,30,1.735
126,30,1.634
124,30,1.590
122,30,1.043
120,30,1.106
118,30,9.403
116,30,8.176
114,30,9.820
112,30,9.028
110,30,6.768
108,30,7.438
106,30,9.103
104,30,1.528
102,30,1.323
100,30,1.514
98,30,1.752
96,30,1.761
94,30,1.792
92,30,1.718
90,30,1.582
88,30,1.399
86,30,1.276
84,30,8.685
82,30,7.808
80,30,7.553
78,30,7.485
76,30,6.974
74,30,9.838
72,30,1.380
70,30,1.484
68,30,1.735
66,30,1.627
64,30,1.689
62,30,1.616
60,30,1.027
58,30,9.155
56,30,7.960
54,30,7.794
52,30,7.928
50,30,9.304
48,30,1.290
46,30,1.736
44,30,1.747
42,30,1.484
40,30,1.332
38,30,1.229
36,30,1.046
34,30,8.366
32,30,7.015
30,30,9.272
28,30,1.061
26,30,1.610
24,30,1.801
22,30,1.704
20,30,1.325
18,30,1.079
16,30,8.432
14,30,7.399
12,30,8.835
10,30,1.084
8,30,1.589
6,30,1.816
4,30,1.577
2,30,1.407
0,30,9.388
0,32,1.082
2,32,1.263
4,32,1.446
6,32,1.328
8,32,1.492
10,32,1.807
12,32,1.709
14,32,1.475
16,32,1.539
18,32,1.827
20,32,1.439
22,32,7.401
24,32,8.365
26,32,7.881
28,32,8.248
30,32,1.191
32,32,1.686
34,32,1.746
36,32,1.648
38,32,1.083
40,32,1.183
42,32,1.131
44,32,7.789
46,32,6.862
48,32,7.481
50,32,7.949
52,32,1.175
54,32,1.428
56,32,1.597
58,32,1.657
60,32,1.753
62,32,1.597
64,32,1.619
66,32,1.105
68,32,7.469
70,32,7.606
72,32,9.846
74,32,1.471
76,32,1.476
78,32,1.571
80,32,1.758
82,32,1.760
84,32,1.494
86,32,1.378
88,32,1.019
90,32,9.052
92,32,7.094
94,32,7.090
96,32,7.827
98,32,9.757
100,32,1.202
102,32,1.574
104,32,1.739
106,32,1.746
108,32,1.774
110,32,1.698
112,32,1.440
114,32,1.118
116,32,1.124
118,32,1.113
120,32,7.205
122,32,7.738
124,32,8.944
126,32,9.512
128,32,1.238
130,32,1.474
132,32,1.570
134,32,1.740
136,32,1.722
138,32,1.763
140,32,1.715
142,32,1.639
144,32,1.317
146,32,9.653
148,32,1.043
150,32,8.929
150,34,7.170
148,34,9.353
146,34,1.076
144,34,1.037
142,34,1.054
140,34,1.287
138,34,1.228
136,34,1.484
134,34,1.638
132,34,1.611
130,34,1.711
128,34,1.683
126,34,1.768
124,34,1.647
122,34,1.546
120,34,1.361
118,34,1.332
116,34,1.033
114,34,8.918
112,34,8.146
110,34,7.002
108,34,6.980
106,34,7.291
104,34,8.479
102,34,1.153
100,34,1.395
98,34,1.548
96,34,1.631
94,34,1.662
92,34,1.812
90,34,1.722
88,34,1.758
86,34,1.467
84,34,8.150
82,34,7.294
80,34,7.602
78,34,7.854
76,34,8.383
74,34,1.293
72,34,9.476
70,34,1.029
68,34,1.436
66,34,1.405
64,34,1.444
62,34,1.755
60,34,1.700
58,34,1.685
56,34,1.195
54,34,9.359
52,34,8.118
50,34,8.483
48,34,1.502
46,34,1.362
44,34,1.670
42,34,1.707
40,34,1.717
38,34,1.666
36,34,1.558
34,34,1.199
32,34,7.859
30,34,8.280
28,34,6.959
26,34,1.197
24,34,1.611
22,34,1.754
20,34,1.721
18,34,1.386
16,34,1.104
14,34,6.965
12,34,8.494
10,34,1.019
8,34,1.013
6,34,1.364
4,34,1.792
2,34,1.719
0,34,1.394
0,36,1.678
2,36,1.660
4,36,1.783
6,36,1.838
8,36,1.848
10,36,1.717
12,36,1.541
14,36,1.483
16,36,1.202
18,36,9.818
20,36,9.241
22,36,7.008
24,36,7.425
26,36,1.008
28,36,1.203
30,36,1.598
32,36,1.836
34,36,1.815
36,36,1.810
38,36,1.534
40,36,9.660
42,36,9.030
44,36,7.749
46,36,8.171
48,36,1.057
50,36,1.257
52,36,1.374
54,36,1.671
56,36,1.729
58,36,1.726
60,36,1.463
62,36,1.147
64,36,9.628
66,36,7.363
68,36,7.090
70,36,1.057
72,36,1.398
74,36,1.513
76,36,1.621
78,36,1.735
80,36,1.583
82,36,1.664
84,36,1.537
86,36,1.201
88,36,8.187
90,36,7.213
92,36,8.102
94,36,1.010
96,36,1.176
98,36,1.485
100,36,1.609
102,36,1.753
104,36,1.782
106,36,1.734
108,36,1.498
110,36,1.358
112,36,1.171
114,36,1.048
116,36,7.792
118,36,7.306
120,36,9.277
122,36,1.036
124,36,9.594
126,36,1.059
128,36,1.219
130,36,1.734
132,36,1.697
134,36,1.703
136,36,1.699
138,36,1.748
140,36,1.509
142,36,1.375
144,36,1.232
146,36,1.014
148,36,9.301
150,36,1.098
150,38,8.409
148,38,8.075
146,38,6.680
144,38,6.741
142,38,7.587
140,38,8.378
138,38,9.744
136,38,1.203
134,38,1.343
132,38,1.503
130,38,1.692
128,38,1.674
126,38,1.768
124,38,1.712
122,38,1.691
120,38,1.659
118,38,1.482
116,38,1.311
114,38,1.165
112,38,9.717
110,38,8.493
108,38,7.832
106,38,6.845
104,38,7.880
102,38,7.966
100,38,9.205
98,38,9.268
96,38,1.286
94,38,1.625
92,38,1.698
90,38,1.781
88,38,1.788
86,38,1.742
84,38,1.606
82,38,1.417
80,38,1.273
78,38,9.987
76,38,7.826
74,38,8.187
72,38,1.031
70,38,1.262
68,38,1.341
66,38,1.346
64,38,1.697
62,38,1.772
60,38,1.775
58,38,1.651
56,38,1.398
54,38,1.168
52,38,8.977
50,38,6.950
48,38,8.550
46,38,1.080
44,38,1.250
42,38,1.653
40,38,1.788
38,38,1.701
36,38,1.557
34,38,1.453
32,38,1.181
30,38,8.544
28,38,7.934
26,38,1.121
24,38,1.379
22,38,1.706
20,38,1.774
18,38,1.511
16,38,1.398
14,38,1.040
12,38,8.314
10,38,8.709
8,38,1.211
6,38,1.510
4,38,1.785
2,38,1.801
0,38,1.645
0,40,1.580
2,40,1.801
4,40,1.848
6,40,1.823
8,40,1.848
10,40,1.533
12,40,1.399
14,40,1.206
16,40,7.980
18,40,7.565
20,40,7.340
22,40,7.939
24,40,8.048
26,40,1.169
28,40,1.671
30,40,1.769
32,40,1.768
34,40,1.713
36,40,1.380
38,40,9.386
40,40,9.250
42,40,7.295
44,40,7.424
46,40,7.848
48,40,1.188
50,40,1.462
52,40,1.718
54,40,1.790
56,40,1.671
58,40,1.496
60,40,9.928
62,40,9.041
64,40,8.142
66,40,7.102
68,40,8.921
70,40,1.215
72,40,1.347
74,40,1.478
76,40,1.792
78,40,1.717
80,40,1.582
82,40,1.377
84,40,1.037
86,40,8.140
88,40,7.543
90,40,7.396
92,40,8.308
94,40,1.039
96,40,1.350
98,40,1.518
100,40,1.749
102,40,1.781
104,40,1.648
106,40,1.451
108,40,1.251
110,40,1.113
112,40,9.352
114,40,7.515
116,40,6.731
118,40,7.654
120,40,8.250
122,40,9.638
124,40,1.254
126,40,1.418
128,40,1.483
130,40,1.597
132,40,1.743
134,40,1.744
136,40,1.581
138,40,1.473
140,40,1.439
142,40,1.343
144,40,1.024
146,40,8.118
148,40,7.003
150,40,1.013
150,42,8.669
148,42,7.247
146,42,7.554
144,42,7.146
142,42,7.957
140,42,7.235
138,42,7.400
136,42,9.145
134,42,1.200
132,42,1.539
130,42,1.581
128,42,1.520
126,42,1.551
124,42,1.681
122,42,1.725
120,42,1.743
118,42,1.668
116,42,1.399
114,42,1.397
112,42,1.155
110,42,8.509
108,42,1.020
106,42,9.060
104,42,7.908
102,42,7.249
100,42,9.044
98,42,8.790
96,42,1.136
94,42,1.328
92,42,1.620
90,42,1.708
88,42,1.731
86,42,1.769
84,42,1.677
82,42,1.497
80,42,1.318
78,42,9.157
76,42,1.005
74,42,8.049
72,42,7.005
70,42,7.986
68,42,1.178
66,42,1.415
64,42,1.367
62,42,1.642
60,42,1.727
58,42,1.787
56,42,1.546
54,42,1.336
52,42,9.359
50,42,8.767
48,42,7.701
46,42,9.210
44,42,1.290
42,42,1.607
40,42,1.674
38,42,1.823
36,42,1.769
34,42,1.500
32,42,1.248
30,42,9.257
28,42,8.917
26,42,6.783
24,42,9.995
22,42,1.317
20,42,1.816
18,42,1.825
16,42,1.767
14,42,1.494
12,42,9.069
10,42,8.018
8,42,7.656
6,42,1.092
4,42,1.564
2,42,1.761
0,42,1.850
0,44,1.825
2,44,1.824
4,44,1.714
6,44,1.554
8,44,1.548
10,44,1.467
12,44,1.248
14,44,8.336
16,44,7.756
18,44,9.720
20,44,9.959
22,44,1.010
24,44,1.142
26,44,1.541
28,44,1.719
30,44,1.770
32,44,1.467
34,44,1.318
36,44,1.035
38,44,1.153
40,44,7.708
42,44,7.945
44,44,9.973
46,44,1.409
48,44,1.674
50,44,1.734
52,44,1.803
54,44,1.766
56,44,1.513
58,44,1.056
60,44,1.089
62,44,8.967
64,44,8.167
66,44,1.015
68,44,1.345
70,44,1.467
72,44,1.747
74,44,1.719
76,44,1.439
78,44,1.071
80,44,1.605
82,44,1.293
84,44,1.024
86,44,8.158
88,44,7.080
90,44,8.018
92,44,1.138
94,44,1.601
96,44,1.752
98,44,1.764
100,44,1.707
102,44,1.727
104,44,1.563
106,44,1.191
108,44,8.010
110,44,9.125
112,44,7.565
114,44,7.215
116,44,7.524
118,44,9.493
120,44,1.134
122,44,1.507
124,44,1.752
126,44,1.687
128,44,1.788
130,44,1.777
132,44,1.756
134,44,1.368
136,44,1.123
138,44,1.003
140,44,8.784
142,44,6.757
144,44,7.222
146,44,7.664
148,44,1.001
150,44,9.231
150,46,1.042
148,46,8.591
146,46,6.938
144,46,8.044
142,46,6.643
140,46,7.152
138,46,7.080
136,46,7.349
134,46,7.906
132,46,1.106
130,46,1.195
128,46,1.263
126,46,1.369
124,46,1.618
122,46,1.694
120,46,1.760
118,46,1.752
116,46,1.617
114,46,1.556
112,46,1.525
110,46,1.399
108,46,1.292
106,46,1.111
104,46,8.775
102,46,7.699
100,46,6.943
98,46,8.457
96,46,9.230
94,46,8.481
92,46,9.712
90,46,1.462
88,46,1.605
86,46,1.739
84,46,1.606
82,46,1.416
80,46,1.328
78,46,1.336
76,46,1.305
74,46,1.072
72,46,8.937
70,46,7.549
68,46,7.650
66,46,9.674
64,46,1.021
62,46,1.317
60,46,1.728
58,46,1.760
56,46,1.751
54,46,1.730
52,46,1.203
50,46,1.161
48,46,9.265
46,46,7.058
44,46,7.410
42,46,9.570
40,46,1.374
38,46,1.627
36,46,1.791
34,46,1.728
32,46,1.415
30,46,1.298
28,46,1.050
26,46,6.869
24,46,8.232
22,46,1.153
20,46,1.583
18,46,1.710
16,46,1.763
14,46,1.608
12,46,1.135
10,46,8.695
8,46,7.459
6,46,9.253
4,46,1.456
2,46,1.717
0,46,1.842
0,48,1.818
2,48,1.814
4,48,1.713
6,48,1.475
8,48,1.335
10,48,9.219
12,48,8.833
14,48,7.246
16,48,7.340
18,48,8.621
20,48,1.112
22,48,1.429
24,48,1.566
26,48,1.698
28,48,1.800
30,48,1.624
32,48,1.497
34,48,1.077
36,48,8.940
38,48,7.423
40,48,6.849
42,48,8.748
44,48,1.052
46,48,1.577
48,48,1.708
50,48,1.812
52,48,1.731
54,48,1.637
56,48,1.214
58,48,9.567
60,48,7.038
62,48,7.557
64,48,8.495
66,48,1.173
68,48,1.594
70,48,1.606
72,48,1.724
74,48,1.768
76,48,1.567
78,48,1.510
80,48,1.051
82,48,7.940
84,48,7.105
86,48,7.802
88,48,1.023
90,48,1.214
92,48,1.414
94,48,1.639
96,48,1.741
98,48,1.734
100,48,1.748
102,48,1.596
104,48,1.216
106,48,1.071
108,48,7.848
110,48,6.664
112,48,6.935
114,48,7.944
116,48,9.447
118,48,1.255
120,48,1.376
122,48,1.535
124,48,1.628
126,48,1.730
128,48,1.736
130,48,1.709
132,48,1.597
134,48,1.296
136,48,1.196
138,48,8.711
140,48,7.300
142,48,7.514
144,48,7.847
146,48,7.353
148,48,9.878
150,48,1.025
150,50,1.255
148,50,1.098
146,50,1.011
144,50,8.733
142,50,7.317
140,50,6.987
138,50,7.142
136,50,6.631
134,50,7.063
132,50,7.733
130,50,8.658
128,50,9.834
126,50,1.245
124,50,1.465
122,50,1.454
120,50,1.526
118,50,1.780
116,50,1.736
114,50,1.771
112,50,1.630
110,50,1.580
108,50,1.455
106,50,1.360
104,50,1.215
102,50,9.220
100,50,8.753
98,50,7.880
96,50,6.883
94,50,7.628
92,50,9.236
90,50,1.113
88,50,1.396
86,50,1.584
84,50,1.691
82,50,1.778
80,50,1.747
78,50,1.732
76,50,1.401
74,50,1.189
72,50,9.334
70,50,8.078
68,50,7.616
66,50,7.363
64,50,7.873
62,50,1.187
60,50,1.300
58,50,1.518
56,50,1.708
54,50,1.792
52,50,1.483
50,50,1.479
48,50,1.486
46,50,1.418
44,50,7.929
42,50,9.975
40,50,1.356
38,50,1.522
36,50,1.594
34,50,1.815
32,50,1.748
30,50,1.623
28,50,1.422
26,50,8.801
24,50,7.251
22,50,9.101
20,50,1.132
18,50,1.424
16,50,1.629
14,50,1.813
12,50,1.632
10,50,1.267
8,50,9.456
6,50,7.017
4,50,9.468
2,50,1.178
0,50,1.649
0,52,1.617
2,52,1.406
4,52,1.392
6,52,1.221
8,52,7.709
10,52,7.407
12,52,7.187
14,52,8.119
16,52,9.049
18,52,1.311
20,52,1.451
22,52,1.689
24,52,1.807
26,52,1.821
28,52,1.577
30,52,1.558
32,52,1.375
34,52,9.739
36,52,7.408
38,52,7.517
40,52,9.728
42,52,1.316
44,52,1.530
46,52,1.656
48,52,1.820
50,52,1.739
52,52,1.453
54,52,1.092
56,52,9.802
58,52,7.362
60,52,8.351
62,52,9.893
64,52,1.089
66,52,1.378
68,52,1.723
70,52,1.748
72,52,1.640
74,52,1.385
76,52,1.214
78,52,1.058
80,52,8.486
82,52,7.684
84,52,7.071
86,52,1.071
88,52,1.478
90,52,1.645
92,52,1.631
94,52,1.764
96,52,1.732
98,52,1.525
100,52,1.407
102,52,9.872
104,52,8.345
106,52,6.732
108,52,7.378
110,52,8.777
112,52,9.688
114,52,1.096
116,52,1.259
118,52,1.442
120,52,1.681
122,52,1.782
124,52,1.711
126,52,1.489
128,52,1.396
130,52,1.208
132,52,9.898
134,52,1.140
136,52,8.519
138,52,7.084
140,52,6.889
142,52,7.786
144,52,8.084
146,52,1.029
148,52,1.421
150,52,1.563
150,54,1.495
148,54,1.212
146,54,1.301
144,54,1.243
142,54,1.078
140,54,1.180
138,54,9.922
136,54,8.620
134,54,6.864
132,54,7.660
130,54,6.581
128,54,7.584
126,54,8.417
124,54,9.603
122,54,1.111
120,54,1.448
118,54,1.517
116,54,1.662
114,54,1.684
112,54,1.769
110,54,1.723
108,54,1.595
106,54,1.595
104,54,1.485
102,54,1.570
100,54,1.183
98,54,1.129
96,54,1.036
94,54,8.082
92,54,7.292
90,54,9.848
88,54,9.371
86,54,1.108
84,54,1.336
82,54,1.732
80,54,1.664
78,54,1.633
76,54,1.545
74,54,1.458
72,54,1.117
70,54,9.117
68,54,7.430
66,54,8.333
64,54,8.517
62,54,7.807
60,54,9.393
58,54,1.426
56,54,1.480
54,54,1.494
52,54,1.588
50,54,1.550
48,54,1.233
46,54,9.267
44,54,7.176
42,54,7.277
40,54,8.108
38,54,1.072
36,54,1.542
34,54,1.552
32,54,1.599
30,54,1.451
28,54,1.123
26,54,8.458
24,54,7.420
22,54,7.365
20,54,9.315
18,54,1.231
16,54,1.419
14,54,1.614
12,54,1.508
10,54,1.121
8,54,9.085
6,54,7.487
4,54,7.507
2,54,1.117
0,54,1.434
0,56,1.266
2,56,9.598
4,56,8.173
6,56,8.231
8,56,6.905
10,56,7.328
12,56,8.173
14,56,9.472
16,56,1.262
18,56,1.403
20,56,1.575
22,56,1.606
24,56,1.576
26,56,1.498
28,56,1.403
30,56,1.039
32,56,8.464
34,56,6.895
36,56,6.965
38,56,9.551
40,56,1.135
42,56,1.299
44,56,1.519
46,56,1.581
48,56,1.583
50,56,1.536
52,56,1.172
54,56,8.434
56,56,6.945
58,56,6.878
60,56,7.966
62,56,9.871
64,56,1.345
66,56,1.589
68,56,1.578
70,56,1.539
72,56,1.520
74,56,1.162
76,56,9.431
78,56,7.332
80,56,6.513
82,56,8.124
84,56,9.844
86,56,1.171
88,56,1.406
90,56,1.480
92,56,1.597
94,56,1.533
96,56,1.469
98,56,1.406
100,56,1.163
102,56,7.364
104,56,6.779
106,56,7.095
108,56,7.926
110,56,1.064
112,56,1.270
114,56,1.386
116,56,1.350
118,56,1.456
120,56,1.550
122,56,1.552
124,56,1.392
126,56,1.473
128,56,1.231
130,56,8.309
132,56,8.440
134,56,7.152
136,56,6.610
138,56,6.530
140,56,6.799
142,56,1.005
144,56,1.054
146,56,1.269
148,56,1.360
150,56,1.434
150,58,1.459
148,58,1.488
146,58,1.069
144,58,1.511
142,58,1.313
140,58,1.026
138,58,1.104
136,58,1.086
134,58,8.463
132,58,8.334
130,58,8.152
128,58,6.814
126,58,6.400
124,58,7.626
122,58,7.796
120,58,7.788
118,58,1.042
116,58,1.305
114,58,1.342
112,58,1.434
110,58,1.489
108,58,1.593
106,58,1.533
104,58,1.517
102,58,1.412
100,58,1.328
98,58,1.117
96,58,9.751
94,58,9.077
92,58,7.200
90,58,6.387
88,58,7.006
86,58,8.477
84,58,1.095
82,58,1.180
80,58,1.297
78,58,1.438
76,58,1.556
74,58,1.480
72,58,1.424
70,58,1.305
68,58,1.055
66,58,7.857
64,58,6.640
62,58,7.387
60,58,7.158
58,58,9.517
56,58,1.269
54,58,1.051
52,58,1.215
50,58,1.404
48,58,1.558
46,58,1.539
44,58,1.348
42,58,1.066
40,58,6.935
38,58,6.874
36,58,1.503
34,58,1.624
32,58,1.569
30,58,1.598
28,58,1.581
26,58,1.534
24,58,1.427
22,58,1.136
20,58,8.431
18,58,6.994
16,58,1.208
14,58,1.459
12,58,1.550
10,58,1.602
8,58,1.433
6,58,9.691
4,58,6.590
2,58,6.736
0,58,8.357
0,60,1.086
2,60,9.880
4,60,8.583
6,60,8.564
8,60,1.070
10,60,1.033
12,60,1.129
14,60,1.348
16,60,1.360
18,60,1.578
20,60,1.583
22,60,1.408
24,60,1.303
26,60,1.171
28,60,1.143
30,60,8.257
32,60,7.437
34,60,6.728
36,60,9.580
38,60,1.237
40,60,1.406
42,60,1.488
44,60,1.619
46,60,1.476
48,60,1.191
50,60,1.036
52,60,7.878
54,60,6.840
56,60,7.660
58,60,9.227
60,60,1.219
62,60,1.361
64,60,1.489
66,60,1.604
68,60,1.500
70,60,1.396
72,60,1.171
74,60,8.853
76,60,6.645
78,60,6.764
80,60,7.385
82,60,9.107
84,60,1.241
86,60,1.444
88,60,1.596
90,60,1.589
92,60,1.561
94,60,1.328
96,60,1.061
98,60,8.839
100,60,7.737
102,60,6.428
104,60,7.347
106,60,7.999
108,60,1.004
110,60,1.162
112,60,1.499
114,60,1.570
116,60,1.556
118,60,1.532
120,60,1.417
122,60,1.347
124,60,1.251
126,60,1.103
128,60,9.579
130,60,7.742
132,60,6.563
134,60,6.979
136,60,7.970
138,60,8.053
140,60,9.200
142,60,1.169
144,60,1.453
146,60,1.542
148,60,1.494
150,60,1.528
150,62,1.342
148,62,1.429
146,62,1.502
144,62,1.488
142,62,1.492
140,62,1.506
138,62,1.433
136,62,1.345
134,62,8.690
132,62,7.618
130,62,8.675
128,62,6.661
126,62,7.763
124,62,7.118
122,62,7.368
120,62,6.793
118,62,6.476
116,62,8.426
114,62,7.883
112,62,9.496
110,62,1.311
108,62,1.459
106,62,1.544
104,62,1.560
102,62,1.499
100,62,1.491
98,62,9.164
96,62,1.031
94,62,9.687
92,62,8.050
90,62,6.854
88,62,6.820
86,62,7.082
84,62,1.048
82,62,1.286
80,62,1.260
78,62,1.124
76,62,1.512
74,62,1.569
72,62,1.344
70,62,1.107
68,62,1.125
66,62,9.758
64,62,9.565
62,62,7.963
60,62,6.651
58,62,7.481
56,62,7.410
54,62,7.052
52,62,1.376
50,62,1.583
48,62,1.449
46,62,1.368
44,62,1.257
42,62,9.587
40,62,8.277
38,62,9.840
36,62,1.023
34,62,1.095
32,62,1.210
30,62,1.516
28,62,1.562
26,62,1.505
24,62,1.133
22,62,9.744
20,62,7.822
18,62,7.424
16,62,1.207
14,62,1.516
12,62,1.582
10,62,1.605
8,62,1.376
6,62,1.180
4,62,8.533
2,62,6.983
0,62,7.376
0,64,9.394
2,64,7.731
4,64,6.718
6,64,6.655
8,64,9.334
10,64,1.108
12,64,1.365
14,64,1.516
16,64,1.556
18,64,1.607
20,64,1.599
22,64,1.479
24,64,1.419
26,64,1.156
28,64,9.477
30,64,8.611
32,64,6.933
34,64,8.171
36,64,1.226
38,64,1.375
40,64,1.515
42,64,1.596
44,64,1.513
46,64,1.477
48,64,1.231
50,64,1.236
52,64,1.110
54,64,7.740
56,64,8.297
58,64,1.276
60,64,1.459
62,64,1.485
64,64,1.540
66,64,1.591
68,64,1.478
70,64,1.145
72,64,8.243
74,64,7.613
76,64,6.506
78,64,7.411
80,64,9.859
82,64,1.377
84,64,1.442
86,64,1.548
88,64,1.553
90,64,1.532
92,64,1.523
94,64,1.056
96,64,1.039
98,64,9.829
100,64,6.872
102,64,7.042
104,64,7.458
106,64,9.912
108,64,1.200
110,64,1.390
112,64,1.486
114,64,1.525
116,64,1.553
118,64,1.445
120,64,1.268
122,64,1.149
124,64,9.237
126,64,1.068
128,64,7.657
130,64,7.357
132,64,7.096
134,64,7.799
136,64,8.771
138,64,1.081
140,64,1.205
142,64,1.325
144,64,1.439
146,64,1.552
148,64,1.550
150,64,1.530
150,66,1.416
148,66,1.477
146,66,1.512
144,66,1.564
142,66,1.542
140,66,1.548
138,66,1.511
136,66,1.286
134,66,1.190
132,66,1.015
130,66,1.083
128,66,9.246
126,66,9.044
124,66,7.419
122,66,6.906
120,66,6.851
118,66,7.136
116,66,7.843
114,66,9.860
112,66,1.063
110,66,1.270
108,66,1.280
106,66,1.421
104,66,1.530
102,66,1.531
100,66,1.581
98,66,1.545
96,66,1.314
94,66,1.014
92,66,8.836
90,66,7.626
88,66,6.744
86,66,6.602
84,66,6.501
82,66,7.750
80,66,9.365
78,66,1.067
76,66,1.170
74,66,1.338
72,66,1.543
70,66,1.569
68,66,1.548
66,66,1.241
64,66,8.809
62,66,1.062
60,66,7.347
58,66,8.094
56,66,6.827
54,66,1.101
52,66,1.285
50,66,1.477
48,66,1.519
46,66,1.607
44,66,1.519
42,66,1.210
40,66,1.037
38,66,8.014
36,66,7.316
34,66,8.244
32,66,1.130
30,66,1.276
28,66,1.567
26,66,1.578
24,66,1.469
22,66,1.414
20,66,1.029
18,66,7.546
16,66,7.133
14,66,8.898
12,66,1.622
10,66,1.567
8,66,1.506
6,66,1.537
4,66,1.100
2,66,7.324
0,66,9.825
0,68,7.147
2,68,7.481
4,68,8.994
6,68,1.213
8,68,1.311
10,68,1.392
12,68,1.546
14,68,1.613
16,68,1.563
18,68,1.308
20,68,1.430
22,68,1.206
24,68,8.594
26,68,7.038
28,68,7.764
30,68,6.841
32,68,7.819
34,68,8.758
36,68,1.388
38,68,1.608
40,68,1.623
42,68,1.519
44,68,1.414
46,68,1.554
48,68,9.841
50,68,7.281
52,68,6.547
54,68,8.468
56,68,9.519
58,68,1.228
60,68,1.610
62,68,1.515
64,68,1.393
66,68,1.136
68,68,1.057
70,68,9.260
72,68,6.974
74,68,7.056
76,68,8.782
78,68,9.888
80,68,1.349
82,68,1.448
84,68,1.578
86,68,1.589
88,68,1.500
90,68,1.355
92,68,8.572
94,68,6.831
96,68,7.217
98,68,7.136
100,68,9.296
102,68,8.738
104,68,1.041
106,68,1.157
108,68,1.448
110,68,1.543
112,68,1.521
114,68,1.409
116,68,1.071
118,68,1.007
120,68,9.391
122,68,9.498
124,68,7.439
126,68,7.250
128,68,7.016
130,68,7.137
132,68,8.596
134,68,1.203
136,68,1.306
138,68,1.156
140,68,1.381
142,68,1.565
144,68,1.531
146,68,1.549
148,68,1.359
150,68,1.084
150,70,9.969
148,70,1.150
146,70,1.334
144,70,1.404
142,70,1.405
140,70,1.519
138,70,1.555
136,70,1.558
134,70,1.480
132,70,1.391
130,70,1.247
128,70,1.417
126,70,1.048
124,70,6.838
122,70,6.494
120,70,9.060
118,70,8.740
116,70,8.631
114,70,6.874
112,70,8.007
110,70,8.188
108,70,9.472
106,70,1.132
104,70,1.252
102,70,1.433
100,70,1.493
98,70,1.522
96,70,1.555
94,70,1.511
92,70,1.520
90,70,1.290
88,70,1.026
86,70,9.174
84,70,7.301
82,70,6.330
80,70,6.676
78,70,8.528
76,70,9.038
74,70,1.331
72,70,1.480
70,70,1.563
68,70,1.540
66,70,1.515
64,70,1.410
62,70,1.197
60,70,8.584
58,70,7.302
56,70,6.557
54,70,6.658
52,70,8.806
50,70,1.009
48,70,1.350
46,70,1.497
44,70,1.595
42,70,1.534
40,70,1.396
38,70,1.183
36,70,9.285
34,70,6.776
32,70,7.762
30,70,9.901
28,70,1.315
26,70,1.407
24,70,1.643
22,70,1.561
20,70,1.392
18,70,1.035
16,70,7.375
14,70,6.893
12,70,9.095
10,70,1.263
8,70,1.539
6,70,1.547
4,70,1.273
2,70,1.184
0,70,8.353
0,72,9.646
2,72,9.041
4,72,1.123
6,72,1.485
8,72,1.567
10,72,1.597
12,72,1.599
14,72,1.641
16,72,1.543
18,72,1.255
20,72,1.100
22,72,8.307
24,72,7.756
26,72,7.649
28,72,8.038
30,72,1.197
32,72,1.093
34,72,1.383
36,72,1.592
38,72,1.559
40,72,1.488
42,72,1.210
44,72,8.857
46,72,7.778
48,72,7.152
50,72,8.290
52,72,1.149
54,72,1.391
56,72,1.480
58,72,1.563
60,72,1.593
62,72,1.563
64,72,1.360
66,72,9.928
68,72,7.453
70,72,6.986
72,72,6.971
74,72,8.744
76,72,1.081
78,72,1.268
80,72,1.307
82,72,1.535
84,72,1.484
86,72,1.218
88,72,9.844
90,72,9.310
92,72,7.991
94,72,6.339
96,72,6.318
98,72,8.041
100,72,1.069
102,72,1.145
104,72,1.434
106,72,1.488
108,72,1.519
110,72,1.499
112,72,1.519
114,72,1.363
116,72,1.127
118,72,7.637
120,72,6.588
122,72,7.111
124,72,6.713
126,72,7.627
128,72,9.650
130,72,8.906
132,72,1.017
134,72,1.030
136,72,1.419
138,72,1.447
140,72,1.518
142,72,1.529
144,72,1.446
146,72,1.378
148,72,1.289
150,72,9.298
150,74,1.003
148,74,9.832
146,74,1.125
144,74,9.751
142,74,1.240
140,74,1.299
138,74,1.462
136,74,1.409
134,74,1.495
132,74,1.511
130,74,1.556
128,74,1.420
126,74,1.355
124,74,1.142
122,74,9.943
120,74,8.999
118,74,8.991
116,74,7.468
114,74,7.414
112,74,7.022
110,74,7.074
108,74,8.348
106,74,1.011
104,74,1.117
102,74,1.166
100,74,1.311
98,74,1.533
96,74,1.547
94,74,1.425
92,74,1.340
90,74,1.392
88,74,1.233
86,74,1.211
84,74,1.019
82,74,7.922
80,74,6.560
78,74,7.387
76,74,8.651
74,74,9.789
72,74,1.226
70,74,1.562
68,74,1.519
66,74,1.584
64,74,1.579
62,74,1.432
60,74,1.147
58,74,8.248
56,74,7.150
54,74,7.255
52,74,9.012
50,74,9.712
48,74,1.154
46,74,1.383
44,74,1.546
42,74,1.584
40,74,1.452
38,74,1.305
36,74,9.422
34,74,7.209
32,74,7.044
30,74,9.512
28,74,1.136
26,74,1.316
24,74,1.577
22,74,1.575
20,74,1.424
18,74,1.076
16,74,7.776
14,74,6.647
12,74,7.243
10,74,9.491
8,74,1.463
6,74,1.634
4,74,1.408
2,74,1.077
0,74,8.557
0,76,8.852
2,76,1.075
4,76,1.093
6,76,1.356
8,76,1.541
10,76,1.615
12,76,1.591
14,76,1.566
16,76,1.426
18,76,1.091
20,76,8.951
22,76,7.100
24,76,6.492
26,76,7.613
28,76,9.027
30,76,1.200
32,76,1.481
34,76,1.576
36,76,1.540
38,76,1.594
40,76,1.497
42,76,1.271
44,76,8.464
46,76,8.212
48,76,6.960
50,76,7.919
52,76,1.200
54,76,1.465
56,76,1.516
58,76,1.273
60,76,1.387
62,76,1.281
64,76,1.136
66,76,8.569
68,76,6.608
70,76,9.442
72,76,6.846
74,76,8.363
76,76,1.203
78,76,1.486
80,76,1.481
82,76,1.131
84,76,1.459
86,76,1.170
88,76,1.189
90,76,7.411
92,76,7.235
94,76,6.632
96,76,7.074
98,76,8.719
100,76,1.091
102,76,1.055
104,76,1.354
106,76,1.546
108,76,1.418
110,76,1.312
112,76,1.239
114,76,1.033
116,76,9.038
118,76,7.767
120,76,6.622
122,76,6.689
124,76,7.072
126,76,8.082
128,76,9.777
130,76,1.085
132,76,1.281
134,76,1.418
136,76,1.523
138,76,1.548
140,76,1.472
142,76,1.377
144,76,1.217
146,76,1.308
148,76,1.170
150,76,9.642
150,78,6.875
148,78,7.768
146,78,9.069
144,78,1.211
142,78,1.359
140,78,1.398
138,78,1.343
136,78,1.441
134,78,1.540
132,78,1.552
130,78,1.533
128,78,1.531
126,78,1.538
124,78,1.331
122,78,1.283
120,78,9.932
118,78,9.419
116,78,7.949
114,78,7.575
112,78,6.573
110,78,6.604
108,78,7.099
106,78,7.778
104,78,7.523
102,78,8.408
100,78,1.316
98,78,1.484
96,78,1.568
94,78,1.530
92,78,1.570
90,78,1.476
88,78,1.482
86,78,1.364
84,78,1.121
82,78,9.057
80,78,7.748
78,78,6.523
76,78,7.366
74,78,7.770
72,78,9.067
70,78,1.088
68,78,1.483
66,78,1.557
64,78,1.302
62,78,1.221
60,78,1.187
58,78,1.352
56,78,1.100
54,78,8.207
52,78,6.647
50,78,7.307
48,78,1.104
46,78,1.199
44,78,1.372
42,78,1.541
40,78,1.534
38,78,1.555
36,78,1.242
34,78,8.828
32,78,8.152
30,78,6.909
28,78,1.089
26,78,1.194
24,78,1.471
22,78,1.573
20,78,1.512
18,78,1.261
16,78,1.029
14,78,8.184
12,78,7.207
10,78,8.170
8,78,1.096
6,78,1.483
4,78,1.499
2,78,1.273
0,78,9.351
0,80,9.016
2,80,1.088
4,80,1.221
6,80,1.504
8,80,1.600
10,80,1.554
12,80,1.554
14,80,1.135
16,80,1.172
18,80,9.929
20,80,9.697
22,80,8.709
24,80,9.030
26,80,8.543
28,80,1.435
30,80,1.319
32,80,1.234
34,80,1.520
36,80,1.331
38,80,1.463
40,80,1.374
42,80,9.290
44,80,6.601
46,80,7.034
48,80,8.739
50,80,1.165
52,80,1.284
54,80,1.579
56,80,1.567
58,80,1.493
60,80,1.285
62,80,1.086
64,80,9.134
66,80,7.808
68,80,6.783
70,80,8.140
72,80,1.173
74,80,1.496
76,80,1.455
78,80,1.398
80,80,1.507
82,80,1.444
84,80,9.647
86,80,7.770
88,80,7.409
90,80,6.817
92,80,6.395
94,80,6.819
96,80,8.637
98,80,1.116
100,80,1.413
102,80,1.522
104,80,1.490
106,80,1.502
108,80,1.391
110,80,1.151
112,80,9.842
114,80,1.006
116,80,7.963
118,80,6.353
120,80,7.239
122,80,7.540
124,80,7.563
126,80,9.400
128,80,1.182
130,80,1.425
132,80,1.458
134,80,1.520
136,80,1.523
138,80,1.561
140,80,1.321
142,80,1.430
144,80,1.258
146,80,8.719
148,80,6.598
150,80,6.532
150,82,7.237
148,82,6.686
146,82,7.528
144,82,7.287
142,82,8.343
140,82,1.444
138,82,1.075
136,82,7.076
134,82,1.211
132,82,1.509
130,82,1.562
128,82,1.531
126,82,1.507
124,82,1.531
122,82,1.469
120,82,1.415
118,82,1.286
116,82,1.104
114,82,9.688
112,82,9.363
110,82,8.419
108,82,7.055
106,82,7.118
104,82,8.653
102,82,9.021
100,82,8.563
98,82,9.833
96,82,1.295
94,82,1.486
92,82,1.583
90,82,1.533
88,82,1.477
86,82,1.399
84,82,1.206
82,82,1.014
80,82,8.890
78,82,7.592
76,82,7.546
74,82,6.595
72,82,7.636
70,82,1.006
68,82,1.050
66,82,7.905
64,82,9.278
62,82,1.512
60,82,1.379
58,82,1.212
56,82,1.284
54,82,1.421
52,82,8.956
50,82,7.578
48,82,7.188
46,82,8.284
44,82,1.247
42,82,1.538
40,82,1.589
38,82,1.581
36,82,1.491
34,82,1.396
32,82,9.846
30,82,7.020
28,82,8.613
26,82,1.160
24,82,1.255
22,82,1.484
20,82,1.564
18,82,1.445
16,82,1.244
14,82,9.276
12,82,6.708
10,82,7.069
8,82,8.293
6,82,1.214
4,82,1.590
2,82,1.639
0,82,1.447
0,84,1.499
2,84,1.475
4,84,1.597
6,84,1.651
8,84,1.572
10,84,1.616
12,84,1.534
14,84,1.368
16,84,9.204
18,84,7.123
20,84,6.688
22,84,7.554
24,84,8.369
26,84,1.133
28,84,1.203
30,84,1.511
32,84,1.595
34,84,1.217
36,84,8.598
38,84,9.361
40,84,6.784
42,84,8.862
44,84,6.953
46,84,7.065
48,84,9.184
50,84,1.352
52,84,1.527
54,84,1.579
56,84,1.536
58,84,1.389
60,84,1.168
62,84,8.889
64,84,7.566
66,84,6.445
68,84,8.710
70,84,1.185
72,84,1.239
74,84,1.357
76,84,1.558
78,84,1.560
80,84,1.456
82,84,1.147
84,84,1.028
86,84,8.655
88,84,6.652
90,84,6.491
92,84,7.275
94,84,9.453
96,84,1.128
98,84,1.319
100,84,1.427
102,84,1.543
104,84,1.559
106,84,1.388
108,84,1.187
110,84,1.070
112,84,8.563
114,84,7.983
116,84,7.393
118,84,6.381
120,84,7.538
122,84,8.918
124,84,1.215
126,84,1.353
128,84,1.353
130,84,1.501
132,84,1.534
134,84,1.552
136,84,1.483
138,84,1.398
140,84,1.184
142,84,1.120
144,84,9.172
146,84,9.123
148,84,7.327
150,84,6.347
150,86,6.747
148,86,6.514
146,86,6.791
144,86,6.750
142,86,8.506
140,86,7.630
138,86,8.502
136,86,1.115
134,86,1.242
132,86,1.357
130,86,1.490
128,86,1.535
126,86,1.484
124,86,1.557
122,86,1.518
120,86,1.374
118,86,1.310
116,86,1.177
114,86,1.071
112,86,9.167
110,86,8.533
108,86,7.830
106,86,7.466
104,86,7.009
102,86,7.245
100,86,8.187
98,86,1.085
96,86,1.226
94,86,1.278
92,86,1.318
90,86,1.535
88,86,1.532
86,86,1.402
84,86,1.365
82,86,1.302
80,86,1.136
78,86,8.117
76,86,7.687
74,86,6.826
72,86,6.789
70,86,6.820
68,86,8.747
66,86,1.297
64,86,1.387
62,86,1.569
60,86,1.570
58,86,1.438
56,86,1.291
54,86,1.078
52,86,9.244
50,86,8.197
48,86,7.155
46,86,7.745
44,86,1.081
42,86,1.314
40,86,1.575
38,86,1.552
36,86,1.528
34,86,1.258
32,86,1.027
30,86,8.969
28,86,6.439
26,86,7.331
24,86,7.826
22,86,1.088
20,86,1.522
18,86,1.523
16,86,1.363
14,86,1.103
12,86,8.120
10,86,7.771
8,86,7.278
6,86,1.018
4,86,1.339
2,86,1.587
0,86,1.547
0,88,1.510
2,88,1.561
4,88,1.634
6,88,1.588
8,88,1.434
10,88,1.236
12,88,9.280
14,88,9.001
16,88,6.953
18,88,6.797
20,88,8.494
22,88,1.395
24,88,1.495
26,88,1.516
28,88,1.594
30,88,1.556
32,88,1.426
34,88,1.551
36,88,1.329
38,88,1.175
40,88,8.227
42,88,7.447
44,88,7.083
46,88,9.000
48,88,1.294
50,88,1.483
52,88,1.569
54,88,1.490
56,88,1.020
58,88,1.174
60,88,7.916
62,88,7.846
64,88,6.491
66,88,7.683
68,88,8.642
70,88,1.043
72,88,1.039
74,88,1.404
76,88,1.571
78,88,1.348
80,88,9.873
82,88,8.334
84,88,7.429
86,88,6.691
88,88,6.821
90,88,6.996
92,88,1.154
94,88,1.195
96,88,1.229
98,88,1.451
100,88,1.522
102,88,1.527
104,88,1.405
106,88,1.178
108,88,1.030
110,88,1.026
112,88,7.034
114,88,7.286
116,88,6.941
118,88,8.173
120,88,1.016
122,88,1.144
124,88,1.246
126,88,1.041
128,88,1.348
130,88,1.482
132,88,1.564
134,88,1.335
136,88,1.367
138,88,1.279
140,88,1.103
142,88,1.010
144,88,7.645
146,88,6.461
148,88,6.791
150,88,7.143
150,90,8.558
148,90,7.449
146,90,7.008
144,90,6.667
142,90,7.291
140,90,8.243
138,90,8.480
136,90,7.844
134,90,8.144
132,90,1.093
130,90,1.249
128,90,1.255
126,90,1.411
124,90,1.498
122,90,1.560
120,90,1.556
118,90,1.520
116,90,1.342
114,90,1.252
112,90,1.008
110,90,9.287
108,90,9.129
106,90,8.765
104,90,7.767
102,90,6.939
100,90,7.598
98,90,9.164
96,90,8.918
94,90,1.060
92,90,1.189
90,90,1.477
88,90,1.517
86,90,1.508
84,90,1.521
82,90,1.383
80,90,1.205
78,90,1.119
76,90,9.696
74,90,9.598
72,90,6.581
70,90,7.355
68,90,8.809
66,90,9.816
64,90,1.219
62,90,1.535
60,90,1.570
58,90,1.543
56,90,1.504
54,90,1.263
52,90,1.230
50,90,9.644
48,90,6.648
46,90,8.263
44,90,8.843
42,90,1.136
40,90,1.332
38,90,1.513
36,90,1.602
34,90,1.511
32,90,1.063
30,90,8.610
28,90,7.093
26,90,7.253
24,90,1.083
22,90,1.350
20,90,1.543
18,90,1.527
16,90,1.551
14,90,1.263
12,90,1.009
10,90,6.964
8,90,7.270
6,90,1.090
4,90,1.306
2,90,1.589
0,90,1.621
0,92,1.618
2,92,1.617
4,92,1.653
6,92,1.440
8,92,1.126
10,92,1.198
12,92,8.746
14,92,7.829
16,92,6.599
18,92,7.301
20,92,9.263
22,92,9.024
24,92,1.063
26,92,1.597
28,92,1.608
30,92,1.583
32,92,1.532
34,92,1.279
36,92,9.923
38,92,7.669
40,92,7.026
42,92,8.940
44,92,1.000
46,92,1.097
48,92,1.263
50,92,1.545
52,92,1.535
54,92,1.450
56,92,1.188
58,92,1.140
60,92,8.952
62,92,6.879
64,92,8.522
66,92,9.119
68,92,1.147
70,92,1.315
72,92,1.389
74,92,1.549
76,92,1.441
78,92,1.401
80,92,1.205
82,92,8.405
84,92,7.804
86,92,6.447
88,92,7.571
90,92,9.477
92,92,1.184
94,92,1.381
96,92,1.497
98,92,1.525
100,92,1.538
102,92,1.534
104,92,1.350
106,92,1.190
108,92,8.003
110,92,7.410
112,92,6.374
114,92,7.037
116,92,7.368
118,92,8.874
120,92,1.053
122,92,1.261
124,92,1.417
126,92,1.506
128,92,1.539
130,92,1.500
132,92,1.417
134,92,1.459
136,92,1.410
138,92,1.194
140,92,8.501
142,92,6.930
144,92,6.510
146,92,6.754
148,92,6.534
150,92,8.172
150,94,7.989
148,94,7.788
146,94,8.033
144,94,7.882
142,94,6.485
140,94,6.747
138,94,6.394
136,94,6.926
134,94,6.946
132,94,7.772
130,94,1.195
128,94,1.343
126,94,1.499
124,94,1.532
122,94,1.477
120,94,1.550
118,94,1.518
116,94,1.489
114,94,1.387
112,94,1.332
110,94,1.168
108,94,1.136
106,94,9.183
104,94,7.158
102,94,6.401
100,94,6.450
98,94,6.629
96,94,8.198
94,94,9.149
92,94,1.065
90,94,1.307
88,94,1.440
86,94,1.549
84,94,1.573
82,94,1.493
80,94,1.316
78,94,1.202
76,94,9.578
74,94,8.425
72,94,8.196
70,94,6.960
68,94,1.055
66,94,1.361
64,94,1.324
62,94,1.440
60,94,1.306
58,94,1.472
56,94,1.429
54,94,9.195
52,94,7.483
50,94,8.743
48,94,7.417
46,94,7.063
44,94,7.582
42,94,9.925
40,94,1.245
38,94,1.496
36,94,1.553
34,94,1.610
32,94,1.353
30,94,1.155
28,94,9.895
26,94,7.658
24,94,6.991
22,94,9.736
20,94,1.278
18,94,1.576
16,94,1.580
14,94,1.421
12,94,1.214
10,94,7.988
8,94,6.863
6,94,8.578
4,94,1.079
2,94,1.397
0,94,1.585
0,96,1.635
2,96,1.530
4,96,1.478
6,96,1.293
8,96,1.134
10,96,9.256
12,96,7.432
14,96,6.958
16,96,7.179
18,96,8.922
20,96,1.090
22,96,1.183
24,96,1.391
26,96,1.581
28,96,1.620
30,96,1.446
32,96,1.231
34,96,9.764
36,96,8.017
38,96,7.735
40,96,7.028
42,96,8.309
44,96,1.130
46,96,1.317
48,96,1.407
50,96,1.571
52,96,1.511
54,96,1.404
56,96,1.190
58,96,9.281
60,96,7.108
62,96,6.767
64,96,7.989
66,96,1.022
68,96,1.109
70,96,1.389
72,96,1.458
74,96,1.513
76,96,1.446
78,96,1.097
80,96,8.930
82,96,8.578
84,96,7.922
86,96,6.820
88,96,7.435
90,96,8.655
92,96,1.304
94,96,1.171
96,96,1.376
98,96,1.552
100,96,1.506
102,96,1.303
104,96,1.281
106,96,1.114
108,96,8.120
110,96,6.658
112,96,6.670
114,96,7.425
116,96,8.299
118,96,9.437
120,96,1.202
122,96,1.288
124,96,1.445
126,96,1.497
128,96,1.485
130,96,1.395
132,96,1.320
134,96,1.131
136,96,1.126
138,96,9.991
140,96,8.771
142,96,6.971
144,96,7.015
146,96,6.429
148,96,7.364
150,96,8.029
150,98,1.020
148,98,7.842
146,98,7.992
144,98,6.538
142,98,6.673
140,98,6.748
138,98,7.569
136,98,8.270
134,98,8.051
132,98,8.896
130,98,1.005
128,98,1.149
126,98,1.359
124,98,1.445
122,98,1.479
120,98,1.514
118,98,1.511
116,98,1.503
114,98,1.440
112,98,1.239
110,98,1.110
108,98,9.702
106,98,9.291
104,98,7.502
102,98,6.617
100,98,6.771
98,98,6.933
96,98,7.848
94,98,9.871
92,98,1.167
90,98,1.373
88,98,1.386
86,98,1.509
84,98,1.538
82,98,1.574
80,98,1.485
78,98,1.341
76,98,1.016
74,98,8.464
72,98,7.438
70,98,6.926
68,98,8.360
66,98,9.690
64,98,9.862
62,98,1.238
60,98,1.405
58,98,1.476
56,98,1.383
54,98,1.386
52,98,1.238
50,98,9.310
48,98,7.893
46,98,6.118
44,98,7.063
42,98,9.799
40,98,1.305
38,98,1.500
36,98,1.542
34,98,1.550
32,98,1.398
30,98,1.092
28,98,7.936
26,98,6.672
24,98,6.991
22,98,7.910
20,98,1.218
18,98,1.503
16,98,1.598
14,98,1.435
12,98,1.116
10,98,8.852
8,98,7.958
6,98,7.365
4,98,1.130
2,98,1.437
0,98,1.616
0,100,1.599
2,100,1.555
4,100,1.395
6,100,1.324
8,100,9.799
10,100,8.346
12,100,7.822
14,100,6.789
16,100,8.726
18,100,1.108
20,100,1.151
22,100,1.226
24,100,1.502
26,100,1.612
28,100,1.592
30,100,1.445
32,100,1.063
34,100,8.942
36,100,7.869
38,100,6.672
40,100,7.267
42,100,8.847
44,100,1.104
46,100,1.292
48,100,1.560
50,100,1.562
52,100,1.507
54,100,1.281
56,100,9.100
58,100,7.662
60,100,5.931
62,100,7.005
64,100,8.852
66,100,1.012
68,100,1.212
70,100,1.433
72,100,1.462
74,100,1.407
76,100,9.388
78,100,8.809
80,100,7.975
82,100,8.026
84,100,6.897
86,100,7.167
88,100,1.010
90,100,1.167
92,100,1.422
94,100,1.521
96,100,1.572
98,100,1.538
100,100,1.453
102,100,1.263
104,100,1.018
106,100,8.215
108,100,6.976
110,100,6.590
112,100,6.331
114,100,8.006
116,100,8.859
118,100,1.083
120,100,1.325
122,100,1.427
124,100,1.491
126,100,1.554
128,100,1.512
130,100,1.478
132,100,1.335
134,100,1.251
136,100,9.799
138,100,8.467
140,100,7.484
142,100,6.873
144,100,7.703
146,100,9.058
148,100,9.839
150,100,1.062
150,102,1.091
148,102,9.826
146,102,7.960
144,102,7.085
142,102,7.623
140,102,7.325
138,102,6.877
136,102,6.512
134,102,6.685
132,102,7.670
130,102,8.624
128,102,1.034
126,102,1.140
124,102,1.299
122,102,1.400
120,102,1.402
118,102,1.522
116,102,1.521
114,102,1.541
112,102,1.506
110,102,1.430
108,102,1.064
106,102,1.057
104,102,1.081
102,102,9.472
100,102,6.746
98,102,6.630
96,102,6.763
94,102,7.804
92,102,9.134
90,102,1.156
88,102,1.216
86,102,1.371
84,102,1.509
82,102,1.501
80,102,1.516
78,102,1.356
76,102,1.181
74,102,1.000
72,102,7.922
70,102,6.689
68,102,6.277
66,102,7.807
64,102,7.449
62,102,8.772
60,102,1.157
58,102,1.352
56,102,1.313
54,102,1.443
52,102,1.260
50,102,1.004
48,102,8.408
46,102,6.839
44,102,1.296
42,102,9.740
40,102,1.171
38,102,1.277
36,102,1.467
34,102,1.467
32,102,1.557
30,102,1.182
28,102,1.158
26,102,9.525
24,102,6.852
22,102,7.007
20,102,1.080
18,102,1.309
16,102,1.578
14,102,1.464
12,102,9.531
10,102,8.567
8,102,8.076
6,102,6.995
4,102,7.144
2,102,9.215
0,102,1.478
0,104,1.464
2,104,1.266
4,104,1.288
6,104,1.409
8,104,9.503
10,104,7.039
12,104,7.112
14,104,1.000
16,104,7.659
18,104,9.650
20,104,1.371
22,104,1.520
24,104,1.626
26,104,1.516
28,104,1.588
30,104,1.253
32,104,1.162
34,104,7.386
36,104,7.215
38,104,7.416
40,104,8.038
42,104,1.135
44,104,1.464
46,104,1.520
48,104,1.548
50,104,1.438
52,104,1.087
54,104,9.622
56,104,8.204
58,104,6.960
60,104,5.979
62,104,7.734
64,104,1.014
66,104,1.244
68,104,1.306
70,104,1.390
72,104,1.346
74,104,1.282
76,104,1.062
78,104,1.003
80,104,7.749
82,104,6.544
84,104,8.211
86,104,1.081
88,104,1.170
90,104,1.236
92,104,1.390
94,104,1.515
96,104,1.537
98,104,1.394
100,104,1.323
102,104,1.127
104,104,9.882
106,104,8.039
108,104,7.177
110,104,6.772
112,104,8.084
114,104,1.058
116,104,1.104
118,104,1.345
120,104,1.474
122,104,1.424
124,104,1.501
126,104,1.516
128,104,1.373
130,104,1.268
132,104,1.165
134,104,1.047
136,104,1.021
138,104,7.896
140,104,7.252
142,104,6.653
144,104,8.024
146,104,1.003
148,104,1.098
150,104,8.979
150,106,1.045
148,106,1.085
146,106,9.827
144,106,1.048
142,106,8.878
140,106,7.127
138,106,6.546
136,106,6.893
134,106,6.419
132,106,7.605
130,106,8.560
128,106,7.634
126,106,1.009
124,106,1.116
122,106,1.363
120,106,1.526
118,106,1.549
116,106,1.482
114,106,1.533
112,106,1.493
110,106,1.431
108,106,1.348
106,106,1.258
104,106,1.120
102,106,9.906
100,106,8.790
98,106,6.932
96,106,6.915
94,106,7.681
92,106,8.679
90,106,9.731
88,106,9.418
86,106,1.261
84,106,1.462
82,106,1.516
80,106,1.483
78,106,1.557
76,106,1.359
74,106,1.002
72,106,7.786
70,106,6.649
68,106,6.338
66,106,6.753
64,106,1.172
62,106,1.215
60,106,1.228
58,106,1.238
56,106,1.381
54,106,1.401
52,106,1.376
50,106,1.178
48,106,1.028
46,106,8.709
44,106,7.139
42,106,7.761
40,106,7.934
38,106,1.073
36,106,1.439
34,106,1.477
32,106,1.503
30,106,1.520
28,106,1.290
26,106,1.079
24,106,7.049
22,106,7.179
20,106,9.765
18,106,1.028
16,106,1.275
14,106,1.577
12,106,1.486
10,106,1.066
8,106,8.625
6,106,7.355
4,106,9.511
2,106,1.199
0,106,1.371
0,108,1.560
2,108,1.490
4,108,1.133
6,108,1.119
8,108,1.182
10,108,8.654
12,108,7.440
14,108,8.910
16,108,1.220
18,108,1.483
20,108,1.256
22,108,1.477
24,108,1.465
26,108,1.451
28,108,1.463
30,108,1.205
32,108,8.760
34,108,6.742
36,108,7.393
38,108,6.636
40,108,7.807
42,108,8.320
44,108,1.153
46,108,1.552
48,108,1.587
50,108,1.424
52,108,1.334
54,108,9.791
56,108,7.541
58,108,6.418
60,108,7.254
62,108,9.373
64,108,1.129
66,108,1.269
68,108,1.403
70,108,1.425
72,108,1.411
74,108,1.255
76,108,1.184
78,108,1.123
80,108,6.922
82,108,6.470
84,108,7.657
86,108,8.429
88,108,9.191
90,108,1.252
92,108,1.432
94,108,1.411
96,108,1.494
98,108,1.394
100,108,1.396
102,108,1.018
104,108,7.233
106,108,7.079
108,108,7.049
110,108,6.759
112,108,7.900
114,108,1.074
116,108,1.192
118,108,1.255
120,108,1.393
122,108,1.501
124,108,1.515
126,108,1.478
128,108,1.504
130,108,1.237
132,108,1.057
134,108,9.213
136,108,7.502
138,108,8.565
140,108,6.706
142,108,7.595
144,108,8.005
146,108,7.605
148,108,7.821
150,108,1.020
150,110,1.098
148,110,1.106
146,110,1.023
144,110,1.238
142,110,1.517
140,110,7.305
138,110,7.061
136,110,8.055
134,110,7.705
132,110,8.548
130,110,8.759
128,110,8.978
126,110,9.133
124,110,1.148
122,110,1.398
120,110,1.508
118,110,1.495
116,110,1.504
114,110,1.494
112,110,1.353
110,110,1.481
108,110,1.384
106,110,1.241
104,110,1.089
102,110,8.218
100,110,7.111
98,110,7.330
96,110,7.078
94,110,6.476
92,110,8.028
90,110,1.186
88,110,1.217
86,110,1.215
84,110,1.269
82,110,1.500
80,110,1.534
78,110,1.444
76,110,1.317
74,110,1.326
72,110,1.032
70,110,7.298
68,110,9.372
66,110,8.098
64,110,1.192
62,110,9.818
60,110,1.197
58,110,1.431
56,110,1.390
54,110,1.426
52,110,1.303
50,110,1.325
48,110,1.370
46,110,8.312
44,110,7.540
42,110,9.721
40,110,7.956
38,110,9.599
36,110,1.308
34,110,1.541
32,110,1.502
30,110,1.473
28,110,1.213
26,110,1.029
24,110,7.662
22,110,7.166
20,110,8.615
18,110,1.429
16,110,1.587
14,110,1.623
12,110,1.612
10,110,1.367
8,110,9.402
6,110,7.181
4,110,7.426
2,110,8.008
0,110,1.347
0,112,1.474
2,112,9.096
4,112,8.717
6,112,8.493
8,112,6.876
10,112,7.305
12,112,7.018
14,112,8.335
16,112,1.155
18,112,1.356
20,112,1.487
22,112,1.555
24,112,1.615
26,112,1.498
28,112,1.398
30,112,1.063
32,112,8.353
34,112,7.277
36,112,6.759
38,112,8.277
40,112,9.123
42,112,1.200
44,112,1.403
46,112,1.591
48,112,1.589
50,112,1.502
52,112,1.217
54,112,1.006
56,112,6.997
58,112,7.576
60,112,9.818
62,112,8.905
64,112,1.002
66,112,1.261
68,112,1.410
70,112,1.398
72,112,1.285
74,112,1.149
76,112,9.720
78,112,8.195
80,112,7.700
82,112,7.013
84,112,7.312
86,112,8.677
88,112,1.222
90,112,1.374
92,112,1.488
94,112,1.546
96,112,1.515
98,112,1.435
100,112,6.606
102,112,7.626
104,112,6.568
106,112,7.317
108,112,6.490
110,112,6.978
112,112,9.317
114,112,1.018
116,112,1.279
118,112,1.396
120,112,1.519
122,112,1.546
124,112,1.490
126,112,1.517
128,112,1.346
130,112,1.181
132,112,1.022
134,112,8.936
136,112,7.660
138,112,6.998
140,112,6.442
142,112,6.657
144,112,6.990
146,112,8.717
148,112,1.012
150,112,1.109
150,114,1.290
148,114,1.353
146,114,1.197
144,114,1.101
142,114,9.629
140,114,7.632
138,114,6.970
136,114,6.893
134,114,7.086
132,114,6.352
130,114,7.727
128,114,7.181
126,114,8.328
124,114,1.148
122,114,1.186
120,114,1.312
118,114,1.284
116,114,1.542
114,114,1.561
112,114,1.526
110,114,1.502
108,114,1.344
106,114,1.315
104,114,1.289
102,114,1.102
100,114,9.245
98,114,7.310
96,114,6.324
94,114,7.167
92,114,6.929
90,114,8.024
88,114,9.279
86,114,1.082
84,114,1.315
82,114,1.561
80,114,1.531
78,114,1.535
76,114,1.329
74,114,1.283
72,114,1.122
70,114,1.057
68,114,6.889
66,114,6.779
64,114,7.001
62,114,6.869
60,114,9.248
58,114,1.253
56,114,1.342
54,114,1.433
52,114,1.504
50,114,1.370
48,114,1.203
46,114,9.739
44,114,7.305
42,114,7.119
40,114,7.441
38,114,9.878
36,114,1.242
34,114,1.489
32,114,1.546
30,114,1.448
28,114,1.251
26,114,1.048
24,114,8.170
22,114,7.395
20,114,6.936
18,114,1.003
16,114,1.365
14,114,1.576
12,114,1.605
10,114,1.377
8,114,1.003
6,114,8.668
4,114,6.913
2,114,9.113
0,114,1.369
0,116,1.186
2,116,1.029
4,116,9.346
6,116,7.847
8,116,6.696
10,116,7.928
12,116,8.662
14,116,9.784
16,116,1.299
18,116,1.467
20,116,1.549
22,116,1.612
24,116,1.480
26,116,1.421
28,116,1.230
30,116,1.078
32,116,9.489
34,116,6.816
36,116,7.740
38,116,9.015
40,116,1.157
42,116,1.255
44,116,1.593
46,116,1.507
48,116,1.397
50,116,1.241
52,116,1.020
54,116,8.425
56,116,6.589
58,116,7.635
60,116,9.085
62,116,1.121
64,116,1.291
66,116,1.459
68,116,1.501
70,116,1.510
72,116,1.322
74,116,1.101
76,116,8.444
78,116,7.041
80,116,6.382
82,116,7.751
84,116,8.888
86,116,1.102
88,116,1.255
90,116,1.439
92,116,1.549
94,116,1.530
96,116,1.525
98,116,1.293
100,116,1.015
102,116,7.810
104,116,7.424
106,116,6.479
108,116,7.494
110,116,8.394
112,116,9.125
114,116,1.007
116,116,1.214
118,116,1.474
120,116,1.523
122,116,1.561
124,116,1.509
126,116,1.398
128,116,1.304
130,116,1.201
132,116,9.376
134,116,7.735
136,116,6.941
138,116,6.473
140,116,6.386
142,116,7.758
144,116,8.512
146,116,9.368
148,116,1.101
150,116,1.186
150,118,1.266
148,118,1.326
146,118,1.320
144,118,1.119
142,118,1.033
140,118,9.178
138,118,9.303
136,118,8.754
134,118,7.279
132,118,6.426
130,118,7.204
128,118,7.239
126,118,8.326
124,118,9.620
122,118,1.176
120,118,1.083
118,118,1.366
116,118,1.335
114,118,1.528
112,118,1.460
110,118,1.527
108,118,1.549
106,118,1.241
104,118,1.306
102,118,1.263
100,118,1.327
98,118,1.149
96,118,8.417
94,118,7.542
92,118,6.749
90,118,8.708
88,118,1.014
86,118,1.040
84,118,1.301
82,118,1.337
80,118,1.481
78,118,1.535
76,118,1.517
74,118,1.331
72,118,1.178
70,118,9.183
68,118,7.748
66,118,7.520
64,118,7.105
62,118,7.660
60,118,9.745
58,118,1.212
56,118,1.358
54,118,1.564
52,118,1.558
50,118,1.418
48,118,1.294
46,118,1.142
44,118,8.919
42,118,6.991
40,118,7.002
38,118,7.797
36,118,1.028
34,118,1.372
32,118,1.576
30,118,1.382
28,118,1.292
26,118,1.024
24,118,9.231
22,118,7.806
20,118,7.371
18,118,9.959
16,118,1.207
14,118,1.441
12,118,1.071
10,118,1.234
8,118,1.205
6,118,7.536
4,118,7.508
2,118,7.378
0,118,1.186
0,120,1.251
2,120,1.039
4,120,8.142
6,120,6.561
8,120,6.828
10,120,7.279
12,120,9.264
14,120,1.113
16,120,1.285
18,120,1.494
20,120,1.600
22,120,1.609
24,120,1.422
26,120,1.190
28,120,1.156
30,120,8.756
32,120,7.504
34,120,7.255
36,120,6.666
38,120,7.236
40,120,1.285
42,120,1.321
44,120,1.544
46,120,1.566
48,120,1.383
50,120,1.131
52,120,8.577
54,120,6.996
56,120,7.134
58,120,8.106
60,120,7.233
62,120,1.087
64,120,1.356
66,120,1.471
68,120,1.539
70,120,1.340
72,120,1.291
74,120,1.051
76,120,1.018
78,120,7.812
80,120,7.533
82,120,8.283
84,120,9.682
86,120,1.014
88,120,1.360
90,120,1.439
92,120,1.526
94,120,1.415
96,120,1.357
98,120,1.231
100,120,1.153
102,120,1.033
104,120,9.352
106,120,6.647
108,120,8.214
110,120,9.372
112,120,8.763
114,120,1.085
116,120,1.302
118,120,1.401
120,120,1.455
122,120,1.524
124,120,1.535
126,120,1.406
128,120,1.165
130,120,1.008
132,120,8.717
134,120,7.713
136,120,6.547
138,120,7.131
140,120,7.237
142,120,7.982
144,120,7.907
146,120,9.262
148,120,1.029
150,120,1.352
150,122,1.416
148,122,1.302
146,122,1.292
144,122,1.156
142,122,1.038
140,122,1.027
138,122,8.881
136,122,7.651
134,122,6.938
132,122,6.517
130,122,6.782
128,122,6.496
126,122,8.001
124,122,8.086
122,122,9.728
120,122,1.217
118,122,1.431
116,122,1.489
114,122,1.472
112,122,1.517
110,122,1.559
108,122,1.536
106,122,1.395
104,122,1.226
102,122,1.075
100,122,1.016
98,122,8.986
96,122,7.699
94,122,6.591
92,122,6.811
90,122,8.068
88,122,1.061
86,122,1.103
84,122,1.296
82,122,1.439
80,122,1.500
78,122,1.564
76,122,1.459
74,122,1.362
72,122,1.233
70,122,1.060
68,122,8.390
66,122,7.236
64,122,6.690
62,122,7.905
60,122,9.342
58,122,1.154
56,122,1.370
54,122,1.542
52,122,1.513
50,122,1.575
48,122,1.380
46,122,1.089
44,122,1.002
42,122,7.338
40,122,7.627
38,122,9.354
36,122,1.160
34,122,1.250
32,122,1.480
30,122,1.547
28,122,1.520
26,122,1.332
24,122,9.650
22,122,6.927
20,122,7.265
18,122,9.148
16,122,1.332
14,122,1.545
12,122,1.565
10,122,1.603
8,122,1.218
6,122,8.679
4,122,6.438
2,122,7.088
0,122,9.885
0,124,1.114
2,124,9.456
4,124,7.217
6,124,6.827
8,124,6.907
10,124,7.300
12,124,9.191
14,124,1.050
16,124,1.336
18,124,1.572
20,124,1.558
22,124,1.578
24,124,1.553
26,124,1.095
28,124,9.605
30,124,8.543
32,124,7.040
34,124,7.274
36,124,8.245
38,124,9.637
40,124,1.063
42,124,1.406
44,124,1.565
46,124,1.578
48,124,1.193
50,124,1.101
52,124,1.158
54,124,8.105
56,124,6.793
58,124,8.511
60,124,8.858
62,124,1.192
64,124,1.333
66,124,1.484
68,124,1.550
70,124,1.458
72,124,1.294
74,124,9.406
76,124,6.717
78,124,7.785
80,124,7.404
82,124,8.601
84,124,9.760
86,124,7.633
88,124,8.699
90,124,1.273
92,124,1.518
94,124,1.367
96,124,1.371
98,124,1.066
100,124,1.130
102,124,9.503
104,124,6.931
106,124,6.761
108,124,7.740
110,124,9.464
112,124,1.124
114,124,1.238
116,124,1.360
118,124,1.445
120,124,1.548
122,124,1.558
124,124,1.492
126,124,1.317
128,124,1.277
130,124,1.184
132,124,8.594
134,124,6.674
136,124,6.545
138,124,6.808
140,124,6.464
142,124,8.014
144,124,9.764
146,124,1.119
148,124,1.314
150,124,1.423
150,126,1.444
148,126,1.316
146,126,1.138
144,126,1.033
142,126,1.157
140,126,1.068
138,126,9.318
136,126,8.899
134,126,8.339
132,126,7.108
130,126,6.564
128,126,7.004
126,126,8.314
124,126,9.727
122,126,1.001
120,126,9.425
118,126,1.163
116,126,1.325
114,126,1.423
112,126,1.546
110,126,1.552
108,126,1.550
106,126,1.497
104,126,1.350
102,126,1.149
100,126,9.886
98,126,9.977
96,126,6.953
94,126,6.892
92,126,6.754
90,126,6.571
88,126,7.987
86,126,8.808
84,126,1.063
82,126,1.390
80,126,1.490
78,126,1.565
76,126,1.495
74,126,1.463
72,126,1.250
70,126,1.016
68,126,8.314
66,126,7.651
64,126,6.753
62,126,6.913
60,126,8.078
58,126,1.006
56,126,1.307
54,126,1.527
52,126,1.542
50,126,1.480
48,126,1.402
46,126,1.148
44,126,1.101
42,126,7.746
40,126,7.429
38,126,7.293
36,126,9.530
34,126,1.454
32,126,1.325
30,126,1.533
28,126,1.471
26,126,1.234
24,126,8.691
22,126,6.484
20,126,6.685
18,126,8.031
16,126,1.110
14,126,1.496
12,126,1.576
10,126,1.447
8,126,1.201
6,126,9.237
4,126,6.677
2,126,7.233
0,126,9.253
0,128,9.301
2,128,8.316
4,128,7.445
6,128,6.783
8,128,6.718
10,128,7.785
12,128,9.075
14,128,1.221
16,128,1.387
18,128,1.552
20,128,1.622
22,128,1.597
24,128,1.368
26,128,1.143
28,128,9.173
30,128,7.946
32,128,6.901
34,128,6.518
36,128,8.328
38,128,1.104
40,128,1.413
42,128,1.496
44,128,1.554
46,128,1.395
48,128,1.201
50,128,1.180
52,128,1.148
54,128,7.088
56,128,7.610
58,128,8.271
60,128,1.110
62,128,1.307
64,128,1.477
66,128,1.555
68,128,1.461
70,128,1.291
72,128,1.106
74,128,9.500
76,128,6.582
78,128,6.612
80,128,7.698
82,128,9.058
84,128,8.974
86,128,1.186
88,128,1.409
90,128,1.490
92,128,1.571
94,128,1.536
96,128,1.330
98,128,1.010
100,128,8.903
102,128,8.069
104,128,6.994
106,128,6.812
108,128,7.255
110,128,7.452
112,128,1.114
114,128,1.401
116,128,1.529
118,128,1.513
120,128,1.558
122,128,1.477
124,128,1.420
126,128,1.242
128,128,1.005
130,128,7.798
132,128,7.496
134,128,7.074
136,128,6.717
138,128,7.383
140,128,7.969
142,128,9.621
144,128,1.091
146,128,1.176
148,128,1.148
150,128,1.373
150,130,1.411
148,130,1.330
146,130,1.406
144,130,1.213
142,130,1.227
140,130,1.135
138,130,1.065
136,130,9.807
134,130,8.226
132,130,6.450
130,130,6.887
128,130,6.473
126,130,7.721
124,130,8.797
122,130,9.765
120,130,9.216
118,130,1.222
116,130,1.334
114,130,1.360
112,130,1.454
110,130,1.552
108,130,1.532
106,130,1.408
104,130,1.189
102,130,1.281
100,130,1.242
98,130,1.073
96,130,8.535
94,130,8.152
92,130,6.504
90,130,7.158
88,130,8.048
86,130,9.337
84,130,1.201
82,130,1.475
80,130,1.504
78,130,1.573
76,130,1.555
74,130,1.549
72,130,1.394
70,130,1.237
68,130,1.111
66,130,8.997
64,130,7.280
62,130,6.660
60,130,8.053
58,130,9.140
56,130,1.192
54,130,1.318
52,130,1.566
50,130,1.561
48,130,1.495
46,130,1.235
44,130,1.142
42,130,9.105
40,130,7.086
38,130,7.584
36,130,1.012
34,130,1.260
32,130,1.367
30,130,1.510
28,130,1.499
26,130,1.475
24,130,1.106
22,130,7.050
20,130,6.894
18,130,6.705
16,130,1.151
14,130,1.353
12,130,1.443
10,130,1.632
8,130,1.463
6,130,1.146
4,130,7.515
2,130,6.652
0,130,7.581
0,132,8.529
2,132,7.565
4,132,6.924
6,132,6.759
8,132,7.141
10,132,1.011
12,132,1.288
14,132,1.347
16,132,1.411
18,132,1.600
20,132,1.543
22,132,1.494
24,132,1.527
26,132,1.263
28,132,9.045
30,132,6.590
32,132,7.686
34,132,8.154
36,132,9.059
38,132,1.123
40,132,1.457
42,132,1.528
44,132,1.582
46,132,1.440
48,132,1.227
50,132,9.489
52,132,7.901
54,132,6.850
56,132,7.652
58,132,9.117
60,132,1.282
62,132,1.530
64,132,1.604
66,132,1.581
68,132,1.559
70,132,1.367
72,132,1.043
74,132,7.449
76,132,6.794
78,132,7.906
80,132,7.941
82,132,9.157
84,132,1.273
86,132,1.441
88,132,1.555
90,132,1.541
92,132,1.475
94,132,1.372
96,132,1.161
98,132,7.702
100,132,6.949
102,132,6.648
104,132,6.882
106,132,8.472
108,132,1.012
110,132,1.019
112,132,1.369
114,132,1.507
116,132,1.520
118,132,1.496
120,132,1.499
122,132,1.375
124,132,1.139
126,132,1.063
128,132,9.333
130,132,7.663
132,132,6.685
134,132,7.056
136,132,7.096
138,132,7.494
140,132,9.777
142,132,1.139
144,132,1.151
146,132,1.267
148,132,1.417
150,132,1.496
150,134,1.516
148,134,1.524
146,134,1.483
144,134,1.495
142,134,1.456
140,134,1.246
138,134,1.101
136,134,9.986
134,134,8.902
132,134,7.539
130,134,8.404
128,134,6.928
126,134,6.226
124,134,7.453
122,134,7.253
120,134,8.286
118,134,8.985
116,134,9.366
114,134,1.189
112,134,1.453
110,134,1.466
108,134,1.540
106,134,1.450
104,134,1.448
102,134,1.384
100,134,1.206
98,134,1.111
96,134,1.066
94,134,8.480
92,134,7.506
90,134,6.380
88,134,7.885
86,134,8.905
84,134,8.790
82,134,1.038
80,134,1.256
78,134,1.411
76,134,1.499
74,134,1.566
72,134,1.391
70,134,1.032
68,134,8.586
66,134,7.583
64,134,7.043
62,134,7.175
60,134,6.557
58,134,8.548
56,134,9.952
54,134,1.263
52,134,1.503
50,134,1.598
48,134,1.330
46,134,1.313
44,134,1.021
42,134,9.501
40,134,8.140
38,134,6.565
36,134,8.343
34,134,1.202
32,134,1.412
30,134,1.547
28,134,1.537
26,134,1.475
24,134,1.250
22,134,9.847
20,134,8.735
18,134,6.408
16,134,9.017
14,134,1.233
12,134,1.555
10,134,1.571
8,134,1.272
6,134,1.261
4,134,9.290
2,134,6.585
0,134,8.586
0,136,7.091
2,136,7.496
4,136,6.481
6,136,6.525
8,136,8.615
10,136,9.821
12,136,1.274
14,136,1.487
16,136,1.491
18,136,1.622
20,136,1.568
22,136,1.497
24,136,1.302
26,136,1.032
28,136,7.535
30,136,6.943
32,136,6.533
34,136,8.400
36,136,9.779
38,136,1.161
40,136,1.474
42,136,1.517
44,136,1.562
46,136,1.396
48,136,1.100
50,136,9.111
52,136,7.566
54,136,7.285
56,136,8.640
58,136,9.444
60,136,1.093
62,136,1.391
64,136,1.585
66,136,1.604
68,136,1.361
70,136,1.174
72,136,9.768
74,136,7.468
76,136,6.467
78,136,6.436
80,136,7.463
82,136,8.445
84,136,1.162
86,136,1.410
88,136,1.554
90,136,1.555
92,136,1.517
94,136,1.460
96,136,1.179
98,136,1.011
100,136,7.064
102,136,6.504
104,136,7.103
106,136,7.340
108,136,8.304
110,136,9.752
112,136,1.491
114,136,1.382
116,136,1.524
118,136,1.460
120,136,1.260
122,136,8.304
124,136,1.284
126,136,1.190
128,136,1.057
130,136,8.685
132,136,6.602
134,136,6.793
136,136,7.311
138,136,7.886
140,136,9.191
142,136,9.733
144,136,1.066
146,136,1.259
148,136,1.330
150,136,1.457
150,138,1.304
148,138,1.411
146,138,1.431
144,138,1.458
142,138,1.473
140,138,1.350
138,138,1.175
136,138,9.136
134,138,7.629
132,138,8.356
130,138,7.126
128,138,7.104
126,138,6.401
124,138,6.526
122,138,8.296
120,138,1.038
118,138,1.007
116,138,1.127
114,138,1.221
112,138,1.351
110,138,1.506
108,138,1.524
106,138,1.538
104,138,1.532
102,138,1.299
100,138,1.208
98,138,1.131
96,138,1.081
94,138,8.941
92,138,1.275
90,138,6.880
88,138,7.429
86,138,9.461
84,138,1.057
82,138,1.200
80,138,1.279
78,138,1.426
76,138,1.523
74,138,1.572
72,138,1.409
70,138,1.252
68,138,9.552
66,138,8.040
64,138,7.003
62,138,6.774
60,138,7.286
58,138,7.861
56,138,1.104
54,138,1.317
52,138,1.502
50,138,1.568
48,138,1.578
46,138,1.462
44,138,1.059
42,138,7.880
40,138,6.655
38,138,6.393
36,138,7.631
34,138,7.650
32,138,1.161
30,138,1.509
28,138,1.569
26,138,1.471
24,138,1.301
22,138,9.530
20,138,7.805
18,138,6.621
16,138,7.311
14,138,9.709
12,138,1.302
10,138,1.619
8,138,1.553
6,138,1.305
4,138,1.064
2,138,7.637
0,138,6.778
0,140,7.722
2,140,6.929
4,140,7.527
6,140,7.746
8,140,8.608
10,140,1.149
12,140,1.325
14,140,1.492
16,140,1.614
18,140,1.591
20,140,1.571
22,140,1.257
24,140,9.342
26,140,7.761
28,140,7.042
30,140,6.949
32,140,7.709
34,140,9.158
36,140,1.086
38,140,1.336
40,140,1.457
42,140,1.574
44,140,1.444
46,140,1.046
48,140,9.041
50,140,7.401
52,140,7.626
54,140,7.470
56,140,8.462
58,140,1.073
60,140,1.249
62,140,1.371
64,140,1.595
66,140,1.472
68,140,1.243
70,140,1.045
72,140,8.696
74,140,7.948
76,140,6.571
78,140,6.807
80,140,7.959
82,140,1.254
84,140,1.323
86,140,1.547
88,140,1.526
90,140,1.477
92,140,1.384
94,140,1.187
96,140,9.171
98,140,7.699
100,140,6.664
102,140,7.460
104,140,7.894
106,140,9.113
108,140,1.076
110,140,1.244
112,140,1.328
114,140,1.478
116,140,1.532
118,140,1.528
120,140,1.506
122,140,1.284
124,140,9.389
126,140,9.915
128,140,7.362
130,140,6.715
132,140,6.956
134,140,6.288
136,140,7.237
138,140,7.564
140,140,1.048
142,140,1.221
144,140,1.298
146,140,1.428
148,140,1.479
150,140,1.516
150,142,1.479
148,142,1.543
146,142,1.512
144,142,1.408
142,142,1.381
140,142,1.201
138,142,1.053
136,142,9.754
134,142,1.003
132,142,9.201
130,142,7.208
128,142,7.054
126,142,6.410
124,142,6.526
122,142,6.936
120,142,7.254
118,142,9.441
116,142,1.129
114,142,1.094
112,142,1.397
110,142,1.406
108,142,1.487
106,142,1.557
104,142,1.550
102,142,1.423
100,142,1.407
98,142,1.222
96,142,8.946
94,142,9.309
92,142,8.182
90,142,6.346
88,142,7.461
86,142,7.634
84,142,9.398
82,142,1.065
80,142,1.279
78,142,1.392
76,142,1.524
74,142,1.528
72,142,1.536
70,142,1.332
68,142,1.160
66,142,8.970
64,142,8.186
62,142,7.478
60,142,6.417
58,142,8.027
56,142,1.003
54,142,1.342
52,142,1.528
50,142,1.574
48,142,1.567
46,142,1.547
44,142,1.420
42,142,1.013
40,142,9.117
38,142,7.076
36,142,6.671
34,142,8.432
32,142,1.037
30,142,1.430
28,142,1.521
26,142,1.597
24,142,1.380
22,142,1.040
20,142,8.826
18,142,7.030
16,142,8.832
14,142,1.241
12,142,1.410
10,142,1.544
8,142,1.538
6,142,1.311
4,142,1.096
2,142,7.402
0,142,6.612
0,144,7.310
2,144,6.797
4,144,7.254
6,144,7.186
8,144,8.762
10,144,1.150
12,144,1.401
14,144,1.553
16,144,1.579
18,144,1.593
20,144,1.523
22,144,1.353
24,144,1.142
26,144,8.269
28,144,6.544
30,144,7.643
32,144,7.779
34,144,1.030
36,144,1.296
38,144,1.492
40,144,1.530
42,144,1.538
44,144,1.415
46,144,1.358
48,144,1.072
50,144,7.938
52,144,6.693
54,144,8.184
56,144,9.600
58,144,1.165
60,144,1.421
62,144,1.550
64,144,1.591
66,144,1.512
68,144,1.234
70,144,1.122
72,144,9.468
74,144,7.084
76,144,6.500
78,144,6.930
80,144,7.848
82,144,1.251
84,144,1.480
86,144,1.579
88,144,1.564
90,144,1.510
92,144,1.325
94,144,1.219
96,144,8.586
98,144,7.414
100,144,6.467
102,144,7.110
104,144,7.681
106,144,9.510
108,144,1.114
110,144,1.176
112,144,1.318
114,144,1.511
116,144,1.480
118,144,1.548
120,144,1.478
122,144,1.214
124,144,9.437
126,144,8.693
128,144,7.224
130,144,6.570
132,144,6.790
134,144,6.411
136,144,7.658
138,144,9.171
140,144,1.095
142,144,1.157
144,144,1.277
146,144,1.401
148,144,1.511
150,144,1.547
150,146,1.528
148,146,1.549
146,146,1.543
144,146,1.522
142,146,1.435
140,146,1.460
138,146,1.258
136,146,1.253
134,146,1.073
132,146,9.550
130,146,8.904
128,146,8.109
126,146,6.732
124,146,6.482
122,146,6.719
120,146,6.827
118,146,7.655
116,146,9.841
114,146,1.118
112,146,1.329
110,146,1.352
108,146,1.436
106,146,1.510
104,146,1.557
102,146,1.544
100,146,1.406
98,146,1.380
96,146,1.265
94,146,9.193
92,146,6.712
90,146,7.016
88,146,6.756
86,146,7.399
84,146,7.544
82,146,8.370
80,146,1.030
78,146,1.100
76,146,1.065
74,146,1.270
72,146,1.311
70,146,1.265
68,146,1.142
66,146,1.054
64,146,8.024
62,146,6.894
60,146,6.426
58,146,7.328
56,146,1.066
54,146,1.267
52,146,1.318
50,146,1.487
48,146,1.297
46,146,7.287
44,146,1.100
42,146,1.586
40,146,1.101
38,146,7.577
36,146,6.945
34,146,8.040
32,146,1.154
30,146,1.361
28,146,1.521
26,146,1.503
24,146,1.542
22,146,1.349
20,146,8.286
18,146,6.502
16,146,7.475
14,146,1.084
12,146,1.363
10,146,1.548
8,146,1.628
6,146,1.450
4,146,1.067
2,146,7.607
0,146,6.910
0,148,7.031
2,148,6.499
4,148,7.413
6,148,8.008
8,148,9.867
10,148,1.294
12,148,1.458
14,148,1.603
16,148,1.575
18,148,1.568
20,148,1.418
22,148,1.061
24,148,9.262
26,148,8.189
28,148,6.710
30,148,7.238
32,148,8.915
34,148,1.058
36,148,1.445
38,148,1.518
40,148,1.521
42,148,1.523
44,148,1.408
46,148,1.184
48,148,9.924
50,148,7.687
52,148,6.820
54,148,8.894
56,148,1.142
58,148,1.399
60,148,1.438
62,148,1.561
64,148,1.529
66,148,1.350
68,148,1.324
70,148,1.088
72,148,8.206
74,148,6.844
76,148,6.734
78,148,8.102
80,148,1.042
82,148,1.322
84,148,1.411
86,148,1.530
88,148,1.487
90,148,1.512
92,148,1.249
94,148,1.003
96,148,9.233
98,148,7.731
100,148,6.536
102,148,7.086
104,148,7.609
106,148,9.321
108,148,1.077
110,148,1.304
112,148,1.441
114,148,1.431
116,148,1.562
118,148,1.490
120,148,1.299
122,148,1.089
124,148,9.566
126,148,7.905
128,148,7.968
130,148,6.735
132,148,6.386
134,148,6.752
136,148,8.482
138,148,1.040
140,148,1.058
142,148,1.349
144,148,1.442
146,148,1.511
148,148,1.550
150,148,1.502
150,150,1.499
148,150,1.543
146,150,1.528
144,150,1.544
142,150,1.493
140,150,1.457
138,150,1.406
136,150,1.286
134,150,1.051
132,150,9.514
130,150,8.950
128,150,7.464
126,150,7.173
124,150,6.633
122,150,6.410
120,150,6.526
118,150,8.251
116,150,9.997
114,150,1.003
112,150,1.105
110,150,1.389
108,150,1.445
106,150,1.482
104,150,1.567
102,150,1.505
100,150,1.314
98,150,1.309
96,150,1.185
94,150,1.093
92,150,1.086
90,150,8.214
88,150,6.831
86,150,6.691
84,150,6.248
82,150,7.223
80,150,8.834
78,150,1.309
76,150,1.461
74,150,1.564
72,150,1.516
70,150,1.440
68,150,1.259
66,150,1.265
64,150,1.135
62,150,8.576
60,150,6.779
58,150,6.266
56,150,7.381
54,150,9.388
52,150,1.242
50,150,1.457
48,150,1.565
46,150,1.581
44,150,1.233
42,150,1.118
40,150,1.004
38,150,8.153
36,150,6.409
34,150,7.267
32,150,1.050
30,150,1.342
28,150,1.497
26,150,1.590
24,150,1.573
22,150,1.196
20,150,8.431
18,150,6.972
16,150,7.192
14,150,8.163
12,150,9.923
10,150,1.445
8,150,1.623
6,150,1.472
4,150,1.216
2,150,8.105
0,150,6.683
